46 1 241 1394 66 196 233 -1 -1
46 1 242 1398 70 192 223 -1 -1
46 1 243 1402 73 188 216 -1 -1
46 1 244 1404 73 186 210 -1 -1
46 1 245 1407 72 182 207 -1 -1
46 1 246 1412 75 175 198 -1 -1
46 1 247 1414 76 176 194 -1 -1
46 1 248 1417 76 173 189 -1 -1
46 1 249 1422 75 166 185 -1 -1
46 1 250 1425 77 163 178 -1 -1
46 1 251 1429 74 160 176 -1 -1
46 1 252 1430 65 159 184 -1 -1
46 1 253 1432 56 156 190 -1 -1
46 2 353 1328 38 288 388 -1 -1
46 2 354 1347 35 267 392 -1 -1
46 2 355 1345 29 271 383 -1 -1
46 2 356 1351 26 264 368 -1 -1
46 2 357 1358 37 255 344 -1 -1
46 2 358 1364 30 250 332 -1 -1
46 2 359 1373 34 238 317 -1 -1
46 2 360 1382 32 226 311 -1 -1
46 2 361 1387 33 223 300 -1 -1
46 2 362 1396 34 213 289 -1 -1
46 2 363 1403 38 208 279 -1 -1
46 2 364 1411 34 197 276 -1 -1
46 2 367 1418 34 191 262 -1 -1
46 2 368 1423 35 186 253 -1 -1
46 2 423 1524 25 85 110 -1 -1
46 3 423 1022 293 306 209 -1 -1
46 2 424 1526 26 84 108 -1 -1
46 3 424 1047 285 290 199 -1 -1
46 2 425 1527 26 83 107 -1 -1
46 3 425 1068 276 275 191 -1 -1
46 2 426 1525 25 86 105 -1 -1
46 3 426 1086 272 265 177 -1 -1
46 2 427 1525 24 85 105 -1 -1
46 3 427 1103 259 254 179 -1 -1
46 2 428 1526 23 85 105 -1 -1
46 3 428 1119 251 245 178 -1 -1
46 2 429 1527 23 85 102 -1 -1
46 3 429 1135 240 237 175 -1 -1
46 2 430 1527 23 85 100 -1 -1
46 3 430 1149 239 228 163 -1 -1
46 3 432 1175 221 211 160 -1 -1
46 2 432 1528 23 84 100 -1 -1
46 3 433 1188 215 205 155 -1 -1
46 2 433 1530 22 81 98 -1 -1
46 3 434 1200 210 198 153 -1 -1
46 2 434 1532 22 81 97 -1 -1
46 3 435 1210 203 192 147 -1 -1
46 2 435 1532 22 81 95 -1 -1
46 3 436 1219 197 186 147 -1 -1
46 2 436 1533 21 79 96 -1 -1
46 3 437 1227 193 182 142 -1 -1
46 2 437 1533 22 81 95 -1 -1
46 3 438 1238 191 178 136 -1 -1
46 2 438 1535 22 79 95 -1 -1
46 3 439 1248 184 171 137 -1 -1
46 2 439 1536 21 78 95 -1 -1
46 3 440 1256 180 166 136 -1 -1
46 2 440 1536 20 78 95 -1 -1
46 3 441 1263 177 163 130 -1 -1
46 2 441 1535 17 79 98 -1 -1
46 3 442 1269 172 159 128 -1 -1
46 2 442 1537 19 77 94 -1 -1
46 3 443 1277 173 156 120 -1 -1
46 2 443 1538 19 76 92 -1 -1
46 3 444 1285 164 152 124 -1 -1
46 2 444 1539 18 76 94 -1 -1
46 3 445 1290 164 149 117 -1 -1
46 2 445 1539 18 76 92 -1 -1
46 3 446 1295 157 146 117 -1 -1
46 2 446 1539 19 75 92 -1 -1
46 3 447 1301 158 143 110 -1 -1
46 2 447 1540 19 75 91 -1 -1
46 3 448 1306 154 143 109 -1 -1
46 2 448 1543 21 74 87 -1 -1
46 3 449 1314 154 139 103 -1 -1
46 2 449 1544 21 73 89 -1 -1
46 3 450 1320 150 134 103 -1 -1
46 2 450 1544 19 72 89 -1 -1
46 3 451 1325 145 131 106 -1 -1
46 2 451 1544 18 72 89 -1 -1
46 3 452 1329 140 130 107 -1 -1
46 2 452 1544 16 71 91 -1 -1
46 3 453 1335 138 126 104 -1 -1
46 2 453 1545 14 72 92 -1 -1
46 3 454 1340 139 124 98 -1 -1
46 2 454 1547 15 71 91 -1 -1
46 3 455 1345 138 121 94 -1 -1
46 2 455 1548 15 69 90 -1 -1
46 3 456 1348 135 119 94 -1 -1
46 3 457 1351 134 118 91 -1 -1
46 3 458 1357 129 115 94 -1 -1
46 3 459 1362 126 113 93 -1 -1
46 3 460 1365 129 112 85 -1 -1
46 3 461 1368 127 110 84 -1 -1
46 3 462 1371 125 108 83 -1 -1
46 3 463 1375 122 107 83 -1 -1
46 3 464 1381 123 103 80 -1 -1
46 3 465 1384 119 101 80 -1 -1
46 3 466 1385 115 101 82 -1 -1
46 3 467 1387 112 99 82 -1 -1
46 3 468 1392 113 97 78 -1 -1
46 3 469 1396 108 96 83 -1 -1
46 3 470 1398 108 95 80 -1 -1
46 3 471 1400 107 94 78 -1 -1
46 3 472 1403 105 91 78 -1 -1
46 3 473 1405 106 91 74 -1 -1
46 3 474 1409 104 91 73 -1 -1
46 3 475 1413 101 87 73 -1 -1
46 4 480 1072 250 277 219 -1 -1
46 4 481 1090 244 262 207 -1 -1
46 4 482 1110 230 248 207 -1 -1
46 4 483 1128 229 237 194 -1 -1
46 4 484 1144 225 228 184 -1 -1
46 4 485 1157 222 220 176 -1 -1
46 4 486 1169 218 214 167 -1 -1
46 4 487 1176 206 212 168 -1 -1
46 4 488 1190 200 204 165 -1 -1
46 4 489 1202 195 198 160 -1 -1
46 4 490 1214 193 189 152 -1 -1
41 3 523 953 339 333 273 -1 -1
46 4 523 1396 111 94 78 -1 -1
41 3 524 976 328 319 254 -1 -1
46 4 524 1400 109 93 77 -1 -1
41 3 525 998 317 303 239 -1 -1
46 4 525 1403 107 91 78 -1 -1
41 3 526 1018 306 288 231 -1 -1
46 4 526 1406 105 88 78 -1 -1
41 3 527 1035 297 278 220 -1 -1
46 4 527 1408 104 87 75 -1 -1
41 3 528 1054 288 263 215 -1 -1
46 4 528 1411 104 86 74 -1 -1
41 3 529 1071 278 252 207 -1 -1
41 3 530 1085 270 244 201 -1 -1
46 4 530 1417 100 85 73 -1 -1
41 3 531 1098 262 236 192 -1 -1
41 3 532 1111 255 227 188 -1 -1
41 3 533 1120 248 222 182 -1 -1
41 3 534 1132 242 214 175 -1 -1
41 3 535 1143 234 207 173 -1 -1
41 3 536 1153 228 202 169 -1 -1
41 3 537 1163 222 198 163 -1 -1
41 3 538 1172 214 189 162 -1 -1
41 3 539 1181 211 184 156 -1 -1
41 3 540 1190 206 179 153 -1 -1
41 3 541 1198 200 173 150 -1 -1
41 3 542 1205 195 169 149 -1 -1
41 3 543 1212 192 166 142 -1 -1
41 3 544 1218 187 162 140 -1 -1
42 3 609 1010 194 277 220 -1 -1
45 5 609 1240 248 172 149 -1 -1
42 3 610 1030 196 263 199 -1 -1
45 5 610 1250 249 165 138 -1 -1
42 3 611 1047 180 252 203 -1 -1
45 5 611 1258 251 162 121 -1 -1
42 3 612 1062 176 244 191 -1 -1
45 5 612 1267 247 158 120 -1 -1
42 3 613 1077 170 237 185 -1 -1
45 5 613 1275 242 152 118 -1 -1
42 3 614 1093 168 226 177 -1 -1
45 5 614 1281 237 150 116 -1 -1
42 3 615 1105 163 218 171 -1 -1
45 5 615 1289 231 146 118 -1 -1
42 3 616 1117 158 212 165 -1 -1
45 5 616 1296 217 142 126 -1 -1
42 3 617 1126 150 208 164 -1 -1
45 5 617 1303 214 137 122 -1 -1
42 3 618 1137 147 202 159 -1 -1
45 5 618 1305 215 139 115 -1 -1
42 3 619 1150 141 194 156 -1 -1
45 5 619 1309 214 138 110 -1 -1
42 3 620 1159 134 189 154 -1 -1
45 5 620 1319 213 130 105 -1 -1
42 3 621 1168 131 182 149 -1 -1
45 5 621 1322 211 129 101 -1 -1
42 3 622 1178 127 177 144 -1 -1
42 3 623 1186 123 175 140 -1 -1
42 3 624 1194 120 171 137 -1 -1
42 3 625 1201 119 166 130 -1 -1
42 3 626 1209 115 162 128 -1 -1
41 6 715 1206 208 156 127 -1 -1
46 5 715 1430 168 146 124 -1 -1
41 6 716 1213 201 154 124 -1 -1
46 5 716 1433 164 145 121 -1 -1
41 6 717 1221 197 150 122 -1 -1
46 5 717 1436 159 143 118 -1 -1
41 6 718 1228 193 146 120 -1 -1
41 7 718 1157 323 345 338 -1 -1
46 5 718 1439 156 140 116 -1 -1
41 6 719 1232 189 144 117 -1 -1
41 7 719 1174 308 326 324 -1 -1
46 5 719 1442 152 137 113 -1 -1
41 6 720 1240 186 140 113 -1 -1
41 7 720 1192 300 307 298 -1 -1
46 5 720 1448 142 130 118 -1 -1
41 6 721 1246 182 137 111 -1 -1
41 7 721 1207 290 295 284 -1 -1
46 5 721 1452 139 130 114 -1 -1
41 6 722 1253 178 134 108 -1 -1
41 7 722 1224 275 279 279 -1 -1
41 8 722 665 465 470 348 -1 -1
46 5 722 1458 139 123 107 -1 -1
41 6 723 1259 174 130 108 -1 -1
41 7 723 1236 270 266 257 -1 -1
41 8 723 712 444 436 324 -1 -1
46 5 723 1461 139 121 101 -1 -1
41 6 724 1264 171 127 107 -1 -1
41 7 724 1242 259 263 250 -1 -1
41 8 724 755 426 411 303 -1 -1
46 5 724 1463 137 117 98 -1 -1
41 6 725 1268 169 125 101 -1 -1
41 7 725 1252 251 253 234 -1 -1
41 8 725 793 411 390 279 -1 -1
46 5 725 1466 135 116 95 -1 -1
41 6 726 1272 165 124 101 -1 -1
41 7 726 1262 245 243 221 -1 -1
41 8 726 829 393 366 265 -1 -1
46 5 726 1468 132 116 94 -1 -1
41 6 727 1278 163 121 98 -1 -1
41 7 727 1272 237 233 212 -1 -1
41 8 727 860 380 347 250 -1 -1
46 5 727 1467 126 119 96 -1 -1
46 9 727 1002 240 304 291 -1 -1
41 6 728 1282 159 121 97 -1 -1
41 7 728 1281 229 225 206 -1 -1
41 8 728 888 365 332 236 -1 -1
46 5 728 1469 124 117 94 -1 -1
46 9 728 1025 241 288 274 -1 -1
41 6 729 1287 158 117 94 -1 -1
41 7 729 1290 220 218 201 -1 -1
41 8 729 916 350 311 227 -1 -1
46 5 729 1475 122 110 91 -1 -1
46 9 729 1042 248 279 237 -1 -1
41 6 730 1293 153 113 95 -1 -1
41 7 730 1296 215 211 196 -1 -1
41 8 730 939 339 297 216 -1 -1
46 5 730 1479 119 107 91 -1 -1
46 9 730 1066 254 262 214 -1 -1
41 6 731 1297 151 109 92 -1 -1
41 7 731 1303 210 204 191 -1 -1
41 8 731 962 328 282 205 -1 -1
46 5 731 1483 119 101 85 -1 -1
46 9 731 1081 239 256 217 -1 -1
41 6 732 1299 148 109 90 -1 -1
41 7 732 1309 203 199 190 -1 -1
41 8 732 982 317 271 197 -1 -1
46 5 732 1486 119 99 82 -1 -1
46 9 732 1097 243 249 198 -1 -1
41 6 733 1303 145 109 89 -1 -1
41 7 733 1315 198 195 184 -1 -1
41 8 733 1003 306 257 191 -1 -1
46 5 733 1487 116 98 82 -1 -1
46 9 733 1112 228 239 199 -1 -1
41 7 734 1320 194 189 176 -1 -1
41 8 734 1021 297 250 182 -1 -1
46 5 734 1490 113 95 81 -1 -1
46 9 734 1131 212 227 203 -1 -1
41 7 735 1327 189 183 167 -1 -1
41 8 735 1037 288 239 176 -1 -1
46 5 735 1490 114 96 76 -1 -1
46 9 735 1143 210 220 197 -1 -1
41 7 736 1332 185 178 157 -1 -1
41 8 736 1053 280 231 171 -1 -1
46 5 736 1493 111 94 76 -1 -1
46 9 736 1157 223 211 165 -1 -1
41 7 737 1337 181 173 151 -1 -1
41 8 737 1068 272 221 165 -1 -1
46 5 737 1495 107 92 78 -1 -1
46 9 737 1171 218 204 162 -1 -1
41 7 738 1341 175 171 147 -1 -1
41 8 738 1082 265 214 159 -1 -1
46 5 738 1495 104 94 79 -1 -1
46 9 738 1184 212 195 156 -1 -1
41 7 739 1343 168 171 148 -1 -1
41 8 739 1096 258 208 153 -1 -1
46 5 739 1495 103 94 76 -1 -1
46 9 739 1193 206 191 156 -1 -1
41 7 740 1348 166 166 143 -1 -1
41 8 740 1108 250 202 150 -1 -1
46 5 740 1497 103 91 75 -1 -1
46 9 740 1204 203 185 147 -1 -1
41 7 741 1351 164 164 138 -1 -1
41 8 741 1120 244 195 146 -1 -1
46 5 741 1503 102 85 72 -1 -1
46 9 741 1215 201 178 140 -1 -1
41 7 742 1355 161 159 135 -1 -1
41 8 742 1131 240 189 137 -1 -1
46 9 742 1224 195 175 137 -1 -1
41 7 743 1360 158 153 130 -1 -1
41 8 743 1142 232 182 137 -1 -1
46 5 743 1505 96 85 75 -1 -1
46 9 743 1234 189 169 137 -1 -1
41 7 744 1361 155 154 127 -1 -1
41 8 744 1152 228 179 129 -1 -1
46 9 744 1242 189 163 129 -1 -1
41 7 745 1366 152 149 123 -1 -1
41 8 745 1162 224 173 124 -1 -1
43 6 745 921 259 283 224 -1 -1
46 9 745 1252 184 157 127 -1 -1
41 7 746 1371 150 145 117 -1 -1
41 8 746 1171 218 168 121 -1 -1
43 6 746 938 253 273 212 -1 -1
46 9 746 1260 180 154 125 -1 -1
41 7 747 1375 147 141 117 -1 -1
41 8 747 1181 213 162 118 -1 -1
43 6 747 956 251 264 195 -1 -1
46 9 747 1267 170 150 131 -1 -1
41 7 748 1377 144 139 115 -1 -1
41 8 748 1188 210 159 114 -1 -1
43 6 748 975 244 249 191 -1 -1
46 9 748 1273 170 150 123 -1 -1
41 7 749 1378 139 138 120 -1 -1
41 8 749 1196 204 155 114 -1 -1
43 6 749 989 237 242 185 -1 -1
46 9 749 1279 168 146 120 -1 -1
41 7 750 1383 135 133 121 -1 -1
41 8 750 1203 200 153 111 -1 -1
43 6 750 1003 234 233 174 -1 -1
46 9 750 1286 168 142 113 -1 -1
41 7 751 1387 133 130 120 -1 -1
41 8 751 1212 196 147 108 -1 -1
43 6 751 1018 227 226 177 -1 -1
46 9 751 1293 164 139 110 -1 -1
41 7 752 1391 131 127 116 -1 -1
41 8 752 1218 192 144 105 -1 -1
43 6 752 1032 222 218 171 -1 -1
46 9 752 1300 158 134 112 -1 -1
41 7 753 1394 130 123 111 -1 -1
41 8 753 1224 189 142 102 -1 -1
43 6 753 1041 213 214 172 -1 -1
46 9 753 1306 155 131 110 -1 -1
41 7 754 1395 128 122 108 -1 -1
41 8 754 1231 185 137 101 -1 -1
43 6 754 1055 216 204 157 -1 -1
46 9 754 1312 154 128 105 -1 -1
41 7 755 1397 126 121 103 -1 -1
41 8 755 1236 182 136 98 -1 -1
43 6 755 1065 209 198 155 -1 -1
46 9 755 1315 151 128 104 -1 -1
41 7 756 1400 124 118 102 -1 -1
41 8 756 1243 178 133 97 -1 -1
43 6 756 1076 208 195 146 -1 -1
46 9 756 1321 140 124 112 -1 -1
41 7 757 1402 122 117 102 -1 -1
41 8 757 1249 175 130 94 -1 -1
43 6 757 1084 197 192 149 -1 -1
46 9 757 1327 142 122 105 -1 -1
41 7 758 1405 120 115 101 -1 -1
41 8 758 1255 172 127 92 -1 -1
41 10 758 872 319 377 303 -1 -1
43 6 758 1094 191 185 148 -1 -1
46 9 758 1332 137 120 107 -1 -1
41 7 759 1410 120 106 88 -1 -1
41 8 759 1259 168 127 91 -1 -1
41 10 759 901 303 357 287 -1 -1
43 6 759 1104 188 179 146 -1 -1
46 9 759 1336 138 119 102 -1 -1
41 7 760 1411 117 108 90 -1 -1
41 8 760 1266 166 121 88 -1 -1
41 10 760 928 294 339 274 -1 -1
43 6 760 1114 185 172 139 -1 -1
46 9 760 1341 139 116 95 -1 -1
41 7 761 1414 115 105 92 -1 -1
41 8 761 1269 161 121 89 -1 -1
41 10 761 951 282 326 265 -1 -1
43 6 761 1121 182 170 136 -1 -1
46 9 761 1345 126 114 108 -1 -1
41 7 762 1416 113 104 88 -1 -1
41 8 762 1274 160 118 85 -1 -1
41 10 762 976 272 307 252 -1 -1
43 6 762 1130 179 166 131 -1 -1
46 9 762 1349 130 112 99 -1 -1
41 7 763 1417 112 103 88 -1 -1
41 8 763 1280 156 115 86 -1 -1
41 10 763 996 261 295 246 -1 -1
43 6 763 1136 178 163 127 -1 -1
46 9 763 1353 129 111 96 -1 -1
41 7 764 1418 110 104 89 -1 -1
41 8 764 1285 155 114 82 -1 -1
41 10 764 1016 248 282 251 -1 -1
43 6 764 1143 170 158 131 -1 -1
46 9 764 1358 132 107 89 -1 -1
41 7 765 1419 107 104 90 -1 -1
41 8 765 1288 152 113 82 -1 -1
41 10 765 1035 241 271 247 -1 -1
43 6 765 1151 166 154 128 -1 -1
46 9 765 1361 128 105 89 -1 -1
41 7 766 1420 106 102 89 -1 -1
41 8 766 1291 148 110 82 -1 -1
41 10 766 1049 233 262 248 -1 -1
43 6 766 1158 164 152 124 -1 -1
46 9 766 1367 128 101 85 -1 -1
41 7 767 1421 105 101 87 -1 -1
41 8 767 1296 147 107 78 -1 -1
41 10 767 1066 230 251 228 -1 -1
43 6 767 1165 162 149 121 -1 -1
46 9 767 1370 127 101 82 -1 -1
41 7 768 1423 104 100 84 -1 -1
41 8 768 1301 146 104 76 -1 -1
41 10 768 1080 225 241 216 -1 -1
43 6 768 1170 160 144 117 -1 -1
46 9 768 1374 126 98 82 -1 -1
41 7 769 1424 102 101 85 -1 -1
41 8 769 1304 144 105 75 -1 -1
41 10 769 1093 219 236 201 -1 -1
43 6 769 1176 157 143 117 -1 -1
46 9 769 1377 124 99 82 -1 -1
41 7 770 1427 102 98 82 -1 -1
41 8 770 1307 141 104 75 -1 -1
41 10 770 1106 215 227 194 -1 -1
43 6 770 1182 153 140 118 -1 -1
46 9 770 1379 121 98 82 -1 -1
41 7 771 1430 100 95 78 -1 -1
41 8 771 1311 139 102 73 -1 -1
41 10 771 1118 206 220 193 -1 -1
43 6 771 1188 154 137 110 -1 -1
46 9 771 1383 120 95 79 -1 -1
41 7 772 1431 98 94 79 -1 -1
41 8 772 1313 137 101 72 -1 -1
41 10 772 1129 205 213 184 -1 -1
43 6 772 1193 151 134 109 -1 -1
46 9 772 1387 117 94 79 -1 -1
41 7 773 1432 96 92 78 -1 -1
41 8 773 1317 135 98 73 -1 -1
41 10 773 1139 200 207 175 -1 -1
46 9 773 1389 111 93 82 -1 -1
41 7 774 1435 96 90 75 -1 -1
41 8 774 1320 134 98 73 -1 -1
41 10 774 1151 193 201 174 -1 -1
46 9 774 1391 111 92 81 -1 -1
41 7 775 1438 95 88 72 -1 -1
41 8 775 1324 131 97 73 -1 -1
41 10 775 1162 189 194 172 -1 -1
46 9 775 1394 111 91 78 -1 -1
41 7 776 1439 93 88 73 -1 -1
41 8 776 1329 129 94 71 -1 -1
41 10 776 1171 185 189 166 -1 -1
46 9 776 1397 111 89 77 -1 -1
41 7 777 1440 92 86 72 -1 -1
41 8 777 1330 128 92 70 -1 -1
41 10 777 1179 182 184 162 -1 -1
46 9 777 1401 111 89 74 -1 -1
41 7 778 1439 91 88 72 -1 -1
41 8 778 1332 125 92 72 -1 -1
41 10 778 1185 179 182 156 -1 -1
46 9 778 1404 110 88 72 -1 -1
41 10 779 1195 179 175 149 -1 -1
46 9 779 1404 106 89 75 -1 -1
41 10 780 1202 174 170 147 -1 -1
46 9 780 1408 104 84 75 -1 -1
41 10 781 1210 171 167 144 -1 -1
41 10 782 1217 164 163 146 -1 -1
41 10 783 1224 160 158 144 -1 -1
42 6 783 1130 165 200 145 -1 -1
41 10 784 1229 156 156 141 -1 -1
42 6 784 1142 159 192 139 -1 -1
41 10 785 1235 153 153 140 -1 -1
42 6 785 1153 154 185 137 -1 -1
41 10 786 1243 151 149 136 -1 -1
42 6 786 1162 149 182 133 -1 -1
41 10 787 1249 147 145 134 -1 -1
42 6 787 1174 142 174 131 -1 -1
41 10 788 1254 146 142 130 -1 -1
42 6 788 1186 135 165 131 -1 -1
41 10 789 1259 145 138 125 -1 -1
42 6 789 1193 133 163 124 -1 -1
41 10 790 1263 142 138 124 -1 -1
42 6 790 1202 130 160 120 -1 -1
41 10 791 1268 138 134 122 -1 -1
42 6 791 1209 125 156 117 -1 -1
41 10 792 1273 133 133 125 -1 -1
42 6 792 1217 123 152 113 -1 -1
41 10 793 1279 134 129 120 -1 -1
42 6 793 1224 120 149 110 -1 -1
41 10 794 1283 132 127 117 -1 -1
42 6 794 1233 115 143 110 -1 -1
41 10 795 1286 131 124 114 -1 -1
42 6 795 1241 110 140 109 -1 -1
41 10 796 1292 126 119 116 -1 -1
42 6 796 1247 107 137 108 -1 -1
42 11 796 1119 213 280 271 -1 -1
41 10 797 1296 123 117 115 -1 -1
42 6 797 1251 106 135 102 -1 -1
42 11 797 1133 205 267 257 -1 -1
41 10 798 1302 122 114 113 -1 -1
42 6 798 1257 103 131 100 -1 -1
42 11 798 1147 196 252 240 -1 -1
41 10 799 1306 120 112 112 -1 -1
42 6 799 1264 101 128 97 -1 -1
42 11 799 1160 188 242 229 -1 -1
41 10 800 1308 118 112 110 -1 -1
42 6 800 1270 99 126 95 -1 -1
42 11 800 1172 178 229 228 -1 -1
41 10 801 1312 115 110 111 -1 -1
42 6 801 1276 95 121 95 -1 -1
42 11 801 1183 171 218 213 -1 -1
41 10 802 1316 118 107 103 -1 -1
42 6 802 1280 94 119 91 -1 -1
42 11 802 1192 166 211 201 -1 -1
41 10 803 1318 115 107 105 -1 -1
42 11 803 1201 160 202 198 -1 -1
41 10 804 1321 106 105 111 -1 -1
42 11 804 1208 153 201 193 -1 -1
42 12 804 674 348 458 316 -1 -1
41 10 805 1326 101 101 114 -1 -1
42 11 805 1216 148 203 185 -1 -1
42 12 805 716 332 428 294 -1 -1
41 10 806 1329 107 98 104 -1 -1
42 11 806 1222 142 199 179 -1 -1
42 12 806 757 318 403 276 -1 -1
41 10 807 1330 109 99 99 -1 -1
42 11 807 1230 137 190 175 -1 -1
42 12 807 793 303 377 263 -1 -1
41 10 808 1335 107 96 97 -1 -1
42 11 808 1238 133 181 166 -1 -1
42 12 808 826 289 353 246 -1 -1
41 10 809 1337 113 95 88 -1 -1
42 11 809 1244 127 178 163 -1 -1
42 12 809 854 275 343 234 -1 -1
41 10 810 1339 108 95 91 -1 -1
42 11 810 1251 123 172 156 -1 -1
42 12 810 886 265 319 220 -1 -1
41 10 811 1342 102 92 94 -1 -1
42 11 811 1257 118 166 153 -1 -1
42 12 811 910 255 308 210 -1 -1
41 10 812 1344 100 91 92 -1 -1
42 11 812 1260 115 163 147 -1 -1
42 12 812 932 243 295 201 -1 -1
41 10 813 1347 99 91 92 -1 -1
42 11 813 1266 112 158 146 -1 -1
42 12 813 953 235 284 191 -1 -1
41 10 814 1349 98 89 91 -1 -1
42 11 814 1272 109 153 140 -1 -1
42 12 814 974 225 271 185 -1 -1
41 10 815 1352 96 88 91 -1 -1
42 11 815 1276 104 149 140 -1 -1
42 12 815 994 217 262 178 -1 -1
41 10 816 1355 96 86 89 -1 -1
42 11 816 1279 100 147 137 -1 -1
42 12 816 1011 210 249 169 -1 -1
41 10 817 1356 96 86 88 -1 -1
42 11 817 1283 98 144 130 -1 -1
42 12 817 1027 203 242 162 -1 -1
41 10 818 1358 94 86 88 -1 -1
42 11 818 1289 95 140 128 -1 -1
42 12 818 1042 196 233 157 -1 -1
41 10 819 1360 93 85 87 -1 -1
42 11 819 1293 93 137 124 -1 -1
42 12 819 1058 190 226 150 -1 -1
41 10 820 1363 93 82 84 -1 -1
42 11 820 1296 91 136 121 -1 -1
42 12 820 1072 183 216 144 -1 -1
41 10 821 1365 91 83 85 -1 -1
42 11 821 1299 87 133 120 -1 -1
42 12 821 1085 177 210 142 -1 -1
41 10 822 1367 88 81 85 -1 -1
42 11 822 1302 84 134 118 -1 -1
42 12 822 1099 171 200 137 -1 -1
41 10 823 1369 87 81 85 -1 -1
42 11 823 1305 83 133 114 -1 -1
42 12 823 1109 166 195 134 -1 -1
41 10 824 1370 87 79 81 -1 -1
42 11 824 1307 80 143 112 -1 -1
42 12 824 1122 160 189 133 -1 -1
41 10 825 1372 88 78 80 -1 -1
42 11 825 1312 77 131 111 -1 -1
42 12 825 1132 154 185 131 -1 -1
42 11 826 1317 75 117 108 -1 -1
42 12 826 1142 150 181 126 -1 -1
42 11 827 1319 73 119 105 -1 -1
42 12 827 1152 144 173 124 -1 -1
42 11 828 1321 71 123 104 -1 -1
42 12 828 1161 141 172 118 -1 -1
42 11 829 1325 69 120 102 -1 -1
42 12 829 1170 137 168 117 -1 -1
42 11 830 1328 68 110 98 -1 -1
42 12 830 1178 133 162 114 -1 -1
42 11 831 1331 65 108 99 -1 -1
42 12 831 1186 129 159 111 -1 -1
42 11 832 1334 63 103 97 -1 -1
42 12 832 1193 125 157 110 -1 -1
42 11 833 1338 61 101 96 -1 -1
42 12 833 1201 124 153 103 -1 -1
42 11 834 1340 60 101 91 -1 -1
42 12 834 1208 120 149 101 -1 -1
42 11 835 1342 58 101 89 -1 -1
42 12 835 1215 116 146 99 -1 -1
42 11 836 1343 56 106 90 -1 -1
42 12 836 1221 114 143 95 -1 -1
42 11 837 1346 54 103 89 -1 -1
42 12 837 1229 111 139 94 -1 -1
42 11 838 1350 53 98 85 -1 -1
42 12 838 1237 108 134 92 -1 -1
42 11 839 1352 51 93 86 -1 -1
42 12 839 1242 104 131 92 -1 -1
42 11 840 1354 51 91 81 -1 -1
42 12 840 1248 101 128 89 -1 -1
42 11 841 1356 49 91 82 -1 -1
42 12 841 1252 99 128 89 -1 -1
42 11 842 1359 48 92 79 -1 -1
42 12 842 1258 96 124 88 -1 -1
42 11 843 1363 47 88 79 -1 -1
42 12 843 1264 94 123 86 -1 -1
42 11 844 1364 45 88 79 -1 -1
42 12 844 1268 92 120 82 -1 -1
42 11 845 1365 44 88 76 -1 -1
42 12 845 1271 90 120 81 -1 -1
42 11 846 1368 44 84 75 -1 -1
42 12 846 1277 87 116 79 -1 -1
42 13 846 863 203 358 283 -1 -1
42 12 847 1282 85 114 79 -1 -1
42 13 847 887 197 342 273 -1 -1
42 12 848 1288 84 108 76 -1 -1
42 13 848 913 194 324 252 -1 -1
42 12 849 1292 81 105 75 -1 -1
42 13 849 932 184 316 256 -1 -1
42 12 850 1294 79 105 73 -1 -1
42 13 850 955 178 298 245 -1 -1
42 12 851 1298 77 104 73 -1 -1
42 13 851 975 171 287 237 -1 -1
42 12 852 1304 75 101 72 -1 -1
42 13 852 992 167 278 223 -1 -1
42 12 853 1307 73 102 72 -1 -1
42 13 853 1009 159 269 231 -1 -1
42 12 854 1309 70 101 72 -1 -1
42 13 854 1026 151 256 231 -1 -1
42 12 855 1312 69 101 71 -1 -1
42 13 855 1040 146 247 220 -1 -1
42 12 856 1316 67 98 71 -1 -1
42 13 856 1054 140 240 216 -1 -1
42 12 857 1321 67 95 68 -1 -1
42 13 857 1067 138 235 207 -1 -1
42 12 858 1323 65 95 66 -1 -1
42 13 858 1080 135 226 197 -1 -1
42 13 859 1092 129 218 194 -1 -1
42 13 860 1100 125 215 191 -1 -1
42 13 861 1111 120 211 189 -1 -1
42 13 862 1122 116 205 189 -1 -1
42 13 863 1133 113 199 181 -1 -1
42 13 864 1143 112 191 176 -1 -1
42 13 865 1153 109 186 171 -1 -1
42 13 866 1162 106 181 166 -1 -1
42 13 867 1170 101 178 165 -1 -1
42 13 868 1178 100 173 158 -1 -1
42 13 869 1186 97 168 153 -1 -1
42 13 870 1192 95 166 150 -1 -1
42 13 871 1198 91 165 147 -1 -1
42 13 872 1205 84 162 152 -1 -1
42 13 873 1214 83 154 148 -1 -1
42 13 919 1379 23 79 80 -1 -1
43 11 919 818 276 346 255 -1 -1
43 11 920 837 264 336 252 -1 -1
43 11 921 871 260 310 230 -1 -1
43 11 922 889 252 302 224 -1 -1
43 11 923 913 242 282 213 -1 -1
43 11 924 931 223 275 222 -1 -1
43 11 925 950 225 263 204 -1 -1
43 11 926 967 224 253 190 -1 -1
43 11 927 983 219 239 181 -1 -1
43 11 928 998 211 231 185 -1 -1
43 11 929 1012 207 226 179 -1 -1
43 11 930 1026 202 218 175 -1 -1
43 11 931 1038 197 211 169 -1 -1
43 11 932 1048 194 207 162 -1 -1
43 11 933 1059 190 198 155 -1 -1
43 11 934 1069 185 194 152 -1 -1
43 11 935 1082 183 185 142 -1 -1
43 11 936 1089 178 181 143 -1 -1
43 11 937 1098 176 168 139 -1 -1
43 11 939 1115 169 166 133 -1 -1
43 12 939 731 342 361 241 -1 -1
43 11 940 1127 165 148 130 -1 -1
43 12 940 763 329 348 233 -1 -1
43 11 941 1134 163 144 126 -1 -1
43 12 941 790 318 333 219 -1 -1
43 11 942 1140 160 147 124 -1 -1
43 12 942 819 307 311 211 -1 -1
43 11 943 1148 158 142 120 -1 -1
43 12 943 842 297 301 200 -1 -1
43 11 944 1155 155 137 118 -1 -1
43 12 944 865 290 287 191 -1 -1
43 11 945 1160 152 145 118 -1 -1
43 12 945 889 281 274 185 -1 -1
43 11 946 1165 149 144 115 -1 -1
43 12 946 910 274 262 176 -1 -1
43 11 947 1171 148 137 113 -1 -1
43 12 947 927 266 250 172 -1 -1
43 11 948 1180 146 123 110 -1 -1
43 12 948 944 259 240 166 -1 -1
43 11 949 1184 144 130 107 -1 -1
43 12 949 961 253 231 156 -1 -1
43 11 950 1191 142 123 105 -1 -1
43 12 950 976 247 226 153 -1 -1
43 11 951 1195 140 124 102 -1 -1
43 12 951 990 240 216 152 -1 -1
43 11 952 1199 137 124 102 -1 -1
43 12 952 1003 234 210 147 -1 -1
43 11 953 1207 136 107 98 -1 -1
43 12 953 1016 227 202 147 -1 -1
43 11 954 1213 134 105 97 -1 -1
43 12 954 1029 223 197 137 -1 -1
43 11 955 1219 133 97 94 -1 -1
43 12 955 1041 219 191 133 -1 -1
43 11 956 1224 131 95 92 -1 -1
43 12 956 1052 213 186 128 -1 -1
43 11 957 1227 129 95 91 -1 -1
43 12 957 1062 209 179 127 -1 -1
43 11 958 1231 127 94 91 -1 -1
43 12 958 1072 205 173 119 -1 -1
43 11 959 1234 126 94 89 -1 -1
43 12 959 1082 201 170 118 -1 -1
43 11 960 1240 124 92 88 -1 -1
43 12 960 1091 198 163 114 -1 -1
43 11 961 1244 123 89 85 -1 -1
43 12 961 1100 193 163 112 -1 -1
43 11 962 1247 121 89 84 -1 -1
43 12 962 1108 191 158 107 -1 -1
43 11 963 1251 121 87 81 -1 -1
43 12 963 1117 187 152 104 -1 -1
43 11 964 1255 119 86 82 -1 -1
43 12 964 1124 183 152 104 -1 -1
43 11 965 1260 116 86 84 -1 -1
43 12 965 1132 181 149 100 -1 -1
43 11 966 1263 116 84 78 -1 -1
43 12 966 1139 177 143 98 -1 -1
43 11 967 1266 116 82 75 -1 -1
43 12 967 1146 174 140 97 -1 -1
43 11 968 1268 114 82 76 -1 -1
43 12 968 1151 172 138 94 -1 -1
43 11 969 1272 112 82 76 -1 -1
43 12 969 1159 169 136 92 -1 -1
43 12 970 1167 166 129 92 -1 -1
43 12 971 1172 164 127 88 -1 -1
43 12 972 1176 161 125 88 -1 -1
43 12 973 1181 158 125 85 -1 -1
43 12 974 1187 157 124 82 -1 -1
43 12 975 1194 155 119 79 -1 -1
43 12 976 1199 152 115 79 -1 -1
43 12 977 1204 149 113 79 -1 -1
43 12 978 1207 147 112 79 -1 -1
43 13 992 853 245 319 246 -1 -1
43 13 993 879 239 300 240 -1 -1
43 13 994 901 229 285 249 -1 -1
43 13 995 916 225 279 233 -1 -1
43 13 996 932 221 268 225 -1 -1
43 13 997 948 213 259 223 -1 -1
43 13 998 965 207 248 214 -1 -1
43 13 999 981 202 238 207 -1 -1
44 11 1188 1033 201 230 192 -1 -1
46 14 1188 1412 25 197 270 -1 -1
44 11 1189 1045 192 219 202 -1 -1
46 14 1189 1415 50 194 235 -1 -1
44 11 1190 1061 184 195 203 -1 -1
46 14 1190 1419 30 188 253 -1 -1
44 11 1191 1072 184 193 182 -1 -1
46 14 1191 1421 22 187 257 -1 -1
44 11 1192 1084 177 179 177 -1 -1
46 14 1192 1424 32 185 241 -1 -1
46 14 1200 1444 51 162 189 -1 -1
46 15 1200 983 299 316 253 -1 -1
46 14 1201 1447 51 159 186 -1 -1
46 15 1201 1004 303 305 224 -1 -1
46 14 1202 1452 48 155 184 -1 -1
46 15 1202 1026 279 291 232 -1 -1
46 14 1203 1453 48 155 182 -1 -1
46 15 1203 1043 275 282 213 -1 -1
46 14 1204 1454 47 154 180 -1 -1
46 15 1204 1060 273 272 197 -1 -1
46 14 1205 1456 48 150 175 -1 -1
46 15 1205 1079 263 259 194 -1 -1
46 14 1206 1458 35 149 187 -1 -1
46 15 1206 1097 251 247 196 -1 -1
46 14 1207 1460 33 146 185 -1 -1
46 15 1207 1112 255 240 180 -1 -1
46 14 1208 1462 29 144 187 -1 -1
46 15 1208 1129 239 230 183 -1 -1
46 14 1209 1463 18 144 197 -1 -1
46 15 1209 1142 243 224 164 -1 -1
46 14 1210 1465 26 143 184 -1 -1
46 15 1210 1148 232 222 166 -1 -1
41 11 1211 813 416 400 311 -1 -1
46 14 1211 1466 30 141 178 -1 -1
46 15 1211 1162 226 213 162 -1 -1
41 11 1212 856 393 371 298 -1 -1
46 14 1212 1468 44 139 160 -1 -1
46 15 1212 1172 214 208 165 -1 -1
41 11 1213 892 379 345 274 -1 -1
46 14 1213 1473 47 135 154 -1 -1
46 15 1213 1183 216 204 153 -1 -1
41 11 1214 923 360 326 259 -1 -1
46 14 1214 1473 51 134 148 -1 -1
46 15 1214 1195 204 197 160 -1 -1
41 11 1215 954 344 305 250 -1 -1
46 14 1215 1474 77 133 117 -1 -1
46 15 1215 1203 202 191 152 -1 -1
41 11 1216 980 329 292 237 -1 -1
46 14 1216 1477 53 130 143 -1 -1
46 15 1216 1215 197 184 147 -1 -1
41 11 1217 1006 317 274 224 -1 -1
46 14 1217 1479 47 128 149 -1 -1
46 15 1217 1220 197 183 140 -1 -1
41 11 1218 1027 305 262 210 -1 -1
46 14 1218 1480 45 129 149 -1 -1
46 15 1218 1232 197 175 130 -1 -1
41 11 1219 1047 294 247 197 -1 -1
46 14 1219 1482 46 128 144 -1 -1
46 15 1219 1240 191 171 131 -1 -1
41 11 1220 1065 286 237 188 -1 -1
46 14 1220 1483 46 127 140 -1 -1
46 15 1220 1247 179 168 140 -1 -1
41 11 1221 1083 275 229 182 -1 -1
46 14 1221 1483 46 126 139 -1 -1
46 15 1221 1254 177 163 134 -1 -1
41 11 1222 1100 265 218 175 -1 -1
46 14 1222 1485 31 123 154 -1 -1
46 15 1222 1263 179 158 124 -1 -1
41 11 1223 1116 255 208 171 -1 -1
46 14 1223 1486 26 124 158 -1 -1
46 15 1223 1269 164 156 135 -1 -1
41 11 1224 1128 247 202 166 -1 -1
46 14 1224 1486 19 124 165 -1 -1
46 15 1224 1276 164 152 129 -1 -1
41 11 1225 1141 241 195 159 -1 -1
46 14 1225 1487 22 123 160 -1 -1
46 15 1225 1281 163 149 123 -1 -1
41 11 1226 1152 232 189 156 -1 -1
46 14 1226 1488 28 121 152 -1 -1
46 15 1226 1287 163 146 117 -1 -1
41 11 1227 1165 225 182 152 -1 -1
46 14 1227 1492 31 117 147 -1 -1
46 15 1227 1292 158 143 118 -1 -1
41 11 1228 1177 218 176 147 -1 -1
46 14 1228 1493 39 115 138 -1 -1
46 15 1228 1299 150 140 122 -1 -1
41 11 1229 1187 212 170 144 -1 -1
46 14 1229 1495 33 115 143 -1 -1
46 15 1229 1304 147 137 120 -1 -1
41 11 1230 1196 207 166 137 -1 -1
46 14 1230 1498 38 111 134 -1 -1
46 15 1230 1310 154 133 107 -1 -1
41 11 1231 1205 200 160 135 -1 -1
46 14 1231 1499 39 110 130 -1 -1
46 15 1231 1314 156 131 100 -1 -1
41 11 1232 1214 193 156 134 -1 -1
44 16 1232 1300 86 89 79 -1 -1
46 14 1232 1500 39 110 128 -1 -1
46 15 1232 1318 134 130 122 -1 -1
41 11 1233 1223 192 150 127 -1 -1
44 16 1233 1304 86 84 77 -1 -1
46 14 1233 1502 39 108 127 -1 -1
46 15 1233 1323 143 128 106 -1 -1
41 11 1234 1232 186 147 125 -1 -1
44 16 1234 1307 85 82 75 -1 -1
45 17 1234 847 321 295 194 -1 -1
46 14 1234 1504 40 106 123 -1 -1
46 15 1234 1329 145 124 100 -1 -1
41 11 1235 1239 180 143 125 -1 -1
44 16 1235 1307 84 86 75 -1 -1
45 17 1235 874 317 277 185 -1 -1
46 14 1235 1504 40 105 121 -1 -1
46 15 1235 1332 123 123 121 -1 -1
41 11 1236 1245 176 140 121 -1 -1
44 16 1236 1311 82 82 75 -1 -1
46 14 1236 1506 30 103 130 -1 -1
46 15 1236 1337 118 121 123 -1 -1
41 11 1237 1252 172 135 117 -1 -1
46 14 1237 1506 21 104 139 -1 -1
46 15 1237 1341 120 118 118 -1 -1
41 11 1238 1260 169 131 113 -1 -1
45 17 1238 926 298 255 179 -1 -1
46 14 1238 1506 15 104 146 -1 -1
46 15 1238 1345 119 117 114 -1 -1
41 11 1239 1266 167 130 108 -1 -1
44 18 1239 1238 133 118 88 -1 -1
45 17 1239 941 292 248 170 -1 -1
46 14 1239 1506 14 104 145 -1 -1
46 15 1239 1349 120 115 110 -1 -1
41 11 1240 1273 164 124 107 -1 -1
44 18 1240 1241 131 117 82 -1 -1
45 17 1240 962 286 236 168 -1 -1
46 14 1240 1506 14 105 143 -1 -1
46 15 1240 1352 122 113 102 -1 -1
41 11 1241 1279 161 121 102 -1 -1
44 18 1241 1247 129 114 81 -1 -1
45 17 1241 976 281 231 170 -1 -1
46 14 1241 1507 14 104 142 -1 -1
46 15 1241 1355 124 111 97 -1 -1
41 11 1242 1283 157 120 100 -1 -1
44 18 1242 1254 127 108 79 -1 -1
45 17 1242 988 276 228 164 -1 -1
46 14 1242 1508 21 103 133 -1 -1
46 15 1242 1358 124 111 93 -1 -1
41 11 1243 1288 153 117 101 -1 -1
44 18 1243 1256 124 108 81 -1 -1
45 17 1243 1001 272 220 157 -1 -1
46 14 1243 1510 36 100 113 -1 -1
46 15 1243 1363 125 108 88 -1 -1
41 11 1244 1294 150 113 97 -1 -1
44 18 1244 1261 122 107 78 -1 -1
45 17 1244 1017 267 210 156 -1 -1
46 14 1244 1510 37 101 112 -1 -1
46 15 1244 1366 127 108 84 -1 -1
41 11 1245 1300 149 111 94 -1 -1
44 18 1245 1264 120 104 80 -1 -1
45 17 1245 1028 263 207 147 -1 -1
46 14 1245 1512 37 98 111 -1 -1
46 15 1245 1368 126 107 82 -1 -1
41 11 1246 1305 145 109 92 -1 -1
44 18 1246 1269 118 102 73 -1 -1
45 17 1246 1038 258 205 143 -1 -1
46 14 1246 1513 36 98 111 -1 -1
46 15 1246 1372 125 104 81 -1 -1
41 11 1247 1308 141 109 93 -1 -1
44 18 1247 1273 117 100 71 -1 -1
45 17 1247 1052 253 198 140 -1 -1
46 14 1247 1514 21 97 128 -1 -1
46 15 1247 1376 122 102 82 -1 -1
41 11 1248 1312 139 104 89 -1 -1
44 18 1248 1277 114 99 76 -1 -1
45 17 1248 1063 251 190 138 -1 -1
46 14 1248 1515 20 96 127 -1 -1
46 15 1248 1379 119 101 82 -1 -1
41 11 1249 1314 138 105 87 -1 -1
44 18 1249 1280 112 97 76 -1 -1
45 17 1249 1070 247 190 138 -1 -1
46 14 1249 1517 17 95 128 -1 -1
41 11 1250 1321 136 101 84 -1 -1
45 17 1250 1079 245 188 129 -1 -1
46 14 1250 1517 17 95 127 -1 -1
41 11 1251 1324 132 102 86 -1 -1
45 17 1251 1090 242 184 126 -1 -1
46 14 1251 1518 16 94 127 -1 -1
46 15 1251 1386 104 97 91 -1 -1
41 11 1252 1329 131 98 82 -1 -1
45 17 1252 1101 237 177 132 -1 -1
46 14 1252 1518 17 94 126 -1 -1
46 15 1252 1390 103 95 88 -1 -1
41 11 1253 1331 130 98 81 -1 -1
45 17 1253 1110 234 172 124 -1 -1
46 14 1253 1520 17 92 122 -1 -1
46 15 1253 1393 104 94 87 -1 -1
41 11 1254 1334 128 97 79 -1 -1
44 18 1254 1296 105 91 70 -1 -1
45 17 1254 1117 232 171 124 -1 -1
46 14 1254 1520 17 92 121 -1 -1
46 15 1254 1396 106 91 82 -1 -1
41 11 1255 1338 125 93 80 -1 -1
44 18 1255 1300 102 89 69 -1 -1
45 17 1255 1127 230 165 121 -1 -1
46 14 1255 1521 14 91 124 -1 -1
46 15 1255 1398 103 92 82 -1 -1
41 11 1256 1342 124 91 76 -1 -1
45 17 1256 1135 227 163 116 -1 -1
46 14 1256 1521 13 91 124 -1 -1
46 15 1256 1401 108 90 74 -1 -1
41 11 1257 1346 122 91 75 -1 -1
45 17 1257 1144 225 159 113 -1 -1
46 14 1257 1522 18 90 117 -1 -1
46 15 1257 1403 100 88 80 -1 -1
41 11 1258 1350 120 89 72 -1 -1
45 17 1258 1151 222 155 112 -1 -1
46 14 1258 1523 41 89 89 -1 -1
46 15 1258 1405 99 88 82 -1 -1
41 11 1259 1352 118 87 72 -1 -1
45 17 1259 1157 220 153 111 -1 -1
45 19 1259 889 342 258 161 -1 -1
46 14 1259 1524 48 88 81 -1 -1
46 15 1259 1408 100 88 77 -1 -1
41 11 1260 1354 116 86 72 -1 -1
45 17 1260 1166 219 146 107 -1 -1
45 19 1260 910 333 251 159 -1 -1
46 14 1260 1524 40 88 90 -1 -1
46 15 1260 1410 94 87 82 -1 -1
41 11 1261 1357 114 86 72 -1 -1
45 17 1261 1172 216 146 107 -1 -1
45 19 1261 928 325 245 156 -1 -1
46 15 1261 1412 91 86 83 -1 -1
45 17 1262 1179 214 144 104 -1 -1
45 19 1262 949 319 232 153 -1 -1
46 15 1262 1413 90 85 82 -1 -1
45 17 1263 1185 212 142 102 -1 -1
45 19 1263 967 313 220 152 -1 -1
46 15 1263 1416 93 85 75 -1 -1
45 17 1264 1190 209 139 102 -1 -1
45 19 1264 985 306 211 150 -1 -1
46 15 1264 1420 90 82 78 -1 -1
45 17 1265 1198 207 133 100 -1 -1
45 19 1265 999 304 205 137 -1 -1
46 15 1265 1420 90 82 76 -1 -1
45 17 1266 1204 205 134 99 -1 -1
45 19 1266 1014 296 198 136 -1 -1
46 14 1266 1529 13 84 117 -1 -1
45 17 1267 1210 203 130 98 -1 -1
45 19 1267 1029 292 192 126 -1 -1
46 14 1267 1530 12 82 116 -1 -1
45 17 1268 1214 201 130 96 -1 -1
45 19 1268 1042 289 185 121 -1 -1
46 14 1268 1530 11 83 117 -1 -1
45 17 1269 1219 200 128 94 -1 -1
45 19 1269 1051 283 183 118 -1 -1
46 14 1269 1533 11 81 116 -1 -1
45 17 1270 1225 198 124 92 -1 -1
45 19 1270 1061 277 182 117 -1 -1
46 14 1270 1532 10 82 116 -1 -1
42 20 1271 760 330 428 297 -1 -1
45 17 1271 1231 197 121 88 -1 -1
45 19 1271 1073 274 178 113 -1 -1
46 14 1271 1533 11 81 114 -1 -1
42 20 1272 809 309 398 276 -1 -1
45 17 1272 1236 194 122 88 -1 -1
45 19 1272 1085 270 173 112 -1 -1
46 14 1272 1533 12 81 113 -1 -1
42 20 1273 852 292 369 266 -1 -1
45 17 1273 1240 192 120 88 -1 -1
45 19 1273 1094 265 169 110 -1 -1
46 14 1273 1535 11 78 114 -1 -1
42 20 1274 889 277 346 249 -1 -1
45 17 1274 1243 192 118 85 -1 -1
45 19 1274 1104 262 165 104 -1 -1
46 14 1274 1535 10 79 114 -1 -1
42 20 1275 923 264 326 233 -1 -1
45 17 1275 1247 191 117 82 -1 -1
45 19 1275 1114 256 160 106 -1 -1
46 14 1275 1534 29 80 90 -1 -1
42 20 1276 953 250 307 228 -1 -1
45 17 1276 1254 190 114 82 -1 -1
45 19 1276 1125 255 155 101 -1 -1
46 14 1276 1534 34 81 84 -1 -1
42 20 1277 981 238 288 217 -1 -1
45 17 1277 1260 187 110 83 -1 -1
45 19 1277 1135 252 152 98 -1 -1
46 14 1277 1534 36 81 80 -1 -1
42 20 1278 1006 225 272 207 -1 -1
45 17 1278 1262 185 111 84 -1 -1
45 19 1278 1144 246 147 100 -1 -1
46 14 1278 1537 13 78 106 -1 -1
42 20 1279 1030 215 256 195 -1 -1
45 17 1279 1266 183 108 85 -1 -1
45 19 1279 1150 244 144 98 -1 -1
46 14 1279 1538 12 78 107 -1 -1
42 20 1280 1050 207 246 185 -1 -1
45 17 1280 1271 183 103 79 -1 -1
45 19 1280 1156 241 143 95 -1 -1
46 14 1280 1538 12 78 106 -1 -1
42 20 1281 1069 198 236 179 -1 -1
45 17 1281 1275 181 104 79 -1 -1
45 19 1281 1165 239 139 92 -1 -1
46 14 1281 1540 11 75 107 -1 -1
42 20 1282 1086 188 230 173 -1 -1
45 17 1282 1280 181 97 76 -1 -1
45 19 1282 1173 236 136 89 -1 -1
46 14 1282 1538 16 78 100 -1 -1
42 20 1283 1104 180 216 165 -1 -1
45 17 1283 1284 180 97 75 -1 -1
45 19 1283 1180 234 134 87 -1 -1
46 14 1283 1539 19 77 96 -1 -1
42 20 1284 1119 172 211 163 -1 -1
45 17 1284 1286 178 98 75 -1 -1
45 19 1284 1186 231 131 86 -1 -1
46 14 1284 1540 15 76 100 -1 -1
42 20 1285 1133 165 202 157 -1 -1
45 17 1285 1292 177 89 75 -1 -1
45 19 1285 1194 228 128 85 -1 -1
46 14 1285 1541 17 75 97 -1 -1
42 20 1286 1146 158 198 154 -1 -1
45 17 1286 1293 175 93 73 -1 -1
45 19 1286 1201 226 129 82 -1 -1
46 14 1286 1541 20 75 92 -1 -1
42 20 1287 1159 152 188 149 -1 -1
45 17 1287 1296 174 97 73 -1 -1
45 19 1287 1208 224 125 81 -1 -1
46 14 1287 1542 22 74 89 -1 -1
42 20 1288 1172 145 181 144 -1 -1
45 17 1288 1301 173 91 72 -1 -1
45 19 1288 1215 222 117 78 -1 -1
42 20 1289 1184 141 173 139 -1 -1
45 17 1289 1302 172 92 71 -1 -1
45 19 1289 1221 219 114 78 -1 -1
42 20 1290 1193 134 170 137 -1 -1
45 17 1290 1304 171 91 68 -1 -1
45 19 1290 1224 218 116 75 -1 -1
42 20 1291 1205 131 162 130 -1 -1
45 19 1291 1230 215 113 75 -1 -1
42 20 1292 1214 123 157 130 -1 -1
45 19 1292 1236 211 111 76 -1 -1
42 20 1293 1223 121 153 123 -1 -1
45 19 1293 1241 211 108 73 -1 -1
42 20 1294 1231 116 150 123 -1 -1
45 19 1294 1245 209 108 71 -1 -1
42 20 1295 1239 113 147 120 -1 -1
45 19 1295 1249 207 104 70 -1 -1
42 20 1296 1247 106 143 119 -1 -1
45 19 1296 1256 205 102 69 -1 -1
42 20 1297 1255 106 137 113 -1 -1
45 19 1297 1262 201 96 71 -1 -1
42 20 1298 1263 101 134 111 -1 -1
45 19 1298 1265 201 100 67 -1 -1
42 20 1299 1269 101 131 104 -1 -1
45 19 1299 1269 197 98 69 -1 -1
42 20 1300 1276 94 127 106 -1 -1
45 19 1300 1273 193 98 71 -1 -1
42 20 1301 1283 92 124 103 -1 -1
45 19 1301 1277 192 98 69 -1 -1
42 20 1302 1288 88 121 102 -1 -1
45 19 1302 1283 190 95 70 -1 -1
42 20 1303 1294 86 117 100 -1 -1
42 20 1304 1299 82 117 98 -1 -1
42 20 1305 1304 80 113 95 -1 -1
42 20 1306 1309 79 111 92 -1 -1
42 20 1307 1315 77 110 89 -1 -1
42 20 1308 1319 76 105 87 -1 -1
42 20 1309 1325 73 102 85 -1 -1
45 21 1309 999 270 220 179 -1 -1
42 20 1310 1329 74 101 80 -1 -1
45 21 1310 1015 263 211 174 -1 -1
42 20 1311 1332 68 99 84 -1 -1
45 21 1311 1032 257 204 168 -1 -1
42 20 1312 1337 67 97 81 -1 -1
45 21 1312 1041 252 205 162 -1 -1
42 20 1313 1339 66 98 77 -1 -1
45 21 1313 1051 247 204 156 -1 -1
42 20 1314 1344 64 94 76 -1 -1
45 21 1314 1068 241 192 157 -1 -1
45 21 1315 1079 238 188 152 -1 -1
42 20 1316 1350 61 92 71 -1 -1
46 18 1366 1332 259 266 268 -1 -1
46 11 1366 1053 253 279 205 -1 -1
46 18 1367 1339 249 258 259 -1 -1
46 11 1367 1070 246 270 198 -1 -1
46 18 1368 1345 245 252 246 -1 -1
46 11 1368 1086 240 258 188 -1 -1
46 18 1369 1357 237 238 236 -1 -1
46 11 1369 1100 231 251 189 -1 -1
46 18 1370 1365 230 231 227 -1 -1
46 11 1370 1116 224 242 191 -1 -1
46 18 1371 1371 224 226 218 -1 -1
46 11 1371 1129 214 234 191 -1 -1
46 18 1372 1380 219 216 212 -1 -1
46 11 1372 1140 207 227 187 -1 -1
46 18 1373 1385 214 211 203 -1 -1
46 11 1373 1151 190 220 196 -1 -1
46 18 1374 1391 208 205 197 -1 -1
46 11 1374 1162 190 215 184 -1 -1
46 18 1375 1397 205 198 189 -1 -1
46 11 1375 1175 182 204 183 -1 -1
46 18 1376 1402 201 194 182 -1 -1
46 11 1376 1185 183 198 170 -1 -1
46 18 1377 1405 196 192 177 -1 -1
46 11 1377 1198 179 191 166 -1 -1
46 18 1378 1409 190 187 174 -1 -1
46 11 1378 1204 177 188 161 -1 -1
46 18 1379 1414 184 181 174 -1 -1
46 11 1379 1214 179 184 151 -1 -1
46 18 1380 1418 179 177 170 -1 -1
46 11 1380 1225 172 176 151 -1 -1
46 18 1381 1422 177 173 165 -1 -1
46 11 1381 1233 166 172 153 -1 -1
46 18 1382 1424 173 170 160 -1 -1
46 11 1382 1241 167 168 145 -1 -1
46 17 1382 916 353 339 253 -1 -1
46 18 1383 1428 170 166 157 -1 -1
46 11 1383 1247 168 165 136 -1 -1
46 17 1383 938 341 330 239 -1 -1
46 18 1384 1432 168 162 151 -1 -1
46 11 1384 1254 167 162 130 -1 -1
46 17 1384 964 332 316 221 -1 -1
46 18 1385 1436 167 159 144 -1 -1
46 11 1385 1261 165 160 126 -1 -1
46 17 1385 988 321 307 211 -1 -1
46 18 1386 1439 163 156 143 -1 -1
46 11 1386 1268 156 155 131 -1 -1
46 17 1386 1009 313 291 201 -1 -1
46 18 1387 1442 162 152 137 -1 -1
46 11 1387 1274 151 150 131 -1 -1
46 17 1387 1031 303 276 194 -1 -1
46 18 1388 1446 158 147 135 -1 -1
46 11 1388 1279 150 149 124 -1 -1
46 17 1388 1048 293 262 188 -1 -1
43 22 1389 936 290 275 201 -1 -1
46 18 1389 1448 155 144 135 -1 -1
46 11 1389 1285 151 144 119 -1 -1
46 17 1389 1066 286 252 179 -1 -1
43 22 1390 960 277 265 204 -1 -1
46 18 1390 1451 151 142 134 -1 -1
46 11 1390 1293 148 140 117 -1 -1
46 17 1390 1084 277 243 175 -1 -1
43 22 1391 982 269 255 192 -1 -1
46 18 1391 1454 149 141 129 -1 -1
46 11 1391 1297 148 139 113 -1 -1
46 17 1391 1098 269 236 171 -1 -1
43 22 1392 1004 259 238 185 -1 -1
46 18 1392 1455 146 139 128 -1 -1
46 11 1392 1301 145 137 111 -1 -1
46 17 1392 1113 260 226 170 -1 -1
43 22 1393 1023 252 227 174 -1 -1
46 18 1393 1457 148 137 121 -1 -1
46 11 1393 1307 142 132 110 -1 -1
46 17 1393 1128 254 218 163 -1 -1
43 22 1394 1039 245 216 165 -1 -1
46 18 1394 1460 150 134 113 -1 -1
46 11 1394 1311 142 130 105 -1 -1
46 17 1394 1141 248 213 158 -1 -1
43 22 1395 1054 236 209 164 -1 -1
46 18 1395 1463 144 131 115 -1 -1
46 11 1395 1317 139 128 104 -1 -1
46 17 1395 1153 242 207 153 -1 -1
43 22 1396 1069 229 202 160 -1 -1
46 18 1396 1466 145 129 110 -1 -1
46 11 1396 1321 135 126 105 -1 -1
46 17 1396 1165 239 200 145 -1 -1
43 22 1397 1085 221 190 156 -1 -1
46 18 1397 1466 141 128 109 -1 -1
46 11 1397 1324 134 125 102 -1 -1
46 17 1397 1174 233 195 140 -1 -1
43 22 1398 1096 216 186 149 -1 -1
46 18 1398 1468 142 126 103 -1 -1
46 11 1398 1328 132 124 101 -1 -1
46 17 1398 1183 227 191 137 -1 -1
43 22 1399 1106 210 182 146 -1 -1
46 18 1399 1470 140 124 101 -1 -1
46 11 1399 1334 129 119 101 -1 -1
46 17 1399 1194 224 184 131 -1 -1
43 22 1400 1121 202 171 143 -1 -1
46 18 1400 1474 138 121 99 -1 -1
46 11 1400 1338 128 117 99 -1 -1
46 17 1400 1203 218 181 128 -1 -1
43 22 1401 1132 199 166 136 -1 -1
46 18 1401 1475 137 120 95 -1 -1
46 11 1401 1343 127 115 97 -1 -1
46 17 1401 1214 214 174 124 -1 -1
43 22 1402 1142 196 160 131 -1 -1
46 18 1402 1476 133 118 97 -1 -1
46 11 1402 1345 126 115 95 -1 -1
46 17 1402 1221 209 169 123 -1 -1
43 22 1403 1151 190 154 131 -1 -1
46 18 1403 1478 129 117 97 -1 -1
46 11 1403 1347 125 111 91 -1 -1
46 17 1403 1228 204 168 121 -1 -1
43 22 1404 1161 185 142 127 -1 -1
46 18 1404 1478 126 117 97 -1 -1
46 11 1404 1351 124 110 89 -1 -1
46 17 1404 1236 200 163 120 -1 -1
43 22 1405 1171 180 131 125 -1 -1
46 18 1405 1482 126 114 94 -1 -1
46 11 1405 1357 122 104 88 -1 -1
46 17 1405 1245 196 158 116 -1 -1
43 22 1406 1180 177 130 119 -1 -1
46 18 1406 1483 126 111 90 -1 -1
46 11 1406 1359 120 105 88 -1 -1
46 17 1406 1254 193 152 111 -1 -1
43 22 1407 1188 172 123 115 -1 -1
46 18 1407 1485 125 110 88 -1 -1
46 11 1407 1361 119 104 85 -1 -1
46 17 1407 1259 189 149 110 -1 -1
43 22 1408 1194 169 118 114 -1 -1
46 18 1408 1486 122 108 88 -1 -1
46 11 1408 1366 117 98 85 -1 -1
46 17 1408 1265 186 146 105 -1 -1
43 22 1409 1200 166 124 110 -1 -1
46 18 1409 1486 119 108 89 -1 -1
46 11 1409 1370 115 97 84 -1 -1
46 17 1409 1270 183 144 104 -1 -1
43 22 1410 1206 163 120 107 -1 -1
46 18 1410 1488 117 105 88 -1 -1
46 11 1410 1372 115 98 81 -1 -1
46 17 1410 1276 181 142 101 -1 -1
43 22 1411 1214 161 114 103 -1 -1
46 18 1411 1490 115 104 87 -1 -1
46 11 1411 1375 113 97 81 -1 -1
46 17 1411 1282 178 139 99 -1 -1
43 22 1412 1219 157 117 102 -1 -1
46 18 1412 1492 112 102 89 -1 -1
46 11 1412 1379 112 95 79 -1 -1
46 17 1412 1287 174 136 98 -1 -1
43 22 1413 1225 155 107 99 -1 -1
46 18 1413 1493 113 101 84 -1 -1
46 11 1413 1382 111 92 78 -1 -1
46 17 1413 1293 171 133 97 -1 -1
43 22 1414 1231 151 107 99 -1 -1
46 18 1414 1495 114 98 81 -1 -1
46 11 1414 1384 109 93 77 -1 -1
46 17 1414 1297 169 133 94 -1 -1
43 22 1415 1236 151 105 92 -1 -1
46 18 1415 1500 112 94 82 -1 -1
46 11 1415 1385 109 95 76 -1 -1
46 17 1415 1304 167 126 89 -1 -1
46 18 1416 1499 109 95 83 -1 -1
46 11 1416 1387 108 91 75 -1 -1
46 17 1416 1311 162 121 91 -1 -1
46 18 1417 1499 104 95 86 -1 -1
46 11 1417 1390 106 91 75 -1 -1
46 17 1417 1315 161 121 87 -1 -1
46 23 1417 905 296 374 316 -1 -1
46 18 1418 1499 103 95 84 -1 -1
46 11 1418 1391 104 91 75 -1 -1
46 17 1418 1317 159 123 86 -1 -1
46 23 1418 929 275 358 313 -1 -1
46 18 1419 1500 103 94 82 -1 -1
46 11 1419 1394 103 88 73 -1 -1
46 17 1419 1321 156 118 84 -1 -1
46 23 1419 960 273 331 287 -1 -1
46 18 1420 1503 103 92 81 -1 -1
46 11 1420 1398 102 87 72 -1 -1
46 17 1420 1325 153 118 85 -1 -1
46 23 1420 981 272 317 265 -1 -1
46 18 1421 1503 102 92 79 -1 -1
46 17 1421 1332 152 113 84 -1 -1
46 23 1421 1004 252 305 266 -1 -1
46 18 1422 1504 102 91 77 -1 -1
46 17 1422 1335 150 112 82 -1 -1
46 23 1422 1025 246 291 247 -1 -1
46 18 1423 1505 102 89 75 -1 -1
46 17 1423 1335 146 115 85 -1 -1
46 23 1423 1043 236 281 239 -1 -1
46 18 1424 1507 104 88 70 -1 -1
46 17 1424 1339 145 113 82 -1 -1
46 23 1424 1059 234 269 219 -1 -1
46 18 1425 1508 101 88 71 -1 -1
46 17 1425 1343 143 111 79 -1 -1
46 23 1425 1076 229 262 211 -1 -1
46 18 1426 1509 97 88 74 -1 -1
46 17 1426 1350 141 107 78 -1 -1
46 23 1426 1094 222 250 218 -1 -1
46 18 1427 1510 94 85 73 -1 -1
46 17 1427 1352 140 105 76 -1 -1
46 23 1427 1111 216 239 214 -1 -1
46 18 1428 1509 91 86 76 -1 -1
46 17 1428 1355 138 104 75 -1 -1
46 23 1428 1123 211 232 195 -1 -1
46 18 1429 1510 90 85 75 -1 -1
46 17 1429 1360 137 100 71 -1 -1
46 23 1429 1138 204 220 191 -1 -1
46 18 1430 1512 91 84 74 -1 -1
46 17 1430 1363 135 99 70 -1 -1
46 23 1430 1146 196 221 192 -1 -1
46 17 1431 1367 132 97 72 -1 -1
46 23 1431 1159 187 213 193 -1 -1
46 17 1432 1369 130 98 72 -1 -1
46 23 1432 1168 187 208 181 -1 -1
46 17 1433 1373 128 94 71 -1 -1
46 23 1433 1180 187 200 175 -1 -1
46 17 1434 1374 127 96 71 -1 -1
46 23 1434 1190 183 193 170 -1 -1
46 17 1435 1378 126 92 69 -1 -1
46 23 1435 1202 179 186 166 -1 -1
46 17 1436 1381 123 93 70 -1 -1
46 23 1436 1212 176 181 159 -1 -1
46 23 1437 1219 169 177 162 -1 -1
46 17 1438 1385 120 92 69 -1 -1
46 23 1438 1227 165 172 159 -1 -1
46 23 1439 1236 162 166 157 -1 -1
46 23 1440 1243 160 163 151 -1 -1
46 23 1441 1252 159 159 145 -1 -1
46 23 1442 1259 155 155 143 -1 -1
46 23 1443 1264 151 152 141 -1 -1
46 23 1444 1270 149 150 137 -1 -1
41 24 1445 1026 312 249 203 -1 -1
46 23 1445 1274 146 150 134 -1 -1
41 24 1446 1043 302 242 194 -1 -1
46 23 1446 1280 145 147 130 -1 -1
46 23 1447 1287 141 142 130 -1 -1
41 24 1448 1084 284 219 165 -1 -1
46 23 1448 1293 140 137 126 -1 -1
41 24 1449 1101 273 210 159 -1 -1
46 23 1449 1298 137 136 123 -1 -1
41 24 1450 1117 263 203 154 -1 -1
46 23 1450 1303 134 133 122 -1 -1
41 24 1451 1131 253 195 149 -1 -1
46 23 1451 1309 134 130 118 -1 -1
41 24 1452 1145 243 187 147 -1 -1
46 23 1452 1314 131 127 120 -1 -1
41 24 1453 1155 236 185 143 -1 -1
46 23 1453 1318 128 126 121 -1 -1
41 24 1454 1169 231 174 137 -1 -1
46 23 1454 1323 127 121 117 -1 -1
41 24 1455 1180 224 169 133 -1 -1
46 23 1455 1327 124 120 115 -1 -1
41 24 1456 1192 217 161 127 -1 -1
46 23 1456 1332 122 118 115 -1 -1
41 24 1457 1202 209 156 129 -1 -1
46 23 1457 1335 122 117 111 -1 -1
41 24 1458 1210 206 151 122 -1 -1
46 23 1458 1338 121 117 108 -1 -1
41 24 1459 1218 201 148 118 -1 -1
46 23 1459 1342 119 114 107 -1 -1
41 24 1460 1229 196 143 115 -1 -1
46 23 1460 1347 118 111 105 -1 -1
41 24 1461 1237 193 140 111 -1 -1
46 23 1461 1349 114 111 104 -1 -1
41 24 1462 1247 186 136 111 -1 -1
46 23 1462 1354 114 108 101 -1 -1
41 24 1463 1252 183 134 107 -1 -1
46 23 1463 1358 112 105 101 -1 -1
41 24 1464 1261 179 127 104 -1 -1
46 23 1464 1361 110 104 99 -1 -1
41 24 1465 1266 174 125 102 -1 -1
46 23 1465 1364 109 103 99 -1 -1
41 24 1466 1273 171 123 98 -1 -1
46 23 1466 1368 107 101 99 -1 -1
41 24 1467 1281 167 120 96 -1 -1
46 23 1467 1372 105 98 101 -1 -1
41 24 1468 1287 165 117 94 -1 -1
46 23 1468 1373 104 99 97 -1 -1
41 24 1469 1291 161 115 91 -1 -1
46 23 1469 1377 104 95 93 -1 -1
41 24 1470 1296 158 112 88 -1 -1
46 23 1470 1378 103 96 92 -1 -1
41 24 1471 1302 154 107 88 -1 -1
46 23 1471 1382 102 95 91 -1 -1
41 24 1472 1307 152 106 84 -1 -1
46 23 1472 1384 102 94 88 -1 -1
41 24 1473 1312 151 105 81 -1 -1
46 23 1473 1386 100 92 88 -1 -1
41 24 1474 1317 146 103 83 -1 -1
46 23 1474 1389 98 91 88 -1 -1
41 24 1475 1321 142 102 82 -1 -1
46 23 1475 1393 96 89 88 -1 -1
41 24 1476 1326 140 97 81 -1 -1
46 23 1476 1393 95 92 89 -1 -1
41 24 1477 1330 139 96 77 -1 -1
46 23 1477 1396 95 90 85 -1 -1
41 24 1478 1334 137 95 75 -1 -1
46 23 1478 1396 94 91 86 -1 -1
41 24 1479 1339 136 91 73 -1 -1
46 23 1479 1401 93 86 84 -1 -1
41 24 1480 1343 131 90 75 -1 -1
46 23 1480 1405 92 84 83 -1 -1
41 24 1481 1345 130 91 72 -1 -1
46 23 1481 1408 91 82 82 -1 -1
41 24 1482 1348 127 87 72 -1 -1
46 23 1482 1409 89 81 83 -1 -1
46 23 1483 1411 89 80 81 -1 -1
46 23 1484 1412 88 81 81 -1 -1
46 23 1485 1414 87 81 78 -1 -1
46 23 1486 1417 85 79 79 -1 -1
41 18 1811 1079 267 255 203 -1 -1
41 18 1812 1092 260 243 195 -1 -1
41 18 1813 1106 252 234 192 -1 -1
41 18 1814 1118 247 226 181 -1 -1
41 18 1815 1130 240 218 176 -1 -1
41 18 1816 1138 235 215 171 -1 -1
41 18 1817 1149 227 210 169 -1 -1
41 18 1818 1159 223 203 163 -1 -1
41 18 1819 1168 216 195 160 -1 -1
41 18 1820 1175 211 192 156 -1 -1
41 18 1821 1184 207 188 153 -1 -1
41 18 1822 1194 201 179 152 -1 -1
41 26 1980 1246 182 130 101 -1 -1
46 27 1980 1001 326 279 201 -1 -1
41 26 1981 1252 176 128 101 -1 -1
46 27 1981 1017 316 274 194 -1 -1
41 26 1982 1259 173 123 97 -1 -1
46 27 1982 1044 297 260 191 -1 -1
41 26 1983 1265 170 120 95 -1 -1
46 27 1983 1077 289 232 180 -1 -1
41 26 1984 1270 166 119 94 -1 -1
46 27 1984 1093 287 229 163 -1 -1
41 26 1985 1276 163 117 91 -1 -1
46 27 1985 1110 270 220 164 -1 -1
41 26 1986 1282 159 115 89 -1 -1
46 27 1986 1127 261 211 157 -1 -1
41 26 1987 1286 157 114 87 -1 -1
46 27 1987 1140 254 206 149 -1 -1
41 26 1988 1290 153 111 86 -1 -1
46 27 1988 1157 245 195 143 -1 -1
41 26 1989 1295 150 108 85 -1 -1
46 27 1989 1173 234 188 143 -1 -1
41 26 1990 1301 147 104 84 -1 -1
46 27 1990 1189 227 179 140 -1 -1
41 26 1991 1306 145 102 82 -1 -1
46 27 1991 1201 219 172 137 -1 -1
41 26 1992 1311 143 101 81 -1 -1
46 27 1992 1209 213 170 133 -1 -1
41 26 1993 1313 140 102 80 -1 -1
46 27 1993 1221 209 165 127 -1 -1
41 26 1994 1317 139 98 77 -1 -1
46 27 1994 1231 208 160 118 -1 -1
41 26 1995 1322 138 95 75 -1 -1
46 27 1995 1243 202 154 116 -1 -1
41 26 1996 1323 134 98 76 -1 -1
46 27 1996 1251 197 151 112 -1 -1
41 26 1997 1329 133 93 74 -1 -1
46 27 1997 1260 193 146 107 -1 -1
41 26 1998 1332 131 94 72 -1 -1
46 27 1998 1267 182 144 113 -1 -1
41 26 1999 1337 129 90 71 -1 -1
46 27 1999 1278 175 139 114 -1 -1
41 26 2000 1339 127 89 70 -1 -1
46 27 2000 1286 173 134 109 -1 -1
46 27 2001 1293 169 131 107 -1 -1
46 27 2002 1301 168 129 101 -1 -1
46 27 2003 1308 168 124 94 -1 -1
46 27 2004 1315 161 121 96 -1 -1
46 27 2005 1321 159 119 94 -1 -1
46 27 2006 1326 159 117 87 -1 -1
46 27 2007 1331 154 114 86 -1 -1
46 27 2008 1335 151 114 86 -1 -1
46 27 2009 1343 145 109 87 -1 -1
46 27 2010 1349 142 107 89 -1 -1
46 27 2011 1352 140 105 84 -1 -1
46 27 2012 1359 141 101 79 -1 -1
46 27 2013 1361 137 102 80 -1 -1
42 28 2019 825 322 344 272 -1 -1
46 27 2019 1387 127 91 69 -1 -1
42 28 2023 939 264 288 217 -1 -1
42 28 2024 958 253 282 203 -1 -1
42 28 2025 973 240 279 202 -1 -1
42 28 2026 996 232 264 187 -1 -1
42 28 2027 1018 219 251 184 -1 -1
42 28 2028 1043 211 232 172 -1 -1
42 28 2029 1062 206 223 161 -1 -1
42 28 2030 1080 196 213 157 -1 -1
42 28 2031 1090 187 211 153 -1 -1
42 28 2032 1107 182 200 146 -1 -1
42 28 2033 1118 176 195 139 -1 -1
43 29 2033 1040 227 219 174 -1 -1
42 28 2034 1132 169 187 137 -1 -1
43 29 2034 1050 223 214 167 -1 -1
42 28 2035 1143 162 183 135 -1 -1
43 29 2035 1062 216 207 167 -1 -1
42 28 2036 1153 155 179 134 -1 -1
43 29 2036 1074 211 200 165 -1 -1
42 28 2037 1163 152 175 126 -1 -1
43 29 2037 1084 204 195 164 -1 -1
42 28 2038 1174 145 168 124 -1 -1
43 29 2038 1095 195 190 165 -1 -1
42 28 2039 1185 141 162 118 -1 -1
43 29 2039 1104 193 182 154 -1 -1
42 28 2040 1194 136 155 117 -1 -1
43 29 2040 1115 190 175 151 -1 -1
42 28 2060 1314 77 101 76 -1 -1
42 28 2064 1329 69 94 71 -1 -1
42 28 2065 1333 66 92 72 -1 -1
42 28 2066 1336 66 92 69 -1 -1
41 30 2079 789 414 396 283 -1 -1
41 30 2091 1088 260 214 165 -1 -1
41 28 2091 1153 396 341 311 -1 -1
41 30 2092 1102 253 207 159 -1 -1
41 28 2092 1175 378 319 285 -1 -1
41 30 2093 1117 243 198 156 -1 -1
41 28 2093 1196 361 298 261 -1 -1
41 30 2094 1128 238 194 147 -1 -1
41 28 2094 1213 334 282 257 -1 -1
41 30 2095 1142 230 185 146 -1 -1
41 28 2095 1228 320 271 240 -1 -1
41 30 2096 1153 225 182 140 -1 -1
41 28 2096 1240 313 259 220 -1 -1
41 30 2097 1166 218 173 139 -1 -1
41 28 2097 1246 303 256 205 -1 -1
41 30 2098 1175 213 168 133 -1 -1
41 28 2098 1268 294 233 191 -1 -1
41 30 2099 1183 207 165 130 -1 -1
41 28 2099 1280 283 220 180 -1 -1
41 30 2100 1193 202 159 124 -1 -1
41 28 2100 1289 273 212 172 -1 -1
41 30 2101 1203 197 155 123 -1 -1
41 28 2101 1300 264 205 165 -1 -1
41 30 2102 1212 193 149 118 -1 -1
41 28 2102 1309 253 195 160 -1 -1
41 30 2103 1219 188 146 117 -1 -1
41 28 2103 1316 244 189 156 -1 -1
41 30 2104 1227 183 142 115 -1 -1
41 28 2104 1322 233 183 155 -1 -1
41 30 2105 1234 180 137 113 -1 -1
41 28 2105 1329 224 177 150 -1 -1
41 30 2106 1241 176 135 110 -1 -1
41 28 2106 1334 221 175 138 -1 -1
41 30 2107 1248 172 133 108 -1 -1
41 28 2107 1341 216 168 129 -1 -1
41 30 2108 1255 169 129 105 -1 -1
41 28 2108 1344 211 167 124 -1 -1
41 30 2109 1261 165 124 104 -1 -1
41 28 2109 1347 203 165 124 -1 -1
41 30 2110 1265 162 124 98 -1 -1
41 28 2110 1355 198 155 120 -1 -1
41 30 2111 1270 158 121 98 -1 -1
41 28 2111 1358 192 151 114 -1 -1
41 30 2112 1276 154 118 98 -1 -1
41 28 2112 1368 189 142 110 -1 -1
41 30 2113 1283 152 115 94 -1 -1
41 28 2113 1375 183 137 108 -1 -1
41 30 2114 1288 149 112 91 -1 -1
41 28 2114 1376 175 137 111 -1 -1
41 30 2115 1292 145 111 90 -1 -1
41 28 2115 1381 173 133 104 -1 -1
41 30 2116 1296 144 107 87 -1 -1
41 28 2116 1383 171 130 100 -1 -1
41 30 2117 1300 141 105 85 -1 -1
41 28 2117 1388 167 126 97 -1 -1
41 30 2118 1306 138 102 85 -1 -1
41 28 2118 1391 162 124 96 -1 -1
41 30 2119 1310 136 102 84 -1 -1
41 28 2119 1394 160 123 94 -1 -1
41 30 2120 1314 135 100 81 -1 -1
41 28 2120 1397 157 120 90 -1 -1
41 30 2121 1317 133 99 81 -1 -1
41 28 2121 1399 153 120 91 -1 -1
41 30 2122 1321 130 95 79 -1 -1
41 28 2122 1403 149 114 88 -1 -1
41 30 2123 1325 128 94 78 -1 -1
41 28 2123 1406 146 113 86 -1 -1
41 30 2124 1329 126 92 78 -1 -1
41 28 2124 1411 142 108 88 -1 -1
41 30 2125 1334 125 88 74 -1 -1
41 28 2125 1414 139 105 85 -1 -1
41 30 2126 1337 123 89 73 -1 -1
41 28 2126 1418 138 102 81 -1 -1
41 30 2127 1339 121 88 71 -1 -1
41 28 2127 1419 135 101 79 -1 -1
41 28 2128 1421 133 98 76 -1 -1
41 28 2129 1423 131 97 73 -1 -1
41 28 2130 1427 128 95 72 -1 -1
41 28 2131 1427 126 97 71 -1 -1
41 28 2132 1427 125 97 69 -1 -1
41 28 2133 1429 120 95 71 -1 -1
41 28 2134 1430 118 94 72 -1 -1
41 28 2135 1433 117 91 69 -1 -1
41 28 2136 1437 116 89 69 -1 -1
42 31 2141 691 346 451 304 -1 -1
42 31 2142 739 328 422 283 -1 -1
42 31 2143 785 311 393 259 -1 -1
42 31 2144 826 294 368 245 -1 -1
42 31 2145 867 280 340 227 -1 -1
42 31 2146 898 266 321 217 -1 -1
42 31 2148 957 242 287 198 -1 -1
42 31 2149 979 230 276 198 -1 -1
42 31 2153 1062 194 228 166 -1 -1
43 32 2153 1039 228 191 142 -1 -1
42 31 2154 1077 185 223 155 -1 -1
43 32 2154 1050 225 186 134 -1 -1
42 31 2155 1092 177 214 156 -1 -1
42 33 2155 1216 250 268 222 -1 -1
43 32 2155 1062 217 181 130 -1 -1
42 31 2156 1107 173 207 143 -1 -1
42 33 2156 1234 243 251 204 -1 -1
43 32 2156 1074 213 175 124 -1 -1
42 31 2157 1122 164 198 148 -1 -1
42 33 2157 1251 229 235 195 -1 -1
43 32 2157 1082 209 173 119 -1 -1
42 31 2158 1135 158 191 147 -1 -1
42 33 2158 1263 217 227 187 -1 -1
43 32 2158 1090 203 169 117 -1 -1
42 31 2159 1148 151 185 144 -1 -1
42 33 2159 1275 209 217 176 -1 -1
43 32 2159 1103 199 163 115 -1 -1
42 31 2160 1159 147 178 136 -1 -1
42 33 2160 1285 198 212 173 -1 -1
43 32 2160 1115 194 154 112 -1 -1
42 31 2161 1170 142 171 134 -1 -1
42 33 2161 1295 192 202 156 -1 -1
43 32 2161 1123 189 152 112 -1 -1
42 31 2162 1180 138 167 127 -1 -1
42 33 2162 1305 184 195 147 -1 -1
43 32 2162 1132 186 149 108 -1 -1
42 31 2163 1190 132 162 124 -1 -1
42 33 2163 1316 165 186 155 -1 -1
43 32 2163 1138 183 146 105 -1 -1
42 31 2164 1199 129 156 120 -1 -1
42 33 2164 1324 163 179 145 -1 -1
43 32 2164 1147 179 140 104 -1 -1
42 31 2165 1207 123 154 120 -1 -1
42 33 2165 1330 160 176 133 -1 -1
43 32 2165 1155 176 137 100 -1 -1
42 31 2166 1215 119 150 116 -1 -1
42 33 2166 1335 156 173 124 -1 -1
43 32 2166 1162 175 133 95 -1 -1
42 31 2167 1224 116 146 114 -1 -1
42 33 2167 1346 149 162 125 -1 -1
43 32 2167 1168 169 131 96 -1 -1
42 31 2168 1233 111 141 112 -1 -1
42 33 2168 1351 143 159 116 -1 -1
43 32 2168 1176 167 126 92 -1 -1
42 31 2169 1240 107 137 110 -1 -1
42 33 2169 1358 138 152 115 -1 -1
43 32 2169 1181 164 124 91 -1 -1
42 31 2170 1247 105 134 105 -1 -1
42 33 2170 1363 136 149 107 -1 -1
43 32 2170 1188 161 121 89 -1 -1
42 31 2171 1254 101 132 104 -1 -1
42 33 2171 1368 128 144 109 -1 -1
43 32 2171 1193 159 121 88 -1 -1
42 31 2172 1261 97 127 102 -1 -1
42 33 2172 1374 121 140 110 -1 -1
43 32 2172 1199 156 117 85 -1 -1
42 31 2173 1266 95 124 101 -1 -1
42 33 2173 1378 119 137 103 -1 -1
43 32 2173 1204 154 117 85 -1 -1
42 31 2174 1272 92 123 101 -1 -1
42 33 2174 1383 113 133 106 -1 -1
43 32 2174 1209 152 113 82 -1 -1
42 31 2175 1278 89 118 99 -1 -1
42 33 2175 1386 112 131 98 -1 -1
43 32 2175 1214 148 112 84 -1 -1
42 31 2176 1283 86 117 96 -1 -1
42 33 2176 1390 107 128 99 -1 -1
43 32 2176 1220 148 107 78 -1 -1
42 31 2177 1289 85 114 92 -1 -1
42 33 2177 1395 105 124 95 -1 -1
43 32 2177 1225 145 104 77 -1 -1
42 31 2178 1293 82 112 91 -1 -1
42 33 2178 1400 101 121 95 -1 -1
43 32 2178 1229 145 101 75 -1 -1
42 31 2179 1297 81 111 88 -1 -1
42 33 2179 1403 98 118 91 -1 -1
43 32 2179 1234 143 97 73 -1 -1
42 31 2180 1303 78 107 86 -1 -1
42 33 2180 1406 96 115 88 -1 -1
43 32 2180 1239 139 91 74 -1 -1
42 31 2181 1308 76 104 84 -1 -1
42 33 2181 1410 93 113 86 -1 -1
43 32 2181 1243 138 94 73 -1 -1
42 31 2182 1313 73 101 85 -1 -1
42 33 2182 1414 89 110 85 -1 -1
43 32 2182 1246 135 93 73 -1 -1
42 31 2183 1316 70 101 84 -1 -1
42 33 2183 1417 86 107 84 -1 -1
43 32 2183 1249 134 94 71 -1 -1
42 31 2184 1320 69 99 82 -1 -1
42 33 2184 1419 84 105 81 -1 -1
43 32 2184 1253 133 95 69 -1 -1
42 31 2185 1324 68 97 79 -1 -1
42 33 2185 1421 82 105 79 -1 -1
43 32 2185 1257 131 92 68 -1 -1
42 31 2186 1327 66 97 78 -1 -1
42 33 2186 1425 79 102 76 -1 -1
42 31 2187 1331 65 96 76 -1 -1
42 33 2187 1427 77 100 75 -1 -1
42 31 2188 1335 63 94 76 -1 -1
42 33 2188 1429 75 98 73 -1 -1
42 31 2189 1338 61 91 74 -1 -1
42 33 2189 1432 72 95 72 -1 -1
42 31 2190 1342 60 89 72 -1 -1
42 33 2190 1434 71 94 69 -1 -1
42 33 2191 1437 69 92 69 -1 -1
42 31 2192 1349 55 86 72 -1 -1
42 33 2192 1441 66 89 69 -1 -1
41 33 2275 1283 255 250 249 -1 -1
43 30 2275 1048 217 192 143 -1 -1
43 28 2275 1250 222 165 126 -1 -1
41 33 2276 1300 241 234 238 -1 -1
43 30 2276 1061 211 185 143 -1 -1
43 28 2276 1254 218 162 121 -1 -1
41 33 2277 1311 221 223 237 -1 -1
43 30 2277 1072 207 179 135 -1 -1
43 28 2277 1256 212 165 113 -1 -1
41 33 2278 1322 218 211 216 -1 -1
43 30 2278 1084 202 173 131 -1 -1
43 28 2278 1260 207 161 107 -1 -1
41 33 2279 1330 212 202 200 -1 -1
43 30 2279 1094 198 168 126 -1 -1
43 28 2279 1261 202 163 109 -1 -1
41 33 2280 1336 205 198 192 -1 -1
43 30 2280 1106 193 160 126 -1 -1
43 28 2280 1269 198 153 108 -1 -1
41 33 2281 1342 199 192 178 -1 -1
43 30 2281 1115 189 156 121 -1 -1
43 28 2281 1287 192 132 100 -1 -1
41 33 2282 1351 191 184 170 -1 -1
43 30 2282 1124 186 153 113 -1 -1
43 28 2282 1296 184 127 99 -1 -1
41 33 2283 1362 185 172 164 -1 -1
43 30 2283 1133 180 147 117 -1 -1
43 28 2283 1300 183 123 93 -1 -1
41 33 2284 1369 178 164 157 -1 -1
43 30 2284 1141 177 146 114 -1 -1
43 28 2284 1305 181 118 87 -1 -1
41 33 2285 1375 172 159 150 -1 -1
43 30 2285 1150 175 142 108 -1 -1
43 28 2285 1310 177 115 85 -1 -1
41 33 2286 1380 167 154 144 -1 -1
43 30 2286 1156 171 137 107 -1 -1
43 28 2286 1314 175 111 82 -1 -1
41 33 2287 1385 163 150 138 -1 -1
43 30 2287 1164 168 134 104 -1 -1
43 28 2287 1317 171 111 81 -1 -1
41 33 2288 1390 158 143 134 -1 -1
43 30 2288 1170 166 131 101 -1 -1
43 28 2288 1321 167 110 79 -1 -1
41 33 2289 1396 154 138 128 -1 -1
43 30 2289 1179 162 128 99 -1 -1
43 28 2289 1322 163 114 79 -1 -1
43 30 2290 1184 159 126 97 -1 -1
43 28 2290 1325 161 113 76 -1 -1
43 30 2291 1190 156 123 97 -1 -1
43 28 2291 1333 156 107 78 -1 -1
43 30 2292 1196 153 120 95 -1 -1
43 28 2292 1337 152 103 78 -1 -1
43 30 2293 1202 152 118 91 -1 -1
43 28 2293 1342 151 97 72 -1 -1
43 30 2294 1208 150 113 88 -1 -1
43 28 2294 1345 149 95 71 -1 -1
43 30 2295 1214 147 110 89 -1 -1
43 28 2295 1346 146 98 70 -1 -1
43 30 2296 1219 145 109 87 -1 -1
43 28 2296 1350 144 94 70 -1 -1
43 30 2297 1224 143 107 84 -1 -1
43 28 2297 1352 141 95 70 -1 -1
43 30 2298 1229 141 104 82 -1 -1
43 30 2299 1234 139 98 82 -1 -1
43 28 2299 1354 138 94 67 -1 -1
43 30 2300 1239 137 97 79 -1 -1
43 28 2300 1356 135 95 68 -1 -1
43 30 2301 1243 134 94 79 -1 -1
43 28 2301 1359 132 94 68 -1 -1
43 30 2302 1249 134 84 74 -1 -1
43 30 2303 1252 131 87 75 -1 -1
43 30 2304 1257 129 85 75 -1 -1
44 28 2520 1330 175 140 101 -1 -1
46 30 2520 1402 102 91 82 -1 -1
45 28 2535 1100 332 236 176 -1 -1
45 28 2536 1115 308 229 187 -1 -1
45 28 2537 1132 308 219 170 -1 -1
45 28 2538 1147 312 213 153 -1 -1
45 28 2539 1163 309 201 142 -1 -1
45 28 2540 1175 303 194 134 -1 -1
45 28 2541 1187 297 187 128 -1 -1
45 28 2542 1197 290 182 127 -1 -1
46 34 2542 897 379 333 264 -1 -1
45 28 2543 1207 286 178 119 -1 -1
46 34 2543 929 364 320 244 -1 -1
45 28 2544 1219 282 168 114 -1 -1
46 34 2544 963 351 300 226 -1 -1
45 28 2545 1230 268 162 118 -1 -1
46 34 2545 983 335 288 211 -1 -1
45 28 2546 1238 253 158 125 -1 -1
46 34 2546 1007 320 274 207 -1 -1
45 28 2547 1247 250 153 120 -1 -1
46 34 2547 1027 310 265 197 -1 -1
45 28 2548 1256 253 149 109 -1 -1
46 34 2548 1053 301 245 187 -1 -1
45 28 2549 1263 254 146 100 -1 -1
46 34 2549 1073 293 233 179 -1 -1
45 28 2550 1269 251 143 95 -1 -1
46 34 2550 1094 282 221 171 -1 -1
45 28 2551 1276 248 140 92 -1 -1
46 34 2551 1109 273 214 170 -1 -1
45 28 2552 1283 242 136 91 -1 -1
46 34 2552 1122 266 210 160 -1 -1
45 28 2553 1289 239 134 89 -1 -1
46 34 2553 1137 258 201 153 -1 -1
45 28 2554 1296 236 129 89 -1 -1
46 34 2554 1150 251 197 147 -1 -1
45 28 2555 1302 233 126 85 -1 -1
46 34 2555 1164 243 191 144 -1 -1
45 28 2556 1306 232 124 82 -1 -1
46 34 2556 1176 240 184 134 -1 -1
45 28 2557 1312 229 121 78 -1 -1
46 34 2557 1186 228 179 137 -1 -1
45 28 2558 1318 224 118 78 -1 -1
46 34 2558 1198 224 173 131 -1 -1
45 28 2559 1325 220 114 77 -1 -1
46 34 2559 1211 218 166 128 -1 -1
45 28 2560 1328 218 114 76 -1 -1
46 34 2560 1220 213 162 124 -1 -1
45 28 2561 1332 216 113 75 -1 -1
46 34 2561 1229 208 159 123 -1 -1
45 28 2562 1338 214 108 72 -1 -1
46 34 2562 1239 204 153 118 -1 -1
45 28 2563 1342 213 107 69 -1 -1
46 34 2563 1246 198 150 117 -1 -1
45 28 2564 1346 210 105 69 -1 -1
46 34 2564 1255 196 146 113 -1 -1
45 28 2565 1351 208 102 68 -1 -1
46 34 2565 1262 189 144 114 -1 -1
45 28 2566 1354 205 101 66 -1 -1
46 34 2566 1271 186 139 110 -1 -1
45 28 2567 1359 202 97 65 -1 -1
46 34 2567 1276 183 136 105 -1 -1
45 28 2568 1364 200 96 65 -1 -1
46 34 2568 1283 178 133 105 -1 -1
46 34 2569 1290 175 130 102 -1 -1
45 36 2570 1104 263 161 107 -1 -1
46 34 2570 1298 172 127 100 -1 -1
45 36 2571 1113 257 159 111 -1 -1
46 34 2571 1303 170 124 95 -1 -1
45 36 2572 1125 253 153 108 -1 -1
46 34 2572 1309 167 121 92 -1 -1
45 36 2573 1134 249 152 103 -1 -1
46 34 2573 1314 163 121 91 -1 -1
45 36 2574 1142 245 149 106 -1 -1
46 34 2574 1318 159 120 93 -1 -1
45 36 2575 1152 238 145 105 -1 -1
46 34 2575 1324 157 117 90 -1 -1
45 36 2576 1161 238 140 103 -1 -1
46 34 2576 1332 155 111 87 -1 -1
45 36 2577 1168 235 140 99 -1 -1
46 34 2577 1334 152 111 84 -1 -1
45 36 2578 1178 233 134 93 -1 -1
46 34 2578 1338 151 111 82 -1 -1
45 36 2579 1185 230 131 94 -1 -1
46 34 2579 1343 148 108 81 -1 -1
45 36 2580 1192 227 131 92 -1 -1
46 34 2580 1349 147 104 78 -1 -1
45 36 2581 1200 223 127 92 -1 -1
46 34 2581 1354 145 102 76 -1 -1
45 36 2582 1207 220 124 92 -1 -1
46 34 2582 1356 139 102 79 -1 -1
45 36 2583 1216 218 120 87 -1 -1
46 34 2583 1360 138 101 76 -1 -1
45 36 2584 1223 216 117 86 -1 -1
46 34 2584 1363 138 100 73 -1 -1
45 36 2585 1229 216 114 71 -1 -1
46 34 2585 1368 134 98 75 -1 -1
45 36 2586 1235 213 113 72 -1 -1
46 34 2586 1373 132 95 75 -1 -1
45 36 2587 1241 210 110 72 -1 -1
46 34 2587 1376 130 92 73 -1 -1
45 36 2588 1247 206 108 77 -1 -1
46 34 2588 1377 128 94 72 -1 -1
45 36 2589 1254 207 103 70 -1 -1
46 34 2589 1382 128 91 68 -1 -1
45 36 2590 1259 206 100 65 -1 -1
46 34 2590 1386 126 91 69 -1 -1
45 36 2591 1264 203 102 68 -1 -1
45 36 2592 1268 201 101 66 -1 -1
45 36 2593 1274 197 99 67 -1 -1
45 36 2594 1280 195 96 69 -1 -1
45 36 2595 1285 193 94 68 -1 -1
46 28 2664 1455 158 117 88 -1 -1
46 37 2664 932 353 352 258 -1 -1
46 28 2665 1460 153 115 86 -1 -1
46 37 2665 966 336 331 241 -1 -1
46 28 2666 1463 150 114 85 -1 -1
46 37 2666 997 324 311 227 -1 -1
46 28 2667 1464 148 114 82 -1 -1
46 37 2667 1024 312 294 214 -1 -1
46 28 2668 1466 145 110 82 -1 -1
46 37 2668 1049 304 276 193 -1 -1
46 28 2669 1469 142 107 79 -1 -1
46 37 2669 1072 292 263 191 -1 -1
46 28 2670 1472 139 107 79 -1 -1
46 37 2670 1090 283 255 185 -1 -1
46 28 2671 1475 138 104 76 -1 -1
46 37 2671 1111 273 243 181 -1 -1
46 28 2672 1478 134 102 76 -1 -1
46 37 2672 1130 263 231 179 -1 -1
46 28 2673 1480 133 98 73 -1 -1
46 37 2673 1146 253 220 173 -1 -1
46 28 2674 1481 130 98 73 -1 -1
46 37 2674 1161 246 213 165 -1 -1
46 28 2675 1484 127 97 73 -1 -1
46 37 2675 1176 239 205 158 -1 -1
46 28 2676 1488 125 94 71 -1 -1
46 37 2676 1189 231 199 156 -1 -1
46 28 2677 1490 124 92 68 -1 -1
46 37 2677 1201 225 194 149 -1 -1
46 28 2678 1490 122 92 69 -1 -1
46 37 2678 1213 220 185 144 -1 -1
46 28 2679 1490 119 92 68 -1 -1
46 37 2679 1224 213 179 142 -1 -1
45 38 2680 1360 189 121 106 -1 -1
46 37 2680 1235 208 172 137 -1 -1
45 38 2681 1364 191 120 99 -1 -1
46 37 2681 1247 203 166 134 -1 -1
46 37 2682 1255 197 162 130 -1 -1
46 37 2683 1264 194 156 127 -1 -1
46 37 2684 1273 189 152 123 -1 -1
46 37 2685 1282 185 147 118 -1 -1
46 37 2686 1289 180 144 117 -1 -1
45 38 2687 1394 183 101 81 -1 -1
46 37 2687 1296 177 142 114 -1 -1
45 38 2688 1400 179 96 80 -1 -1
46 37 2688 1303 173 136 111 -1 -1
45 38 2689 1402 176 96 81 -1 -1
46 37 2689 1309 170 134 108 -1 -1
45 38 2690 1404 174 97 79 -1 -1
46 37 2690 1315 167 131 104 -1 -1
45 38 2691 1406 172 98 78 -1 -1
46 37 2691 1321 163 130 104 -1 -1
45 38 2692 1409 173 95 73 -1 -1
46 37 2692 1328 160 126 101 -1 -1
45 38 2693 1414 172 91 72 -1 -1
46 37 2693 1333 156 123 99 -1 -1
46 37 2694 1337 154 120 97 -1 -1
