7 245 1945 39 986 201 182 -1 -1
7 245 1946 67 973 350 204 -1 -1
7 245 1947 97 942 511 266 -1 -1
7 245 1948 130 935 681 281 -1 -1
7 245 1949 164 932 852 285 -1 -1
7 245 1950 197 930 1041 287 -1 -1
7 245 1951 234 926 1222 295 -1 -1
7 245 1952 342 923 1286 300 -1 -1
7 245 1953 472 920 1297 311 -1 -1
7 245 1954 609 915 1310 320 -1 -1
7 245 1955 751 911 1315 329 -1 -1
7 245 1956 898 906 1307 340 -1 -1
7 245 1957 1046 899 1299 353 -1 -1
7 245 1958 1198 891 1281 369 -1 -1
7 245 1959 1330 884 1173 387 -1 -1
7 245 1960 1440 876 955 403 -1 -1
7 245 1961 1548 868 739 416 -1 -1
7 245 1962 1655 861 524 430 -1 -1
7 245 1963 1759 869 316 408 -1 -1
7 245 1964 1861 886 113 285 -1 -1
7 230 1855 109 266 233 76 -1 -1
7 230 1856 163 264 192 79 -1 -1
7 230 1857 176 263 233 81 -1 -1
7 230 1858 205 262 236 81 -1 -1
7 230 1859 238 261 237 81 -1 -1
7 230 1860 268 260 239 84 -1 -1
7 230 1861 297 259 246 84 -1 -1
7 230 1862 328 258 243 82 -1 -1
7 230 1863 357 257 245 84 -1 -1
7 230 1864 386 257 249 82 -1 -1
7 230 1865 416 257 247 85 -1 -1
7 230 1866 685 258 249 95 -1 -1
7 230 1867 704 259 246 94 -1 -1
7 230 1868 722 260 249 98 -1 -1
7 230 1869 739 260 245 100 -1 -1
7 230 1870 756 262 245 98 -1 -1
7 230 1871 772 263 240 101 -1 -1
7 230 1872 788 265 242 101 -1 -1
7 230 1873 804 267 240 101 -1 -1
7 230 1874 819 268 237 104 -1 -1
7 230 1875 833 269 237 104 -1 -1
7 230 1876 846 271 236 105 -1 -1
7 230 1877 859 272 234 107 -1 -1
7 230 1878 871 274 234 108 -1 -1
7 230 1879 882 276 232 108 -1 -1
7 230 1880 892 278 230 111 -1 -1
7 230 1881 902 279 230 111 -1 -1
7 230 1882 911 281 229 113 -1 -1
7 230 1883 920 282 226 116 -1 -1
7 230 1884 928 284 224 116 -1 -1
7 230 1885 936 286 221 117 -1 -1
7 230 1886 943 287 220 118 -1 -1
7 230 1887 950 289 218 120 -1 -1
7 230 1888 957 291 217 118 -1 -1
7 230 1889 962 292 216 118 -1 -1
7 230 1890 968 293 214 120 -1 -1
7 230 1891 973 296 213 121 -1 -1
7 230 1892 978 296 208 123 -1 -1
7 230 1893 981 296 208 126 -1 -1
7 230 1894 985 298 205 129 -1 -1
7 230 1895 987 300 204 126 -1 -1
7 230 1896 989 301 204 126 -1 -1
7 230 1897 991 302 203 129 -1 -1
7 230 1898 993 303 200 129 -1 -1
7 230 1899 994 303 200 129 -1 -1
7 230 1900 995 304 200 130 -1 -1
7 230 1901 997 305 197 129 -1 -1
7 230 1902 997 305 200 129 -1 -1
7 230 1903 999 305 197 130 -1 -1
7 230 1904 999 305 198 130 -1 -1
7 230 1905 1000 306 198 130 -1 -1
7 230 1906 1001 306 197 131 -1 -1
7 230 1907 1001 307 197 131 -1 -1
7 230 1908 1002 307 195 130 -1 -1
7 230 1909 1002 307 195 130 -1 -1
7 230 1910 1002 307 195 130 -1 -1
7 230 1911 1002 307 195 130 -1 -1
7 230 1912 1001 307 198 130 -1 -1
7 230 1913 1002 307 195 130 -1 -1
7 230 1914 1002 307 195 130 -1 -1
7 230 1915 1001 306 198 133 -1 -1
7 230 1916 1002 307 195 131 -1 -1
7 230 1917 1002 307 195 131 -1 -1
7 230 1918 1002 307 195 131 -1 -1
7 230 1919 1002 307 195 131 -1 -1
7 230 1920 1002 307 195 131 -1 -1
7 230 1921 1002 306 195 130 -1 -1
7 230 1922 1001 306 198 133 -1 -1
7 230 1923 1001 307 198 131 -1 -1
7 230 1924 1002 307 195 131 -1 -1
7 230 1925 1002 307 195 131 -1 -1
7 230 1926 1003 307 195 131 -1 -1
7 230 1927 1003 307 195 131 -1 -1
7 230 1928 1003 307 195 131 -1 -1
7 230 1929 1003 307 195 131 -1 -1
7 230 1930 1002 306 195 130 -1 -1
7 230 1931 1001 307 198 131 -1 -1
7 230 1932 1001 306 197 130 -1 -1
7 230 1933 1001 307 198 131 -1 -1
7 230 1934 1001 306 197 130 -1 -1
7 230 1935 1001 306 197 130 -1 -1
7 230 1936 1001 306 197 130 -1 -1
7 230 1937 1001 306 197 130 -1 -1
7 230 1938 1002 306 195 130 -1 -1
7 230 1939 1002 306 195 130 -1 -1
7 230 1940 1002 306 195 130 -1 -1
7 230 1941 1002 306 195 130 -1 -1
7 230 1942 1002 306 195 130 -1 -1
7 230 1943 1002 306 195 130 -1 -1
7 230 1944 1001 306 198 130 -1 -1
7 230 1945 1001 306 197 130 -1 -1
7 230 1946 1001 306 197 131 -1 -1
7 230 1947 1000 306 198 130 -1 -1
7 230 1948 1000 307 198 131 -1 -1
7 230 1949 999 307 198 131 -1 -1
7 230 1950 999 307 198 131 -1 -1
7 230 1951 999 307 198 130 -1 -1
7 230 1952 999 307 198 131 -1 -1
7 230 1953 1000 307 198 130 -1 -1
7 230 1954 1000 307 198 130 -1 -1
7 230 1955 1001 307 197 130 -1 -1
7 230 1956 1001 307 197 129 -1 -1
7 230 1957 1001 306 198 130 -1 -1
7 230 1958 1001 306 198 130 -1 -1
7 230 1959 1001 306 198 130 -1 -1
7 230 1960 1001 306 198 130 -1 -1
7 230 1961 1001 306 198 130 -1 -1
7 230 1962 1001 307 198 131 -1 -1
7 230 1963 1001 307 197 129 -1 -1
7 230 1964 1000 306 198 130 -1 -1
7 230 1965 1000 307 198 131 -1 -1
7 125 1922 8 803 44 169 -1 -1
7 125 1923 25 795 136 272 -1 -1
7 125 1924 45 791 232 304 -1 -1
7 125 1925 62 769 330 332 -1 -1
7 125 1926 82 747 432 356 -1 -1
7 125 1927 102 734 536 363 -1 -1
7 125 1928 123 725 643 385 -1 -1
7 125 1929 143 725 751 419 -1 -1
7 125 1930 162 716 852 421 -1 -1
7 125 1931 209 706 906 420 -1 -1
7 125 1932 283 693 901 416 -1 -1
7 125 1933 354 683 894 411 -1 -1
7 125 1934 425 669 883 408 -1 -1
7 125 1935 496 656 867 404 -1 -1
7 125 1936 564 647 848 392 -1 -1
7 125 1937 633 632 829 391 -1 -1
7 125 1938 698 618 804 382 -1 -1
7 125 1939 762 606 778 372 -1 -1
7 125 1940 821 593 752 366 -1 -1
7 125 1941 879 578 723 362 -1 -1
7 125 1942 933 564 693 356 -1 -1
7 125 1943 983 551 661 345 -1 -1
7 125 1944 1029 539 632 333 -1 -1
7 125 1945 1073 524 597 326 -1 -1
7 125 1946 1113 511 566 321 -1 -1
7 125 1947 1149 498 539 311 -1 -1
7 125 1948 1182 486 508 300 -1 -1
7 125 1949 1212 475 478 291 -1 -1
7 125 1950 1239 463 450 281 -1 -1
7 125 1951 1265 452 419 274 -1 -1
7 125 1952 1286 442 395 266 -1 -1
7 125 1953 1305 431 372 262 -1 -1
7 125 1954 1323 423 345 252 -1 -1
7 125 1955 1341 414 321 245 -1 -1
7 125 1956 1351 405 300 236 -1 -1
7 125 1957 1363 396 279 230 -1 -1
7 125 1958 1372 390 263 223 -1 -1
7 125 1959 1379 382 247 217 -1 -1
7 125 1960 1384 375 234 213 -1 -1
7 125 1961 1388 367 223 208 -1 -1
7 125 1962 1388 360 216 204 -1 -1
7 125 1963 1387 356 213 197 -1 -1
7 125 1964 1384 346 211 201 -1 -1
7 125 1965 1381 343 210 192 -1 -1
7 141 1943 21 736 108 250 -1 -1
7 141 1944 39 741 210 327 -1 -1
7 141 1945 58 716 305 356 -1 -1
7 141 1946 77 690 404 382 -1 -1
7 141 1947 95 680 504 374 -1 -1
7 141 1948 115 670 603 369 -1 -1
7 141 1949 134 656 698 372 -1 -1
7 141 1950 152 665 796 459 -1 -1
7 141 1951 169 655 890 461 -1 -1
7 141 1952 185 644 978 459 -1 -1
7 141 1953 222 632 1026 458 -1 -1
7 141 1954 288 622 1010 450 -1 -1
7 141 1955 352 608 990 448 -1 -1
7 141 1956 413 597 972 442 -1 -1
7 141 1957 472 585 954 437 -1 -1
7 141 1958 529 574 930 430 -1 -1
7 141 1959 586 559 909 429 -1 -1
7 141 1960 638 547 878 420 -1 -1
7 141 1961 690 536 854 413 -1 -1
7 141 1962 739 523 829 410 -1 -1
7 141 1963 783 514 800 395 -1 -1
7 141 1964 827 503 764 391 -1 -1
7 141 1965 871 490 733 387 -1 -1
9 222 1834 653 285 82 78 -1 -1
9 222 1835 653 287 85 78 -1 -1
9 222 1836 652 290 91 79 -1 -1
9 222 1837 652 291 88 81 -1 -1
9 222 1838 653 293 89 82 -1 -1
9 222 1839 652 295 91 84 -1 -1
9 222 1840 652 298 95 85 -1 -1
9 222 1841 652 300 98 85 -1 -1
9 222 1842 652 302 98 87 -1 -1
9 222 1843 652 304 98 88 -1 -1
9 222 1844 654 307 95 89 -1 -1
9 222 1845 653 309 98 91 -1 -1
9 222 1846 652 311 101 92 -1 -1
9 222 1847 650 313 104 94 -1 -1
9 222 1848 649 316 104 95 -1 -1
9 222 1849 648 319 107 97 -1 -1
9 222 1850 647 320 108 100 -1 -1
9 222 1851 646 323 110 100 -1 -1
9 222 1852 644 325 114 102 -1 -1
9 222 1853 642 328 118 102 -1 -1
9 222 1854 641 331 120 105 -1 -1
9 222 1855 641 332 120 107 -1 -1
9 222 1856 642 335 120 108 -1 -1
9 222 1857 642 337 121 110 -1 -1
9 222 1858 641 340 120 111 -1 -1
9 222 1859 641 343 120 111 -1 -1
9 222 1860 639 344 124 114 -1 -1
9 222 1861 638 347 126 116 -1 -1
9 222 1862 636 349 127 117 -1 -1
9 222 1863 635 352 131 117 -1 -1
9 222 1864 634 354 133 120 -1 -1
9 222 1865 634 356 131 121 -1 -1
9 222 1866 634 358 133 124 -1 -1
9 222 1867 634 361 131 124 -1 -1
9 222 1868 633 363 134 124 -1 -1
9 222 1869 632 366 136 126 -1 -1
9 222 1870 632 368 136 129 -1 -1
9 222 1871 631 370 139 131 -1 -1
9 222 1872 630 372 140 133 -1 -1
9 222 1873 630 375 143 133 -1 -1
9 222 1874 629 377 143 134 -1 -1
9 222 1875 627 379 146 134 -1 -1
9 222 1876 626 381 146 136 -1 -1
9 222 1877 626 383 147 139 -1 -1
9 222 1878 626 384 147 140 -1 -1
9 222 1879 626 386 147 142 -1 -1
9 222 1880 626 388 149 142 -1 -1
9 222 1881 625 391 153 143 -1 -1
9 222 1882 625 391 153 146 -1 -1
9 222 1883 624 393 155 149 -1 -1
9 222 1884 623 393 156 155 -1 -1
9 222 1885 622 393 159 158 -1 -1
9 222 1886 622 396 159 159 -1 -1
9 222 1887 621 396 158 162 -1 -1
9 222 1888 621 397 160 168 -1 -1
9 222 1889 621 399 163 169 -1 -1
9 222 1890 621 401 162 171 -1 -1
9 222 1891 621 410 162 156 -1 -1
9 222 1892 621 412 165 158 -1 -1
9 222 1893 622 414 165 160 -1 -1
9 222 1894 622 416 165 160 -1 -1
9 222 1895 621 419 168 163 -1 -1
9 222 1896 621 421 168 163 -1 -1
9 222 1897 622 421 171 169 -1 -1
9 222 1898 621 424 172 169 -1 -1
9 222 1899 621 427 176 169 -1 -1
9 222 1900 620 429 176 169 -1 -1
9 222 1901 621 432 176 169 -1 -1
9 222 1902 622 433 179 172 -1 -1
9 222 1903 621 435 181 175 -1 -1
9 222 1904 622 435 181 179 -1 -1
9 222 1905 621 437 184 181 -1 -1
9 222 1906 622 437 182 185 -1 -1
9 222 1907 623 438 185 188 -1 -1
9 222 1908 623 441 185 189 -1 -1
9 222 1909 623 440 187 195 -1 -1
9 222 1910 622 442 188 195 -1 -1
9 222 1911 620 446 192 191 -1 -1
9 222 1912 618 447 197 192 -1 -1
9 222 1913 616 452 198 188 -1 -1
9 222 1914 617 454 197 187 -1 -1
9 222 1915 617 457 197 185 -1 -1
9 222 1916 617 458 197 189 -1 -1
9 222 1917 615 459 201 189 -1 -1
9 222 1918 616 460 201 189 -1 -1
9 222 1919 617 461 201 191 -1 -1
9 222 1920 614 463 207 192 -1 -1
9 222 1921 610 462 214 197 -1 -1
9 222 1922 610 463 214 197 -1 -1
9 222 1923 612 464 211 197 -1 -1
9 222 1924 610 465 214 197 -1 -1
9 222 1925 609 466 216 198 -1 -1
9 222 1926 609 467 214 198 -1 -1
9 222 1927 608 467 217 200 -1 -1
9 222 1928 608 468 217 198 -1 -1
9 222 1929 609 468 214 198 -1 -1
9 222 1930 610 468 213 201 -1 -1
9 222 1931 612 469 208 200 -1 -1
9 222 1932 612 469 211 200 -1 -1
9 222 1933 609 470 216 201 -1 -1
9 222 1934 609 470 216 201 -1 -1
9 222 1935 609 470 216 203 -1 -1
9 222 1936 609 471 216 201 -1 -1
9 222 1937 611 471 213 201 -1 -1
9 222 1938 611 470 213 203 -1 -1
9 222 1939 612 470 208 201 -1 -1
9 222 1940 611 470 211 203 -1 -1
9 222 1941 609 469 214 205 -1 -1
9 222 1942 613 469 207 205 -1 -1
9 222 1943 614 469 204 205 -1 -1
9 222 1944 613 470 207 203 -1 -1
9 222 1945 615 468 205 205 -1 -1
9 222 1946 614 469 207 204 -1 -1
9 222 1947 614 470 207 201 -1 -1
9 222 1948 613 470 210 201 -1 -1
9 222 1949 612 470 210 200 -1 -1
9 222 1950 612 471 210 200 -1 -1
9 222 1951 610 471 213 200 -1 -1
9 222 1952 609 471 214 200 -1 -1
9 222 1953 609 471 214 200 -1 -1
9 222 1954 608 471 216 200 -1 -1
9 222 1955 608 471 216 200 -1 -1
9 222 1956 607 471 218 200 -1 -1
9 222 1957 611 471 210 201 -1 -1
9 222 1958 611 471 208 200 -1 -1
9 222 1959 612 472 208 201 -1 -1
9 222 1960 612 472 210 200 -1 -1
9 222 1961 613 472 208 200 -1 -1
9 222 1962 613 472 208 198 -1 -1
9 222 1963 612 472 208 200 -1 -1
9 222 1964 611 472 210 200 -1 -1
9 222 1965 609 472 213 200 -1 -1
9 222 1966 609 472 214 200 -1 -1
9 222 1967 607 472 216 200 -1 -1
9 222 1968 608 472 214 200 -1 -1
9 222 1969 611 473 211 198 -1 -1
9 222 1970 611 473 210 198 -1 -1
9 222 1971 613 472 201 200 -1 -1
9 222 1972 613 472 201 200 -1 -1
9 222 1973 613 472 200 200 -1 -1
9 222 1974 613 472 198 201 -1 -1
9 222 1975 612 472 203 200 -1 -1
9 222 1976 611 472 205 200 -1 -1
9 222 1977 611 473 208 198 -1 -1
9 222 1978 610 472 205 200 -1 -1
9 222 1979 610 472 205 200 -1 -1
9 222 1980 610 472 203 200 -1 -1
9 222 1981 609 473 207 198 -1 -1
9 222 1982 609 473 207 198 -1 -1
9 222 1983 609 473 207 198 -1 -1
9 222 1984 610 473 204 200 -1 -1
9 222 1985 611 472 203 200 -1 -1
9 222 1986 611 472 204 200 -1 -1
9 222 1987 611 472 204 200 -1 -1
9 222 1988 611 473 207 198 -1 -1
9 222 1989 612 473 203 198 -1 -1
9 222 1990 612 472 200 200 -1 -1
9 222 1991 613 472 198 200 -1 -1
9 222 1992 612 472 201 200 -1 -1
9 222 1993 612 472 201 200 -1 -1
9 222 1994 613 472 198 200 -1 -1
9 222 1995 612 472 200 200 -1 -1
9 222 1996 613 472 200 200 -1 -1
9 222 1997 614 472 198 200 -1 -1
9 222 1998 614 472 203 200 -1 -1
9 222 1999 614 472 200 200 -1 -1
9 222 2000 615 472 201 200 -1 -1
9 222 2001 615 472 200 200 -1 -1
9 222 2002 615 473 201 198 -1 -1
9 222 2003 614 472 198 201 -1 -1
9 222 2004 614 472 197 200 -1 -1
9 222 2005 613 472 198 200 -1 -1
9 222 2006 612 472 200 200 -1 -1
9 222 2007 612 472 201 200 -1 -1
9 222 2008 613 472 198 200 -1 -1
9 222 2009 613 472 198 200 -1 -1
9 222 2010 614 472 198 200 -1 -1
9 222 2011 612 472 207 200 -1 -1
9 222 2012 611 472 208 200 -1 -1
9 222 2013 612 473 207 198 -1 -1
9 222 2014 611 473 208 198 -1 -1
9 222 2015 612 473 207 198 -1 -1
9 222 2016 611 473 208 198 -1 -1
9 222 2017 611 473 207 198 -1 -1
9 222 2018 609 473 208 200 -1 -1
9 222 2019 611 473 203 198 -1 -1
9 222 2020 611 473 203 198 -1 -1
9 222 2021 609 473 207 198 -1 -1
9 222 2022 611 473 204 198 -1 -1
9 222 2023 611 473 207 200 -1 -1
9 222 2024 612 473 205 198 -1 -1
9 222 2025 613 474 205 198 -1 -1
9 222 2026 612 474 207 200 -1 -1
9 222 2027 611 475 211 201 -1 -1
9 222 2028 610 475 211 203 -1 -1
9 222 2029 609 476 213 203 -1 -1
9 222 2030 609 477 210 205 -1 -1
9 222 2031 608 478 210 207 -1 -1
9 222 2032 608 479 211 210 -1 -1
9 222 2033 607 481 213 208 -1 -1
9 222 2034 607 485 213 208 -1 -1
9 222 2035 607 487 213 213 -1 -1
9 222 2036 608 489 213 214 -1 -1
9 222 2037 608 492 214 216 -1 -1
9 222 2038 610 495 221 220 -1 -1
9 222 2039 610 500 224 221 -1 -1
9 222 2040 608 504 226 223 -1 -1
9 222 2041 608 508 229 226 -1 -1
9 222 2042 606 513 232 229 -1 -1
9 222 2043 605 517 233 236 -1 -1
9 222 2044 603 522 236 242 -1 -1
9 222 2045 600 530 242 243 -1 -1
9 222 2046 599 536 246 247 -1 -1
9 222 2047 598 543 249 252 -1 -1
9 222 2048 596 549 255 261 -1 -1
9 222 2049 595 557 259 268 -1 -1
9 222 2050 592 566 266 272 -1 -1
9 222 2051 589 576 274 279 -1 -1
9 222 2052 586 585 282 290 -1 -1
9 222 2053 583 595 288 297 -1 -1
9 222 2054 579 607 292 304 -1 -1
9 222 2055 573 620 304 317 -1 -1
9 222 2056 567 633 313 326 -1 -1
9 222 2057 561 648 321 339 -1 -1
9 222 2058 553 663 332 356 -1 -1
9 222 2059 546 680 343 371 -1 -1
9 222 2060 535 699 359 382 -1 -1
9 222 2061 526 720 371 403 -1 -1
9 222 2062 513 743 388 421 -1 -1
9 222 2063 501 765 407 448 -1 -1
9 222 2064 486 793 427 474 -1 -1
9 222 2065 468 821 452 503 -1 -1
9 222 2066 450 841 481 469 -1 -1
9 222 2067 428 863 511 426 -1 -1
9 222 2068 408 886 539 378 -1 -1
9 222 2069 380 916 566 316 -1 -1
9 222 2070 382 948 546 256 -1 -1
9 222 2071 366 981 551 188 -1 -1
9 222 2072 358 1022 523 113 -1 -1
9 217 1757 563 293 85 75 -1 -1
9 217 1758 562 295 87 76 -1 -1
9 217 1759 561 298 87 76 -1 -1
9 217 1760 561 300 88 78 -1 -1
9 217 1761 559 303 88 81 -1 -1
9 217 1762 557 305 92 82 -1 -1
9 217 1763 555 308 94 84 -1 -1
9 217 1764 555 311 95 87 -1 -1
9 217 1765 554 314 95 87 -1 -1
9 217 1766 553 316 97 91 -1 -1
9 217 1767 550 320 98 91 -1 -1
9 217 1768 549 321 98 94 -1 -1
9 217 1769 549 326 97 95 -1 -1
9 217 1770 545 328 102 97 -1 -1
9 217 1771 544 331 101 98 -1 -1
9 217 1772 542 334 102 100 -1 -1
9 217 1773 538 337 107 100 -1 -1
9 217 1774 536 340 111 104 -1 -1
9 217 1775 533 343 110 107 -1 -1
9 217 1776 531 347 113 107 -1 -1
9 217 1777 527 349 117 110 -1 -1
9 217 1778 524 353 120 111 -1 -1
9 217 1779 522 355 120 114 -1 -1
9 217 1780 519 359 124 117 -1 -1
9 217 1781 515 362 126 117 -1 -1
9 217 1782 514 365 127 120 -1 -1
9 217 1783 511 369 129 121 -1 -1
9 217 1784 508 372 129 124 -1 -1
9 217 1785 505 375 133 126 -1 -1
9 217 1786 501 379 136 127 -1 -1
9 217 1787 498 382 136 130 -1 -1
9 217 1788 495 386 139 133 -1 -1
9 217 1789 491 388 142 136 -1 -1
9 217 1790 487 392 146 139 -1 -1
9 217 1791 486 394 147 142 -1 -1
9 217 1792 483 399 147 143 -1 -1
9 217 1793 480 402 149 146 -1 -1
9 217 1794 475 406 152 147 -1 -1
9 217 1795 473 410 153 147 -1 -1
9 217 1796 469 413 156 150 -1 -1
9 217 1797 465 417 160 153 -1 -1
9 217 1798 462 420 160 155 -1 -1
9 217 1799 458 423 162 156 -1 -1
9 217 1800 454 427 166 159 -1 -1
9 217 1801 450 430 171 163 -1 -1
9 217 1802 448 432 171 166 -1 -1
9 217 1803 445 436 174 166 -1 -1
9 217 1804 442 439 174 171 -1 -1
9 217 1805 438 442 176 175 -1 -1
9 217 1806 435 446 179 174 -1 -1
9 217 1807 432 449 181 175 -1 -1
9 217 1808 428 453 182 175 -1 -1
9 217 1809 423 456 188 179 -1 -1
9 217 1810 421 459 185 181 -1 -1
9 217 1811 417 462 188 182 -1 -1
9 217 1812 413 464 192 184 -1 -1
9 217 1813 409 467 194 189 -1 -1
9 217 1814 406 470 197 188 -1 -1
9 217 1815 404 472 197 192 -1 -1
9 217 1816 400 475 201 195 -1 -1
9 217 1817 398 477 203 197 -1 -1
9 217 1818 395 479 204 198 -1 -1
9 217 1819 393 482 207 200 -1 -1
9 217 1820 390 484 208 203 -1 -1
9 217 1821 386 486 210 203 -1 -1
9 217 1822 384 488 211 204 -1 -1
9 217 1823 381 490 213 204 -1 -1
9 217 1824 379 492 214 207 -1 -1
9 217 1825 377 493 216 208 -1 -1
9 217 1826 376 495 214 211 -1 -1
9 217 1827 375 496 217 213 -1 -1
9 217 1828 374 497 217 211 -1 -1
9 217 1829 374 498 217 213 -1 -1
9 217 1830 373 499 217 213 -1 -1
9 217 1831 372 499 217 216 -1 -1
9 217 1832 370 500 220 217 -1 -1
9 217 1833 369 501 220 217 -1 -1
9 217 1834 369 501 221 216 -1 -1
9 217 1835 368 502 221 216 -1 -1
9 217 1836 366 503 221 217 -1 -1
9 217 1837 366 504 221 217 -1 -1
9 217 1838 366 504 221 216 -1 -1
9 217 1839 365 504 223 216 -1 -1
9 217 1840 365 504 223 216 -1 -1
9 217 1841 366 505 221 216 -1 -1
9 217 1842 365 505 223 217 -1 -1
9 217 1843 366 505 223 217 -1 -1
9 217 1844 366 505 223 217 -1 -1
9 217 1845 366 505 223 217 -1 -1
9 217 1846 366 505 223 214 -1 -1
9 217 1847 366 505 221 216 -1 -1
9 217 1848 365 505 223 216 -1 -1
9 217 1849 364 505 224 216 -1 -1
9 217 1850 365 505 223 216 -1 -1
9 217 1851 364 505 223 216 -1 -1
9 217 1852 364 505 223 216 -1 -1
9 217 1853 364 505 224 216 -1 -1
9 217 1854 366 505 221 216 -1 -1
9 217 1855 365 505 223 216 -1 -1
9 217 1856 366 505 223 216 -1 -1
9 217 1857 366 505 223 216 -1 -1
9 217 1858 366 505 223 216 -1 -1
9 217 1859 366 505 221 216 -1 -1
9 217 1860 365 505 223 216 -1 -1
9 217 1861 364 505 224 216 -1 -1
9 217 1862 364 505 223 216 -1 -1
9 217 1863 364 505 223 216 -1 -1
9 217 1864 364 505 223 216 -1 -1
9 217 1865 364 505 223 216 -1 -1
9 217 1866 364 505 223 216 -1 -1
9 217 1867 364 505 224 216 -1 -1
9 217 1868 364 505 224 216 -1 -1
9 217 1869 364 505 224 216 -1 -1
9 217 1870 364 505 224 216 -1 -1
9 217 1871 365 505 223 216 -1 -1
9 217 1872 364 505 224 216 -1 -1
9 217 1873 364 505 226 217 -1 -1
9 217 1874 364 505 224 216 -1 -1
9 217 1875 364 505 224 216 -1 -1
9 217 1876 364 505 223 216 -1 -1
9 217 1877 364 505 223 216 -1 -1
9 217 1878 364 505 224 216 -1 -1
9 217 1879 364 505 224 216 -1 -1
9 217 1880 364 505 226 216 -1 -1
9 217 1881 364 505 224 216 -1 -1
9 217 1882 364 505 224 216 -1 -1
9 217 1883 364 505 224 216 -1 -1
9 217 1884 365 505 223 216 -1 -1
9 217 1885 364 505 223 216 -1 -1
9 217 1886 364 505 223 216 -1 -1
9 217 1887 364 505 223 216 -1 -1
9 217 1888 364 505 223 216 -1 -1
9 217 1889 364 505 223 216 -1 -1
9 217 1890 364 505 224 216 -1 -1
9 217 1891 364 505 224 216 -1 -1
9 217 1892 365 505 223 216 -1 -1
9 217 1893 365 505 223 216 -1 -1
9 217 1894 365 505 224 216 -1 -1
9 217 1895 365 505 223 216 -1 -1
9 217 1896 365 505 223 216 -1 -1
9 217 1897 365 505 223 216 -1 -1
9 217 1898 365 505 223 216 -1 -1
9 217 1899 365 505 223 216 -1 -1
9 217 1900 364 505 224 216 -1 -1
9 217 1901 364 505 224 216 -1 -1
9 217 1902 364 505 224 216 -1 -1
9 217 1903 364 505 224 216 -1 -1
9 217 1904 365 505 223 216 -1 -1
9 217 1905 365 505 223 216 -1 -1
9 217 1906 365 505 224 217 -1 -1
9 217 1907 366 505 223 217 -1 -1
9 217 1908 366 505 223 216 -1 -1
9 217 1909 365 505 224 216 -1 -1
9 217 1910 365 505 224 216 -1 -1
9 217 1911 365 505 223 216 -1 -1
9 217 1912 364 505 224 216 -1 -1
9 217 1913 364 505 224 216 -1 -1
9 217 1914 364 505 224 216 -1 -1
9 217 1915 363 505 226 216 -1 -1
9 217 1916 364 505 224 216 -1 -1
9 217 1917 364 505 224 216 -1 -1
9 217 1918 365 505 223 216 -1 -1
9 217 1919 365 505 224 216 -1 -1
9 217 1920 365 505 224 216 -1 -1
9 217 1921 365 505 224 214 -1 -1
9 217 1922 364 505 226 214 -1 -1
9 217 1923 365 505 224 216 -1 -1
9 217 1924 364 505 224 216 -1 -1
9 217 1925 364 505 224 216 -1 -1
9 217 1926 364 505 224 216 -1 -1
9 217 1927 364 505 224 216 -1 -1
9 217 1928 364 505 224 216 -1 -1
9 217 1929 364 505 224 216 -1 -1
9 217 1930 364 505 224 216 -1 -1
9 217 1931 364 505 224 216 -1 -1
9 217 1932 364 505 224 216 -1 -1
9 217 1933 364 505 224 216 -1 -1
9 217 1934 364 505 224 216 -1 -1
9 217 1935 364 505 224 216 -1 -1
9 217 1936 364 506 224 214 -1 -1
9 217 1937 364 506 224 214 -1 -1
9 217 1938 364 506 224 214 -1 -1
9 217 1939 363 506 224 214 -1 -1
9 217 1940 363 506 224 214 -1 -1
9 217 1941 364 506 223 214 -1 -1
9 217 1942 364 506 223 214 -1 -1
9 217 1943 364 506 223 214 -1 -1
9 217 1944 364 506 223 214 -1 -1
9 217 1945 364 506 224 214 -1 -1
9 217 1946 364 506 224 214 -1 -1
9 217 1947 364 505 224 216 -1 -1
9 217 1948 364 505 224 216 -1 -1
9 217 1949 364 505 224 216 -1 -1
9 217 1950 364 505 223 216 -1 -1
9 217 1951 364 506 223 214 -1 -1
9 217 1952 364 506 223 214 -1 -1
9 217 1953 364 505 223 216 -1 -1
9 217 1954 363 506 223 214 -1 -1
9 217 1955 363 506 223 214 -1 -1
9 217 1956 363 506 223 214 -1 -1
9 217 1957 363 505 224 216 -1 -1
9 217 1958 363 506 224 214 -1 -1
9 217 1959 364 506 224 214 -1 -1
9 217 1960 364 506 224 214 -1 -1
9 217 1961 364 506 224 214 -1 -1
9 217 1962 364 506 224 214 -1 -1
9 217 1963 364 506 224 214 -1 -1
9 217 1964 364 507 223 213 -1 -1
9 217 1965 364 507 223 213 -1 -1
9 217 1966 364 507 223 213 -1 -1
9 217 1967 364 507 223 213 -1 -1
9 217 1968 364 506 223 214 -1 -1
9 217 1969 364 506 223 214 -1 -1
9 217 1970 364 506 223 214 -1 -1
9 217 1971 363 506 224 214 -1 -1
9 217 1972 363 506 224 214 -1 -1
9 217 1973 364 506 223 214 -1 -1
9 217 1974 364 506 223 214 -1 -1
9 217 1975 364 506 223 214 -1 -1
9 217 1976 364 507 223 214 -1 -1
9 217 1977 364 507 223 214 -1 -1
9 217 1978 364 506 223 214 -1 -1
9 217 1979 364 506 223 214 -1 -1
9 217 1980 364 506 223 214 -1 -1
9 217 1981 364 506 223 214 -1 -1
9 217 1982 364 507 223 213 -1 -1
9 217 1983 364 507 223 213 -1 -1
9 217 1984 364 507 223 213 -1 -1
9 217 1985 364 507 223 213 -1 -1
9 217 1986 364 507 224 213 -1 -1
9 217 1987 364 506 224 214 -1 -1
9 217 1988 364 507 224 213 -1 -1
9 217 1989 365 506 223 214 -1 -1
9 217 1990 364 506 224 214 -1 -1
9 217 1991 364 506 224 214 -1 -1
9 217 1992 364 506 224 214 -1 -1
9 217 1993 364 506 224 214 -1 -1
9 217 1994 364 507 224 213 -1 -1
9 217 1995 364 507 224 213 -1 -1
9 217 1996 365 507 223 213 -1 -1
9 217 1997 365 508 223 211 -1 -1
9 217 1998 366 507 223 213 -1 -1
9 217 1999 366 507 223 213 -1 -1
9 217 2000 366 507 223 213 -1 -1
9 217 2001 367 507 221 213 -1 -1
9 217 2002 366 507 221 213 -1 -1
9 217 2003 365 507 223 213 -1 -1
9 217 2004 364 507 224 213 -1 -1
9 217 2005 364 506 223 214 -1 -1
9 217 2006 364 506 223 214 -1 -1
9 217 2007 364 506 223 214 -1 -1
9 217 2008 364 507 223 213 -1 -1
9 217 2009 365 507 221 213 -1 -1
9 217 2010 365 507 223 213 -1 -1
9 217 2011 365 506 224 214 -1 -1
9 217 2012 366 507 223 213 -1 -1
9 217 2013 366 507 224 213 -1 -1
9 217 2014 366 506 223 214 -1 -1
9 217 2015 366 507 224 213 -1 -1
9 217 2016 365 506 224 214 -1 -1
9 217 2017 365 506 224 214 -1 -1
9 217 2018 365 505 223 216 -1 -1
9 217 2019 365 506 223 214 -1 -1
9 217 2020 365 506 223 214 -1 -1
9 217 2021 365 507 221 213 -1 -1
9 217 2022 365 506 223 214 -1 -1
9 217 2023 365 507 223 213 -1 -1
9 217 2024 365 508 224 211 -1 -1
9 217 2025 365 508 224 213 -1 -1
9 217 2026 365 509 224 213 -1 -1
9 217 2027 365 509 224 213 -1 -1
9 217 2028 362 510 226 211 -1 -1
9 217 2029 362 511 226 213 -1 -1
9 217 2030 360 511 229 216 -1 -1
9 217 2031 358 512 229 216 -1 -1
9 217 2032 356 512 230 220 -1 -1
9 217 2033 355 514 232 223 -1 -1
9 217 2034 353 515 233 223 -1 -1
9 217 2035 351 518 233 223 -1 -1
9 217 2036 349 521 234 223 -1 -1
9 217 2037 347 522 237 226 -1 -1
9 217 2038 344 525 239 229 -1 -1
9 217 2039 341 527 240 230 -1 -1
9 217 2040 337 530 242 232 -1 -1
9 217 2041 332 534 246 232 -1 -1
9 217 2042 329 538 247 233 -1 -1
9 217 2043 323 541 250 237 -1 -1
9 217 2044 318 545 255 243 -1 -1
9 217 2045 312 548 258 246 -1 -1
9 217 2046 306 553 262 249 -1 -1
9 217 2047 300 558 266 253 -1 -1
9 217 2048 293 563 272 258 -1 -1
9 217 2049 287 569 276 262 -1 -1
9 217 2050 279 575 281 265 -1 -1
9 217 2051 272 581 287 272 -1 -1
9 217 2052 263 588 291 276 -1 -1
9 217 2053 252 593 300 284 -1 -1
9 217 2054 242 601 307 292 -1 -1
9 217 2055 230 609 313 297 -1 -1
9 217 2056 219 619 323 304 -1 -1
9 217 2057 206 628 329 308 -1 -1
9 217 2058 193 638 339 319 -1 -1
9 217 2059 178 648 348 326 -1 -1
9 217 2060 162 659 356 334 -1 -1
9 217 2061 145 671 369 342 -1 -1
9 217 2062 127 683 381 356 -1 -1
9 217 2063 108 696 392 369 -1 -1
9 217 2064 88 711 407 382 -1 -1
9 217 2065 77 726 401 394 -1 -1
9 217 2066 72 743 379 403 -1 -1
9 217 2067 67 761 352 417 -1 -1
9 217 2068 62 780 327 436 -1 -1
9 217 2069 57 803 297 449 -1 -1
9 217 2070 51 825 265 471 -1 -1
9 217 2071 44 845 230 462 -1 -1
9 217 2072 36 860 192 430 -1 -1
9 217 2073 28 875 152 391 -1 -1
9 217 2074 20 901 107 349 -1 -1
9 217 2075 11 946 59 263 -1 -1
9 125 1041 692 272 87 72 -1 -1
9 125 1042 696 275 88 72 -1 -1
9 125 1043 701 277 91 75 -1 -1
9 125 1044 705 280 92 76 -1 -1
9 125 1045 710 283 94 76 -1 -1
9 125 1046 716 286 95 79 -1 -1
9 125 1047 722 288 97 81 -1 -1
9 125 1048 727 290 101 82 -1 -1
9 125 1049 732 294 102 82 -1 -1
9 125 1050 739 296 105 87 -1 -1
9 125 1051 743 298 108 88 -1 -1
9 125 1052 749 301 107 88 -1 -1
9 125 1053 755 304 108 91 -1 -1
9 125 1054 760 307 110 92 -1 -1
9 125 1055 765 310 113 92 -1 -1
9 125 1056 770 313 113 97 -1 -1
9 125 1057 774 315 114 100 -1 -1
9 125 1058 779 319 117 100 -1 -1
9 125 1059 782 323 118 101 -1 -1
9 125 1060 787 325 118 104 -1 -1
9 125 1061 791 328 121 107 -1 -1
9 125 1062 794 331 123 108 -1 -1
9 125 1063 797 335 126 111 -1 -1
9 125 1064 801 338 126 113 -1 -1
9 125 1065 805 342 127 116 -1 -1
9 125 1066 807 346 130 117 -1 -1
9 125 1067 811 348 133 120 -1 -1
9 125 1068 815 352 131 121 -1 -1
9 125 1069 816 355 134 124 -1 -1
9 125 1070 818 357 136 130 -1 -1
9 125 1071 820 362 140 131 -1 -1
9 125 1072 823 365 143 133 -1 -1
9 125 1073 824 368 146 139 -1 -1
9 125 1074 826 371 147 140 -1 -1
9 125 1075 828 376 149 142 -1 -1
9 125 1076 829 379 153 146 -1 -1
9 125 1077 827 382 163 150 -1 -1
9 125 1078 829 386 162 152 -1 -1
9 125 1079 828 391 171 153 -1 -1
9 125 1080 827 392 178 158 -1 -1
9 125 1081 832 397 175 159 -1 -1
9 125 1082 835 400 174 160 -1 -1
9 125 1083 836 405 176 163 -1 -1
9 125 1084 841 407 174 168 -1 -1
9 125 1085 843 411 174 169 -1 -1
9 125 1086 844 414 175 172 -1 -1
9 125 1087 845 418 176 174 -1 -1
9 125 1088 846 421 181 175 -1 -1
9 125 1089 847 423 182 178 -1 -1
9 125 1090 848 427 184 179 -1 -1
9 125 1091 849 430 188 182 -1 -1
9 125 1092 851 432 187 185 -1 -1
9 125 1093 852 435 191 189 -1 -1
9 125 1094 853 437 192 188 -1 -1
9 125 1095 854 440 195 192 -1 -1
9 125 1096 854 442 197 192 -1 -1
9 125 1097 855 444 200 194 -1 -1
9 125 1098 856 447 201 195 -1 -1
9 125 1099 855 448 204 198 -1 -1
9 125 1100 856 449 203 200 -1 -1
9 125 1101 856 450 204 201 -1 -1
9 125 1102 857 451 204 203 -1 -1
9 125 1103 857 452 204 204 -1 -1
9 125 1104 858 453 204 204 -1 -1
9 125 1105 859 454 205 205 -1 -1
9 125 1106 859 454 207 207 -1 -1
9 125 1107 860 453 207 210 -1 -1
9 125 1108 860 455 207 208 -1 -1
9 125 1109 861 455 205 208 -1 -1
9 125 1110 861 456 205 207 -1 -1
9 125 1111 860 456 208 208 -1 -1
9 125 1112 859 456 208 208 -1 -1
9 125 1113 859 458 208 207 -1 -1
9 125 1114 859 458 208 207 -1 -1
9 125 1115 859 458 208 205 -1 -1
9 125 1116 860 458 207 204 -1 -1
9 125 1117 860 458 207 207 -1 -1
9 125 1118 860 458 207 207 -1 -1
9 125 1119 860 458 208 207 -1 -1
9 125 1120 860 458 208 207 -1 -1
9 125 1121 860 457 208 208 -1 -1
9 125 1122 860 457 208 208 -1 -1
9 125 1123 860 457 208 208 -1 -1
9 125 1124 860 456 208 210 -1 -1
9 125 1125 859 457 208 208 -1 -1
9 125 1126 859 457 208 208 -1 -1
9 125 1127 859 458 208 207 -1 -1
9 125 1128 859 458 208 207 -1 -1
9 125 1129 859 457 208 207 -1 -1
9 125 1130 859 457 208 207 -1 -1
9 125 1131 860 458 208 205 -1 -1
9 125 1132 860 458 208 207 -1 -1
9 125 1133 861 458 208 205 -1 -1
9 125 1134 861 458 208 205 -1 -1
9 125 1135 861 458 208 205 -1 -1
9 125 1136 861 458 208 207 -1 -1
9 125 1137 860 458 208 204 -1 -1
9 125 1138 860 458 208 205 -1 -1
9 125 1139 860 458 208 204 -1 -1
9 125 1140 860 458 208 204 -1 -1
9 125 1141 859 459 208 205 -1 -1
9 125 1142 859 459 208 205 -1 -1
9 125 1143 859 459 208 205 -1 -1
9 125 1144 859 459 208 205 -1 -1
9 125 1145 860 459 208 205 -1 -1
9 125 1146 860 459 208 204 -1 -1
9 125 1147 860 459 208 205 -1 -1
9 125 1148 860 459 208 205 -1 -1
9 125 1149 860 459 208 205 -1 -1
9 125 1150 861 459 208 204 -1 -1
9 125 1151 860 458 208 207 -1 -1
9 125 1152 860 458 208 207 -1 -1
9 125 1153 859 458 208 207 -1 -1
9 125 1154 858 459 210 205 -1 -1
9 125 1155 858 459 210 205 -1 -1
9 125 1156 859 458 208 207 -1 -1
9 125 1157 859 458 208 207 -1 -1
9 125 1158 860 458 208 207 -1 -1
9 125 1159 860 458 208 207 -1 -1
9 125 1160 860 458 208 207 -1 -1
9 125 1161 861 457 208 208 -1 -1
9 125 1162 861 457 208 208 -1 -1
9 125 1163 861 457 208 208 -1 -1
9 125 1164 861 457 208 208 -1 -1
9 125 1165 860 457 208 208 -1 -1
9 125 1166 860 458 208 207 -1 -1
9 125 1167 861 458 205 207 -1 -1
9 125 1168 861 458 205 207 -1 -1
9 125 1169 861 458 205 207 -1 -1
9 125 1170 861 459 205 205 -1 -1
9 125 1171 860 459 208 205 -1 -1
9 125 1172 860 458 208 207 -1 -1
9 125 1173 861 459 208 205 -1 -1
9 125 1174 861 459 208 205 -1 -1
9 125 1175 861 459 208 205 -1 -1
9 125 1176 861 459 208 205 -1 -1
9 125 1177 861 459 208 204 -1 -1
9 125 1178 861 459 208 205 -1 -1
9 125 1179 861 459 208 204 -1 -1
9 125 1180 860 459 208 205 -1 -1
9 125 1181 859 459 208 205 -1 -1
9 125 1182 859 459 208 205 -1 -1
9 125 1183 859 459 208 205 -1 -1
9 125 1184 859 458 208 204 -1 -1
9 125 1185 860 458 208 204 -1 -1
9 125 1186 861 459 208 205 -1 -1
9 125 1187 861 458 208 204 -1 -1
9 125 1188 861 458 208 207 -1 -1
9 125 1189 861 458 208 204 -1 -1
9 125 1190 861 459 208 205 -1 -1
9 125 1191 861 459 208 205 -1 -1
9 125 1192 860 459 208 205 -1 -1
9 125 1193 859 458 208 207 -1 -1
9 125 1194 859 458 208 207 -1 -1
9 125 1195 859 458 208 207 -1 -1
9 125 1196 859 459 208 205 -1 -1
9 125 1197 859 458 208 207 -1 -1
9 125 1198 860 459 208 205 -1 -1
9 125 1199 861 459 208 205 -1 -1
9 125 1200 861 459 208 205 -1 -1
9 125 1201 861 458 208 207 -1 -1
9 125 1202 861 457 208 208 -1 -1
9 125 1203 861 458 208 207 -1 -1
9 125 1204 861 458 208 207 -1 -1
9 125 1205 860 459 208 205 -1 -1
9 125 1206 861 458 205 204 -1 -1
9 125 1207 859 458 208 204 -1 -1
9 125 1208 859 458 208 204 -1 -1
9 125 1209 859 458 208 204 -1 -1
9 125 1210 859 458 208 204 -1 -1
9 125 1211 859 459 208 204 -1 -1
9 125 1212 858 459 210 204 -1 -1
9 125 1213 859 459 208 204 -1 -1
9 125 1214 859 459 208 204 -1 -1
9 125 1215 860 459 208 205 -1 -1
9 125 1216 861 458 205 207 -1 -1
9 125 1217 860 459 208 205 -1 -1
9 125 1218 860 459 208 205 -1 -1
9 125 1219 859 459 208 205 -1 -1
9 125 1220 859 459 208 205 -1 -1
9 125 1221 859 459 208 205 -1 -1
9 125 1222 859 459 208 205 -1 -1
9 125 1223 859 459 208 205 -1 -1
9 125 1224 859 459 208 204 -1 -1
9 125 1225 859 460 208 203 -1 -1
9 125 1226 859 460 208 203 -1 -1
9 125 1227 860 459 208 204 -1 -1
9 125 1228 861 459 208 204 -1 -1
9 125 1229 861 459 208 205 -1 -1
9 125 1230 863 458 205 205 -1 -1
9 125 1231 861 458 208 207 -1 -1
9 125 1232 861 459 208 205 -1 -1
9 125 1233 860 460 208 203 -1 -1
9 125 1234 860 461 208 201 -1 -1
9 125 1235 860 460 207 203 -1 -1
9 125 1236 859 460 208 203 -1 -1
9 125 1237 858 460 208 204 -1 -1
9 125 1238 859 461 208 203 -1 -1
9 125 1239 859 461 208 203 -1 -1
9 125 1240 860 461 208 203 -1 -1
9 125 1241 860 461 208 203 -1 -1
9 125 1242 860 460 208 203 -1 -1
9 125 1243 860 460 208 203 -1 -1
9 125 1244 860 460 211 203 -1 -1
9 125 1245 859 460 210 203 -1 -1
9 125 1246 859 460 208 203 -1 -1
9 125 1247 859 460 208 203 -1 -1
9 125 1248 859 461 208 201 -1 -1
9 125 1249 859 461 208 203 -1 -1
9 125 1250 859 461 208 203 -1 -1
9 125 1251 859 460 208 205 -1 -1
9 125 1252 859 460 208 205 -1 -1
9 125 1253 859 459 208 207 -1 -1
9 125 1254 859 459 208 207 -1 -1
9 125 1255 860 459 208 204 -1 -1
9 125 1256 861 459 208 207 -1 -1
9 125 1257 861 459 208 207 -1 -1
9 125 1258 861 460 208 205 -1 -1
9 125 1259 860 460 208 205 -1 -1
9 125 1260 859 460 208 204 -1 -1
9 125 1261 859 460 208 205 -1 -1
9 125 1262 859 460 207 205 -1 -1
9 125 1263 859 460 207 207 -1 -1
9 125 1264 859 460 207 204 -1 -1
9 125 1265 859 460 207 204 -1 -1
9 125 1266 860 460 207 204 -1 -1
9 125 1267 860 460 207 205 -1 -1
9 125 1268 861 459 205 207 -1 -1
9 125 1269 861 459 208 207 -1 -1
9 125 1270 861 459 208 207 -1 -1
9 125 1271 860 459 208 207 -1 -1
9 125 1272 860 460 208 204 -1 -1
9 125 1273 860 461 207 203 -1 -1
9 125 1274 859 460 208 204 -1 -1
9 125 1275 859 460 208 204 -1 -1
9 125 1276 859 461 207 203 -1 -1
9 125 1277 859 460 207 204 -1 -1
9 125 1278 859 461 207 203 -1 -1
9 125 1279 859 461 208 203 -1 -1
9 125 1280 860 460 208 204 -1 -1
9 125 1281 860 459 208 207 -1 -1
9 125 1282 860 459 208 207 -1 -1
9 125 1283 860 459 208 207 -1 -1
9 125 1284 859 460 208 205 -1 -1
9 125 1285 859 460 208 205 -1 -1
9 125 1286 859 460 208 205 -1 -1
9 125 1287 859 460 207 204 -1 -1
9 125 1288 859 460 207 204 -1 -1
9 125 1289 859 460 208 205 -1 -1
9 125 1290 859 460 208 205 -1 -1
9 125 1291 859 460 208 204 -1 -1
9 125 1292 859 460 208 205 -1 -1
9 125 1293 860 460 208 205 -1 -1
9 125 1294 860 460 208 205 -1 -1
9 125 1295 861 459 208 207 -1 -1
9 125 1296 861 459 208 207 -1 -1
9 125 1297 861 459 208 208 -1 -1
9 125 1298 860 459 208 208 -1 -1
9 125 1299 859 460 208 207 -1 -1
9 125 1300 859 461 208 205 -1 -1
9 125 1301 858 460 208 204 -1 -1
9 125 1302 859 460 205 204 -1 -1
9 125 1303 858 460 208 204 -1 -1
9 125 1304 859 460 207 205 -1 -1
9 125 1305 860 460 207 204 -1 -1
9 125 1306 859 460 208 204 -1 -1
9 125 1307 860 460 208 205 -1 -1
9 125 1308 861 459 205 204 -1 -1
9 125 1309 861 460 208 204 -1 -1
9 125 1310 861 460 208 204 -1 -1
9 125 1311 860 461 208 205 -1 -1
9 125 1312 860 460 208 204 -1 -1
9 125 1313 859 460 208 204 -1 -1
9 125 1314 859 460 208 204 -1 -1
9 125 1315 859 460 208 204 -1 -1
9 125 1316 859 460 208 204 -1 -1
9 125 1317 859 460 208 204 -1 -1
9 125 1318 859 460 208 204 -1 -1
9 125 1319 859 460 208 204 -1 -1
9 125 1320 859 460 208 204 -1 -1
9 125 1321 860 460 208 207 -1 -1
9 125 1322 861 460 208 207 -1 -1
9 125 1323 861 460 208 207 -1 -1
9 125 1324 861 460 208 207 -1 -1
9 125 1325 859 460 208 204 -1 -1
9 125 1326 859 460 208 204 -1 -1
9 125 1327 859 460 208 203 -1 -1
9 125 1328 859 460 207 204 -1 -1
9 125 1329 859 460 208 204 -1 -1
9 125 1330 859 460 208 204 -1 -1
9 125 1331 859 460 208 203 -1 -1
9 125 1332 859 460 208 203 -1 -1
9 125 1333 861 460 205 204 -1 -1
9 125 1334 862 460 205 204 -1 -1
9 125 1335 862 461 205 205 -1 -1
9 125 1336 862 461 205 205 -1 -1
9 125 1337 861 460 208 204 -1 -1
9 125 1338 862 460 205 204 -1 -1
9 125 1339 860 460 208 204 -1 -1
9 125 1340 860 460 208 204 -1 -1
9 125 1341 859 460 208 204 -1 -1
9 125 1342 859 460 208 205 -1 -1
9 125 1343 859 460 208 204 -1 -1
9 125 1344 859 460 208 205 -1 -1
9 125 1345 859 460 208 204 -1 -1
9 125 1346 861 460 205 205 -1 -1
9 125 1347 862 459 205 208 -1 -1
9 125 1348 862 459 205 208 -1 -1
9 125 1349 861 459 208 208 -1 -1
9 125 1350 861 459 208 208 -1 -1
9 125 1351 861 459 205 207 -1 -1
9 125 1352 861 459 205 204 -1 -1
9 125 1353 861 459 205 204 -1 -1
9 125 1354 860 460 207 205 -1 -1
9 125 1355 860 459 207 204 -1 -1
9 125 1356 860 459 207 204 -1 -1
9 125 1357 860 460 207 205 -1 -1
9 125 1358 860 460 207 204 -1 -1
9 125 1359 861 459 205 208 -1 -1
9 125 1360 861 460 208 207 -1 -1
9 125 1361 862 460 205 205 -1 -1
9 125 1362 862 460 205 205 -1 -1
9 125 1363 861 459 208 203 -1 -1
9 125 1364 861 459 208 203 -1 -1
9 125 1365 861 460 208 205 -1 -1
9 125 1366 861 460 205 205 -1 -1
9 125 1367 860 459 208 204 -1 -1
9 125 1368 859 460 208 203 -1 -1
9 125 1369 859 460 208 203 -1 -1
9 125 1370 859 460 208 204 -1 -1
9 125 1371 860 460 208 204 -1 -1
9 125 1372 862 460 205 204 -1 -1
9 125 1373 861 460 208 204 -1 -1
9 125 1374 863 460 205 205 -1 -1
9 125 1375 862 460 205 205 -1 -1
9 125 1376 861 460 208 205 -1 -1
9 125 1377 862 460 208 205 -1 -1
9 125 1378 861 460 208 205 -1 -1
9 125 1379 861 460 208 205 -1 -1
9 125 1380 859 460 208 204 -1 -1
9 125 1381 860 460 207 203 -1 -1
9 125 1382 860 460 207 203 -1 -1
9 125 1383 860 460 207 204 -1 -1
9 125 1384 861 460 205 204 -1 -1
9 125 1385 861 460 205 205 -1 -1
9 125 1386 862 459 205 207 -1 -1
9 125 1387 862 459 205 207 -1 -1
9 125 1388 863 460 205 205 -1 -1
9 125 1389 863 459 205 207 -1 -1
9 125 1390 863 459 205 207 -1 -1
9 125 1391 861 459 208 207 -1 -1
9 125 1392 861 459 205 207 -1 -1
9 125 1393 861 460 205 205 -1 -1
9 125 1394 860 460 208 205 -1 -1
9 125 1395 859 460 208 204 -1 -1
9 125 1396 860 460 208 204 -1 -1
9 125 1397 859 460 208 204 -1 -1
9 125 1398 861 460 205 205 -1 -1
9 125 1399 861 459 208 203 -1 -1
9 125 1400 862 460 208 205 -1 -1
9 125 1401 862 460 208 205 -1 -1
9 125 1402 862 460 208 205 -1 -1
9 125 1403 862 458 208 204 -1 -1
9 125 1404 861 459 208 203 -1 -1
9 125 1405 861 460 208 205 -1 -1
9 125 1406 860 460 208 201 -1 -1
9 125 1407 860 460 208 201 -1 -1
9 125 1408 860 460 208 200 -1 -1
9 125 1409 859 460 208 200 -1 -1
9 125 1410 860 460 208 201 -1 -1
9 125 1411 860 460 208 203 -1 -1
9 125 1412 862 460 208 201 -1 -1
9 125 1413 862 459 208 204 -1 -1
9 125 1414 862 458 208 204 -1 -1
9 125 1415 862 458 208 204 -1 -1
9 125 1416 862 458 208 204 -1 -1
9 125 1417 862 460 208 201 -1 -1
9 125 1418 862 460 208 203 -1 -1
9 125 1419 861 460 208 200 -1 -1
9 125 1420 860 460 208 200 -1 -1
9 125 1421 859 460 208 200 -1 -1
9 125 1422 859 460 208 200 -1 -1
9 125 1423 859 460 208 200 -1 -1
9 125 1424 859 460 208 200 -1 -1
9 125 1425 861 460 208 201 -1 -1
9 125 1426 861 459 208 203 -1 -1
9 125 1427 862 459 208 203 -1 -1
9 125 1428 862 459 208 203 -1 -1
9 125 1429 862 459 208 203 -1 -1
9 125 1430 862 459 208 203 -1 -1
9 125 1431 861 458 208 204 -1 -1
9 125 1432 861 459 208 203 -1 -1
9 125 1433 860 460 208 201 -1 -1
9 125 1434 859 460 208 201 -1 -1
9 125 1435 860 460 208 200 -1 -1
9 125 1436 859 460 208 200 -1 -1
9 125 1437 859 460 208 201 -1 -1
9 125 1438 859 460 208 201 -1 -1
9 125 1439 861 459 208 203 -1 -1
9 125 1440 861 458 208 204 -1 -1
9 125 1441 861 458 208 205 -1 -1
9 125 1442 861 458 208 205 -1 -1
9 125 1443 861 458 208 204 -1 -1
9 125 1444 861 458 208 204 -1 -1
9 125 1445 861 459 208 203 -1 -1
9 125 1446 860 460 208 201 -1 -1
9 125 1447 860 460 208 203 -1 -1
9 125 1448 860 460 208 203 -1 -1
9 125 1449 860 460 208 203 -1 -1
9 125 1450 859 460 208 201 -1 -1
9 125 1451 860 460 211 201 -1 -1
9 125 1452 860 459 211 203 -1 -1
9 125 1453 860 459 211 203 -1 -1
9 125 1454 861 459 208 203 -1 -1
9 125 1455 861 459 208 203 -1 -1
9 125 1456 862 459 208 204 -1 -1
9 125 1457 861 459 208 203 -1 -1
9 125 1458 861 459 208 203 -1 -1
9 125 1459 861 460 211 203 -1 -1
9 125 1460 860 460 211 203 -1 -1
9 125 1461 860 460 208 203 -1 -1
9 125 1462 859 460 208 201 -1 -1
9 125 1463 860 460 208 201 -1 -1
9 125 1464 859 460 208 201 -1 -1
9 125 1465 859 460 208 201 -1 -1
9 125 1466 860 460 208 201 -1 -1
9 125 1467 860 459 208 203 -1 -1
9 125 1468 861 459 208 203 -1 -1
9 125 1469 861 459 208 203 -1 -1
9 125 1470 861 459 211 204 -1 -1
9 125 1471 862 459 211 204 -1 -1
9 125 1472 861 460 208 203 -1 -1
9 125 1473 861 460 211 203 -1 -1
9 125 1474 859 460 208 203 -1 -1
9 125 1475 859 460 208 203 -1 -1
9 125 1476 859 460 208 203 -1 -1
9 125 1477 859 460 208 203 -1 -1
9 125 1478 860 459 208 204 -1 -1
9 125 1479 860 459 211 204 -1 -1
9 125 1480 861 460 208 203 -1 -1
9 125 1481 863 459 208 205 -1 -1
9 125 1482 862 459 210 204 -1 -1
9 125 1483 862 459 210 204 -1 -1
9 125 1484 862 459 208 204 -1 -1
9 125 1485 862 460 208 203 -1 -1
9 125 1486 860 459 208 203 -1 -1
9 125 1487 860 459 208 203 -1 -1
9 125 1488 860 460 208 201 -1 -1
9 125 1489 860 460 208 201 -1 -1
9 125 1490 860 460 208 201 -1 -1
9 125 1491 860 460 208 203 -1 -1
9 125 1492 861 460 208 203 -1 -1
9 125 1493 862 460 208 203 -1 -1
9 125 1494 862 460 208 203 -1 -1
9 125 1495 862 460 208 203 -1 -1
9 125 1496 863 460 208 203 -1 -1
9 125 1497 862 460 208 203 -1 -1
9 125 1498 861 460 208 201 -1 -1
9 125 1499 860 460 208 203 -1 -1
9 125 1500 860 460 211 200 -1 -1
9 125 1501 859 460 208 201 -1 -1
9 125 1502 859 460 208 200 -1 -1
9 125 1503 859 460 208 200 -1 -1
9 125 1504 861 459 208 203 -1 -1
9 125 1505 862 459 208 203 -1 -1
9 125 1506 862 460 208 203 -1 -1
9 125 1507 863 460 208 203 -1 -1
9 125 1508 863 460 208 203 -1 -1
9 125 1509 862 460 211 203 -1 -1
9 125 1510 861 460 208 203 -1 -1
9 125 1511 860 458 211 204 -1 -1
9 125 1512 859 459 210 203 -1 -1
9 125 1513 859 461 208 201 -1 -1
9 125 1514 859 461 208 201 -1 -1
9 125 1515 858 461 210 201 -1 -1
9 125 1516 859 461 208 201 -1 -1
9 125 1517 859 460 210 203 -1 -1
9 125 1518 860 461 211 201 -1 -1
9 125 1519 861 460 211 203 -1 -1
9 125 1520 861 459 211 204 -1 -1
9 125 1521 862 459 210 204 -1 -1
9 125 1522 862 459 210 204 -1 -1
9 125 1523 862 459 211 203 -1 -1
9 125 1524 861 459 211 203 -1 -1
9 125 1525 861 460 208 203 -1 -1
9 125 1526 860 461 211 201 -1 -1
9 125 1527 859 460 208 200 -1 -1
9 125 1528 859 461 210 201 -1 -1
9 125 1529 859 461 210 201 -1 -1
9 125 1530 859 461 210 201 -1 -1
9 125 1531 859 461 210 201 -1 -1
9 125 1532 859 461 210 201 -1 -1
9 125 1533 859 461 210 201 -1 -1
9 125 1534 859 460 208 200 -1 -1
9 125 1535 859 460 208 200 -1 -1
9 125 1536 859 460 210 200 -1 -1
9 125 1537 859 460 208 200 -1 -1
9 125 1538 859 460 208 200 -1 -1
9 125 1539 859 460 208 201 -1 -1
9 125 1540 859 460 208 200 -1 -1
9 125 1541 859 460 208 200 -1 -1
9 125 1542 859 461 208 201 -1 -1
9 125 1543 860 461 208 201 -1 -1
9 125 1544 860 461 208 201 -1 -1
9 125 1545 859 461 210 201 -1 -1
9 125 1546 860 460 208 200 -1 -1
9 125 1547 860 460 208 203 -1 -1
9 125 1548 861 458 211 207 -1 -1
9 125 1549 861 458 208 205 -1 -1
9 125 1550 862 458 208 205 -1 -1
9 125 1551 862 458 208 207 -1 -1
9 125 1552 861 458 208 204 -1 -1
9 125 1553 861 458 208 204 -1 -1
9 125 1554 860 460 211 203 -1 -1
9 125 1555 860 460 211 203 -1 -1
9 125 1556 859 460 210 203 -1 -1
9 125 1557 859 460 210 203 -1 -1
9 125 1558 859 460 210 203 -1 -1
9 125 1559 860 459 211 203 -1 -1
9 125 1560 860 458 211 205 -1 -1
9 125 1561 861 458 211 204 -1 -1
9 125 1562 862 458 211 204 -1 -1
9 125 1563 862 458 211 204 -1 -1
9 125 1564 862 458 211 204 -1 -1
9 125 1565 862 458 211 204 -1 -1
9 125 1566 861 459 211 205 -1 -1
9 125 1567 861 459 211 204 -1 -1
9 125 1568 860 460 211 203 -1 -1
9 125 1569 859 460 210 203 -1 -1
9 125 1570 859 460 210 201 -1 -1
9 125 1571 859 459 208 203 -1 -1
9 125 1572 861 458 211 204 -1 -1
9 125 1573 861 458 208 204 -1 -1
9 125 1574 861 458 208 204 -1 -1
9 125 1575 861 458 208 204 -1 -1
9 125 1576 862 459 208 203 -1 -1
9 125 1577 862 458 211 204 -1 -1
9 125 1578 861 460 211 203 -1 -1
9 125 1579 861 460 208 203 -1 -1
9 125 1580 860 460 211 203 -1 -1
9 125 1581 860 460 211 201 -1 -1
9 125 1582 859 460 208 201 -1 -1
9 125 1583 859 460 208 201 -1 -1
9 125 1584 860 459 208 203 -1 -1
9 125 1585 860 459 211 203 -1 -1
9 125 1586 861 458 208 204 -1 -1
9 125 1587 861 459 208 203 -1 -1
9 125 1588 861 458 211 204 -1 -1
9 125 1589 861 458 211 204 -1 -1
9 125 1590 862 460 211 203 -1 -1
9 125 1591 862 460 208 203 -1 -1
9 125 1592 861 460 208 203 -1 -1
9 125 1593 860 460 208 203 -1 -1
9 125 1594 860 460 211 203 -1 -1
9 125 1595 860 460 208 203 -1 -1
9 125 1596 860 460 208 203 -1 -1
9 125 1597 861 460 208 203 -1 -1
9 125 1598 860 460 208 201 -1 -1
9 125 1599 860 460 208 201 -1 -1
9 125 1600 860 459 211 203 -1 -1
9 125 1601 861 459 208 203 -1 -1
9 125 1602 861 460 208 203 -1 -1
9 125 1603 861 460 211 203 -1 -1
9 125 1604 861 460 208 203 -1 -1
9 125 1605 861 460 208 201 -1 -1
9 125 1606 861 460 211 201 -1 -1
9 125 1607 860 460 211 201 -1 -1
9 125 1608 860 460 211 201 -1 -1
9 125 1609 860 459 211 203 -1 -1
9 125 1610 860 459 208 203 -1 -1
9 125 1611 860 460 208 201 -1 -1
9 125 1612 860 460 208 201 -1 -1
9 125 1613 861 460 211 201 -1 -1
9 125 1614 860 459 211 203 -1 -1
9 125 1615 861 459 211 203 -1 -1
9 125 1616 861 460 211 203 -1 -1
9 125 1617 861 460 211 203 -1 -1
9 125 1618 861 460 211 203 -1 -1
9 125 1619 861 459 211 203 -1 -1
9 125 1620 861 460 208 203 -1 -1
9 125 1621 860 459 211 204 -1 -1
9 125 1622 860 458 208 204 -1 -1
9 125 1623 859 458 208 204 -1 -1
9 125 1624 860 459 208 203 -1 -1
9 125 1625 861 458 211 204 -1 -1
9 125 1626 861 458 211 204 -1 -1
9 125 1627 861 460 208 203 -1 -1
9 125 1628 861 460 208 203 -1 -1
9 125 1629 861 460 208 203 -1 -1
9 125 1630 861 460 208 203 -1 -1
9 125 1631 861 459 211 204 -1 -1
9 125 1632 861 459 208 204 -1 -1
9 125 1633 860 458 211 204 -1 -1
9 125 1634 860 458 208 204 -1 -1
9 125 1635 860 459 208 204 -1 -1
9 125 1636 860 459 208 203 -1 -1
9 125 1637 860 459 208 204 -1 -1
9 125 1638 860 459 208 204 -1 -1
9 125 1639 860 458 211 204 -1 -1
9 125 1640 860 458 208 204 -1 -1
9 125 1641 861 459 208 204 -1 -1
9 125 1642 861 459 208 204 -1 -1
9 125 1643 861 459 211 204 -1 -1
9 125 1644 861 459 208 204 -1 -1
9 125 1645 861 459 208 204 -1 -1
9 125 1646 861 459 208 204 -1 -1
9 125 1647 861 459 211 203 -1 -1
9 125 1648 861 459 208 203 -1 -1
9 125 1649 860 459 208 203 -1 -1
9 125 1650 860 460 208 203 -1 -1
9 125 1651 859 460 210 201 -1 -1
9 125 1652 860 460 211 203 -1 -1
9 125 1653 860 460 208 203 -1 -1
9 125 1654 861 460 208 203 -1 -1
9 125 1655 861 459 208 204 -1 -1
9 125 1656 861 459 211 204 -1 -1
9 125 1657 861 459 211 203 -1 -1
9 125 1658 861 458 211 204 -1 -1
9 125 1659 861 458 211 204 -1 -1
9 125 1660 861 459 211 203 -1 -1
9 125 1661 861 458 211 204 -1 -1
9 125 1662 860 459 211 203 -1 -1
9 125 1663 860 459 211 203 -1 -1
9 125 1664 860 460 211 203 -1 -1
9 125 1665 860 460 211 203 -1 -1
9 125 1666 861 459 211 205 -1 -1
9 125 1667 862 459 208 204 -1 -1
9 125 1668 862 460 208 203 -1 -1
9 125 1669 862 460 211 203 -1 -1
9 125 1670 862 460 210 203 -1 -1
9 125 1671 862 459 208 204 -1 -1
9 125 1672 862 459 208 204 -1 -1
9 125 1673 862 458 208 204 -1 -1
9 125 1674 861 458 208 204 -1 -1
9 125 1675 861 459 208 203 -1 -1
9 125 1676 860 460 211 203 -1 -1
9 125 1677 860 460 211 203 -1 -1
9 125 1678 860 460 211 203 -1 -1
9 125 1679 860 460 211 203 -1 -1
9 125 1680 861 459 211 204 -1 -1
9 125 1681 863 460 208 203 -1 -1
9 125 1682 863 460 208 203 -1 -1
9 125 1683 863 460 208 203 -1 -1
9 125 1684 863 460 208 203 -1 -1
9 125 1685 863 460 208 201 -1 -1
9 125 1686 863 460 208 203 -1 -1
9 125 1687 862 460 208 203 -1 -1
9 125 1688 861 460 208 203 -1 -1
9 125 1689 861 460 208 203 -1 -1
9 125 1690 861 460 208 203 -1 -1
9 125 1691 860 460 208 203 -1 -1
9 125 1692 861 460 208 201 -1 -1
9 125 1693 861 460 208 203 -1 -1
9 125 1694 861 460 208 203 -1 -1
9 125 1695 862 460 208 203 -1 -1
9 125 1696 862 459 208 203 -1 -1
9 125 1697 862 459 208 203 -1 -1
9 125 1698 862 459 208 203 -1 -1
9 125 1699 862 459 208 203 -1 -1
9 125 1700 862 460 211 201 -1 -1
9 125 1701 861 460 211 203 -1 -1
9 125 1702 861 460 211 203 -1 -1
9 125 1703 860 460 211 203 -1 -1
9 125 1704 861 460 211 203 -1 -1
9 125 1705 861 460 211 203 -1 -1
9 125 1706 861 460 208 203 -1 -1
9 125 1707 862 460 208 203 -1 -1
9 125 1708 862 460 211 203 -1 -1
9 125 1709 862 460 211 203 -1 -1
9 125 1710 862 460 211 203 -1 -1
9 125 1711 862 460 211 203 -1 -1
9 125 1712 862 460 211 203 -1 -1
9 125 1713 862 460 211 203 -1 -1
9 125 1714 861 460 211 203 -1 -1
9 125 1715 861 460 211 203 -1 -1
9 125 1716 861 460 211 203 -1 -1
9 125 1717 861 461 208 201 -1 -1
9 125 1718 861 461 208 201 -1 -1
9 125 1719 861 460 208 203 -1 -1
9 125 1720 861 460 208 201 -1 -1
9 125 1721 862 460 208 203 -1 -1
9 125 1722 862 460 208 203 -1 -1
9 125 1723 862 460 208 203 -1 -1
9 125 1724 862 460 208 203 -1 -1
9 125 1725 862 460 208 203 -1 -1
9 125 1726 862 460 208 203 -1 -1
9 125 1727 861 461 208 201 -1 -1
9 125 1728 861 461 208 201 -1 -1
9 125 1729 860 460 208 203 -1 -1
9 125 1730 860 460 208 203 -1 -1
9 125 1731 860 458 208 204 -1 -1
9 125 1732 860 458 208 204 -1 -1
9 125 1733 860 458 208 204 -1 -1
9 125 1734 860 458 208 204 -1 -1
9 125 1735 861 459 208 205 -1 -1
9 125 1736 861 459 208 203 -1 -1
9 125 1737 861 459 211 203 -1 -1
9 125 1738 861 460 211 203 -1 -1
9 125 1739 861 460 208 203 -1 -1
9 125 1740 860 460 208 203 -1 -1
9 125 1741 860 461 208 201 -1 -1
9 125 1742 860 461 208 201 -1 -1
9 125 1743 860 461 208 201 -1 -1
9 125 1744 861 461 205 201 -1 -1
9 125 1745 860 461 208 201 -1 -1
9 125 1746 861 460 205 203 -1 -1
9 125 1747 861 460 205 203 -1 -1
9 125 1748 860 460 208 203 -1 -1
9 125 1749 860 461 208 201 -1 -1
9 125 1750 860 461 208 201 -1 -1
9 125 1751 860 460 208 203 -1 -1
9 125 1752 860 460 208 203 -1 -1
9 125 1753 860 460 208 203 -1 -1
9 125 1754 860 460 208 203 -1 -1
9 125 1755 860 460 208 203 -1 -1
9 125 1756 859 460 208 201 -1 -1
9 125 1757 859 460 208 201 -1 -1
9 125 1758 859 460 208 201 -1 -1
9 125 1759 859 460 208 203 -1 -1
9 125 1760 859 460 208 200 -1 -1
9 125 1761 859 460 208 200 -1 -1
9 125 1762 859 460 208 200 -1 -1
9 125 1763 859 460 208 200 -1 -1
9 125 1764 860 460 208 203 -1 -1
9 125 1765 859 460 208 203 -1 -1
9 125 1766 859 460 208 203 -1 -1
9 125 1767 859 460 208 201 -1 -1
9 125 1768 859 460 208 201 -1 -1
9 125 1769 859 459 208 201 -1 -1
9 125 1770 859 458 208 203 -1 -1
9 125 1771 859 459 208 201 -1 -1
9 125 1772 859 458 208 204 -1 -1
9 125 1773 859 460 208 203 -1 -1
9 125 1774 859 460 208 200 -1 -1
9 125 1775 859 460 208 200 -1 -1
9 125 1776 859 460 208 200 -1 -1
9 125 1777 859 460 208 200 -1 -1
9 125 1778 859 460 208 200 -1 -1
9 125 1779 859 461 208 201 -1 -1
9 125 1780 859 460 208 200 -1 -1
9 125 1781 860 460 208 201 -1 -1
9 125 1782 860 460 208 201 -1 -1
9 125 1783 860 460 208 201 -1 -1
9 125 1784 860 460 208 201 -1 -1
9 125 1785 860 460 208 200 -1 -1
9 125 1786 859 460 208 200 -1 -1
9 125 1787 859 461 208 201 -1 -1
9 125 1788 859 461 208 201 -1 -1
9 125 1789 859 461 208 200 -1 -1
9 125 1790 859 461 208 201 -1 -1
9 125 1791 859 461 208 201 -1 -1
9 125 1792 860 460 208 200 -1 -1
9 125 1793 861 459 208 203 -1 -1
9 125 1794 861 459 208 203 -1 -1
9 125 1795 861 459 208 203 -1 -1
9 125 1796 861 459 208 203 -1 -1
9 125 1797 861 460 208 201 -1 -1
9 125 1798 860 460 208 201 -1 -1
9 125 1799 859 460 208 200 -1 -1
9 125 1800 859 461 208 201 -1 -1
9 125 1801 860 460 207 203 -1 -1
9 125 1802 860 460 207 203 -1 -1
9 125 1803 859 460 208 203 -1 -1
9 125 1804 860 460 208 203 -1 -1
9 125 1805 861 459 208 203 -1 -1
9 125 1806 861 459 208 203 -1 -1
9 125 1807 861 459 208 203 -1 -1
9 125 1808 861 459 208 204 -1 -1
9 125 1809 860 460 208 203 -1 -1
9 125 1810 860 460 208 200 -1 -1
9 125 1811 859 460 208 203 -1 -1
9 125 1812 859 460 207 203 -1 -1
9 125 1813 859 461 207 201 -1 -1
9 125 1814 859 461 207 201 -1 -1
9 125 1815 859 461 208 201 -1 -1
9 125 1816 859 460 208 201 -1 -1
9 125 1817 859 460 208 200 -1 -1
9 125 1818 859 460 208 201 -1 -1
9 125 1819 860 460 208 201 -1 -1
9 125 1820 860 460 208 201 -1 -1
9 125 1821 859 460 208 200 -1 -1
9 125 1822 859 460 208 200 -1 -1
9 125 1823 859 460 208 200 -1 -1
9 125 1824 859 461 208 200 -1 -1
9 125 1825 859 461 208 200 -1 -1
9 125 1826 859 461 208 200 -1 -1
9 125 1827 859 461 208 201 -1 -1
9 125 1828 859 461 208 201 -1 -1
9 125 1829 861 460 208 201 -1 -1
9 125 1830 861 460 208 201 -1 -1
9 125 1831 861 459 208 203 -1 -1
9 125 1832 862 459 208 203 -1 -1
9 125 1833 862 460 208 201 -1 -1
9 125 1834 862 459 208 203 -1 -1
9 125 1835 860 461 208 201 -1 -1
9 125 1836 859 461 208 201 -1 -1
9 125 1837 860 461 208 201 -1 -1
9 125 1838 859 461 208 201 -1 -1
9 125 1839 859 461 208 201 -1 -1
9 125 1840 859 460 208 203 -1 -1
9 125 1841 860 459 208 203 -1 -1
9 125 1842 860 458 208 204 -1 -1
9 125 1843 861 458 208 204 -1 -1
9 125 1844 862 459 208 203 -1 -1
9 125 1845 863 460 205 201 -1 -1
9 125 1846 861 460 208 201 -1 -1
9 125 1847 860 459 208 203 -1 -1
9 125 1848 860 460 208 201 -1 -1
9 125 1849 859 460 208 200 -1 -1
9 125 1850 859 460 208 200 -1 -1
9 125 1851 859 461 208 201 -1 -1
9 125 1852 859 460 208 200 -1 -1
9 125 1853 860 460 208 200 -1 -1
9 125 1854 860 460 208 201 -1 -1
9 125 1855 861 460 208 201 -1 -1
9 125 1856 862 459 208 203 -1 -1
9 125 1857 862 459 208 203 -1 -1
9 125 1858 862 459 208 203 -1 -1
9 125 1859 862 459 208 203 -1 -1
9 125 1860 861 460 208 203 -1 -1
9 125 1861 859 461 208 201 -1 -1
9 125 1862 859 461 208 201 -1 -1
9 125 1863 859 461 208 201 -1 -1
9 125 1864 859 461 208 201 -1 -1
9 125 1865 859 461 208 200 -1 -1
9 125 1866 859 461 208 201 -1 -1
9 125 1867 859 461 208 201 -1 -1
9 125 1868 860 460 208 203 -1 -1
9 125 1869 860 460 208 203 -1 -1
9 125 1870 860 460 208 203 -1 -1
9 125 1871 860 460 208 203 -1 -1
9 125 1872 860 460 208 201 -1 -1
9 125 1873 859 460 208 203 -1 -1
9 125 1874 859 461 208 201 -1 -1
9 125 1875 859 461 208 201 -1 -1
9 125 1876 859 461 208 201 -1 -1
9 125 1877 859 460 208 200 -1 -1
9 125 1878 859 460 208 200 -1 -1
9 125 1879 859 460 208 201 -1 -1
9 125 1880 859 460 208 201 -1 -1
9 125 1881 860 460 208 200 -1 -1
9 125 1882 860 460 208 200 -1 -1
9 125 1883 860 460 208 200 -1 -1
9 125 1884 859 461 208 201 -1 -1
9 125 1885 859 460 208 200 -1 -1
9 125 1886 859 460 208 200 -1 -1
9 125 1887 859 460 208 200 -1 -1
9 125 1888 859 460 208 200 -1 -1
9 125 1889 859 460 208 200 -1 -1
9 125 1890 859 460 208 200 -1 -1
9 125 1891 860 460 208 200 -1 -1
9 125 1892 861 460 208 203 -1 -1
9 125 1893 861 460 208 203 -1 -1
9 125 1894 861 460 208 203 -1 -1
9 125 1895 861 460 208 203 -1 -1
9 125 1896 861 460 211 203 -1 -1
9 125 1897 861 460 208 203 -1 -1
9 125 1898 861 460 208 203 -1 -1
9 125 1899 861 460 208 203 -1 -1
9 125 1900 860 461 208 201 -1 -1
9 125 1901 859 461 208 201 -1 -1
9 125 1902 859 461 208 201 -1 -1
9 125 1903 859 461 208 201 -1 -1
9 125 1904 860 460 208 203 -1 -1
9 125 1905 861 460 208 203 -1 -1
9 125 1906 861 460 208 203 -1 -1
9 125 1907 861 460 208 203 -1 -1
9 125 1908 862 460 208 203 -1 -1
9 125 1909 862 460 208 203 -1 -1
9 125 1910 862 460 208 203 -1 -1
9 125 1911 860 460 208 203 -1 -1
9 125 1912 860 461 208 201 -1 -1
9 125 1913 859 460 208 200 -1 -1
9 125 1914 859 461 208 201 -1 -1
9 125 1915 859 460 208 200 -1 -1
9 125 1916 859 460 208 200 -1 -1
9 125 1917 859 460 208 203 -1 -1
9 125 1918 859 460 208 201 -1 -1
9 125 1919 860 460 211 201 -1 -1
9 125 1920 860 460 211 201 -1 -1
9 125 1921 860 460 211 203 -1 -1
9 125 1922 860 460 211 203 -1 -1
9 125 1923 860 459 211 203 -1 -1
9 125 1924 860 461 211 201 -1 -1
9 125 1925 859 461 208 201 -1 -1
9 125 1926 859 460 208 200 -1 -1
9 125 1927 859 460 208 200 -1 -1
9 125 1928 859 460 208 200 -1 -1
9 125 1929 859 460 208 200 -1 -1
9 125 1930 859 461 208 201 -1 -1
9 125 1931 859 461 208 201 -1 -1
9 125 1932 859 461 208 201 -1 -1
9 125 1933 860 461 208 201 -1 -1
9 125 1934 860 460 208 203 -1 -1
9 125 1935 860 460 208 203 -1 -1
9 125 1936 860 461 208 201 -1 -1
9 125 1937 859 461 208 200 -1 -1
9 125 1938 859 460 208 200 -1 -1
9 125 1939 859 460 208 200 -1 -1
9 125 1940 859 460 208 200 -1 -1
9 125 1941 859 461 208 201 -1 -1
9 125 1942 859 461 208 201 -1 -1
9 125 1943 859 461 208 201 -1 -1
9 125 1944 859 460 210 200 -1 -1
9 125 1945 860 461 211 201 -1 -1
9 125 1946 860 461 211 201 -1 -1
9 125 1947 860 461 211 201 -1 -1
9 125 1948 860 461 211 201 -1 -1
9 125 1949 860 461 211 201 -1 -1
9 125 1950 859 461 210 201 -1 -1
9 125 1951 859 460 208 200 -1 -1
9 125 1952 859 460 208 200 -1 -1
9 125 1953 859 461 208 198 -1 -1
9 125 1954 859 461 208 198 -1 -1
9 125 1955 859 461 208 198 -1 -1
9 125 1956 859 461 208 198 -1 -1
9 125 1957 859 461 208 198 -1 -1
9 125 1958 859 461 208 200 -1 -1
9 125 1959 859 461 208 200 -1 -1
9 125 1960 859 461 208 200 -1 -1
9 125 1961 859 461 208 201 -1 -1
9 125 1962 859 461 208 201 -1 -1
9 125 1963 859 461 208 200 -1 -1
9 125 1964 859 460 208 200 -1 -1
9 125 1965 859 460 207 204 -1 -1
9 125 1966 859 460 207 204 -1 -1
9 125 1967 859 460 205 204 -1 -1
9 125 1968 859 460 205 204 -1 -1
9 125 1969 859 460 207 200 -1 -1
9 125 1970 859 461 208 201 -1 -1
9 125 1971 859 460 208 200 -1 -1
9 125 1972 859 460 208 200 -1 -1
9 125 1973 859 461 208 201 -1 -1
9 125 1974 859 460 208 200 -1 -1
9 125 1975 859 461 208 201 -1 -1
9 125 1976 859 460 208 204 -1 -1
9 125 1977 859 460 208 204 -1 -1
9 125 1978 859 461 208 205 -1 -1
9 125 1979 859 460 208 200 -1 -1
9 125 1980 859 460 207 204 -1 -1
9 125 1981 859 461 207 205 -1 -1
9 125 1982 859 461 208 205 -1 -1
9 125 1983 860 461 207 205 -1 -1
9 125 1984 859 461 208 201 -1 -1
9 125 1985 859 461 208 201 -1 -1
9 125 1986 860 461 208 201 -1 -1
9 125 1987 860 461 208 201 -1 -1
9 125 1988 861 461 208 201 -1 -1
9 125 1989 860 460 208 203 -1 -1
9 125 1990 860 460 208 203 -1 -1
9 125 1991 859 460 208 201 -1 -1
9 125 1992 859 460 208 201 -1 -1
9 125 1993 859 460 208 203 -1 -1
9 125 1994 859 461 208 201 -1 -1
9 125 1995 859 461 208 201 -1 -1
9 125 1996 860 461 208 201 -1 -1
9 125 1997 860 460 208 203 -1 -1
9 125 1998 861 460 208 203 -1 -1
9 125 1999 862 460 208 203 -1 -1
9 125 2000 862 460 211 203 -1 -1
9 125 2001 862 460 208 203 -1 -1
9 125 2002 861 460 208 203 -1 -1
9 125 2003 861 460 208 203 -1 -1
9 125 2004 860 460 208 203 -1 -1
9 125 2005 860 460 207 204 -1 -1
9 125 2006 860 460 207 204 -1 -1
9 125 2007 859 460 207 204 -1 -1
9 125 2008 860 460 207 204 -1 -1
9 125 2009 860 460 207 204 -1 -1
9 125 2010 861 460 205 200 -1 -1
9 125 2011 860 460 208 201 -1 -1
9 125 2012 862 460 208 203 -1 -1
9 125 2013 862 460 211 203 -1 -1
9 125 2014 862 460 208 201 -1 -1
9 125 2015 862 460 208 201 -1 -1
9 125 2016 861 460 208 201 -1 -1
9 125 2017 861 460 208 201 -1 -1
9 125 2018 861 460 208 200 -1 -1
9 125 2019 860 461 208 200 -1 -1
9 125 2020 860 461 208 201 -1 -1
9 125 2021 859 460 207 204 -1 -1
9 125 2022 859 461 208 201 -1 -1
9 125 2023 860 460 208 203 -1 -1
9 125 2024 860 460 208 203 -1 -1
9 125 2025 861 460 208 201 -1 -1
9 125 2026 862 460 208 203 -1 -1
9 125 2027 862 460 208 203 -1 -1
9 125 2028 862 460 208 203 -1 -1
9 125 2029 862 460 208 203 -1 -1
9 125 2030 860 460 208 203 -1 -1
9 125 2031 860 461 211 203 -1 -1
9 125 2032 860 462 208 205 -1 -1
9 125 2033 860 461 208 208 -1 -1
9 125 2034 862 462 211 207 -1 -1
9 125 2035 862 462 211 208 -1 -1
9 125 2036 862 463 210 208 -1 -1
9 125 2037 864 464 211 211 -1 -1
9 125 2038 864 464 211 214 -1 -1
9 125 2039 864 467 216 211 -1 -1
9 125 2040 865 468 216 213 -1 -1
9 125 2041 866 470 216 213 -1 -1
9 125 2042 867 472 217 214 -1 -1
9 125 2043 867 475 220 217 -1 -1
9 125 2044 868 476 223 218 -1 -1
9 125 2045 870 477 223 224 -1 -1
9 125 2046 872 481 226 224 -1 -1
9 125 2047 873 483 229 226 -1 -1
9 125 2048 876 487 232 227 -1 -1
9 125 2049 879 489 237 230 -1 -1
9 125 2050 881 493 247 233 -1 -1
9 125 2051 884 498 253 232 -1 -1
9 125 2052 886 501 265 237 -1 -1
9 125 2053 893 504 269 243 -1 -1
9 125 2054 897 508 281 246 -1 -1
9 125 2055 903 514 288 249 -1 -1
9 125 2056 910 519 298 253 -1 -1
9 125 2057 918 523 314 261 -1 -1
9 125 2058 926 528 330 265 -1 -1
9 125 2059 937 534 345 269 -1 -1
9 125 2060 949 538 365 276 -1 -1
9 125 2061 962 546 384 278 -1 -1
9 125 2062 978 551 403 285 -1 -1
9 125 2063 995 557 429 292 -1 -1
9 125 2064 1015 563 455 300 -1 -1
9 125 2065 1040 571 475 303 -1 -1
9 125 2066 1064 577 504 311 -1 -1
9 125 2067 1093 584 529 319 -1 -1
9 125 2068 1123 591 555 324 -1 -1
9 125 2069 1157 598 581 333 -1 -1
9 125 2070 1193 606 607 339 -1 -1
9 125 2071 1232 614 630 348 -1 -1
9 125 2072 1275 621 656 353 -1 -1
9 125 2073 1323 622 681 371 -1 -1
9 125 2074 1373 636 701 361 -1 -1
9 125 2075 1425 642 725 363 -1 -1
9 125 2076 1482 648 743 369 -1 -1
9 125 2077 1539 654 756 371 -1 -1
9 125 2078 1585 658 669 377 -1 -1
9 125 2079 1629 663 577 377 -1 -1
9 125 2080 1677 659 481 339 -1 -1
9 125 2081 1726 664 387 343 -1 -1
9 125 2082 1777 667 281 346 -1 -1
9 125 2083 1829 677 176 340 -1 -1
9 125 2084 1883 695 73 224 -1 -1
9 225 1906 554 296 84 75 -1 -1
9 225 1907 553 298 85 78 -1 -1
9 225 1908 551 302 88 79 -1 -1
9 225 1909 550 304 87 81 -1 -1
9 225 1910 547 307 89 84 -1 -1
9 225 1911 544 310 92 87 -1 -1
9 225 1912 542 312 94 88 -1 -1
9 225 1913 539 315 94 92 -1 -1
9 225 1914 537 321 95 89 -1 -1
9 225 1915 534 324 98 91 -1 -1
9 225 1916 533 327 100 94 -1 -1
9 225 1917 531 330 102 97 -1 -1
9 225 1918 529 333 105 98 -1 -1
9 225 1919 526 336 108 102 -1 -1
9 225 1920 524 339 108 104 -1 -1
9 225 1921 522 343 111 105 -1 -1
9 225 1922 519 347 113 107 -1 -1
9 225 1923 516 349 116 110 -1 -1
9 225 1924 513 354 118 111 -1 -1
9 225 1925 509 357 120 113 -1 -1
9 225 1926 507 361 121 116 -1 -1
9 225 1927 504 364 123 118 -1 -1
9 225 1928 500 368 126 121 -1 -1
9 225 1929 497 371 129 123 -1 -1
9 225 1930 494 374 130 124 -1 -1
9 225 1931 492 378 134 127 -1 -1
9 225 1932 489 381 136 129 -1 -1
9 225 1933 487 385 139 131 -1 -1
9 225 1934 484 387 140 136 -1 -1
9 225 1935 480 391 142 136 -1 -1
9 225 1936 478 394 143 139 -1 -1
9 225 1937 475 397 147 143 -1 -1
9 225 1938 471 400 149 142 -1 -1
9 225 1939 468 404 150 140 -1 -1
9 225 1940 465 407 155 142 -1 -1
9 225 1941 462 410 156 142 -1 -1
9 225 1942 460 413 155 145 -1 -1
9 225 1943 457 415 158 146 -1 -1
9 225 1944 454 419 162 149 -1 -1
9 225 1945 452 421 163 153 -1 -1
9 225 1946 449 424 166 153 -1 -1
9 225 1947 447 426 168 155 -1 -1
9 225 1948 445 428 168 155 -1 -1
9 225 1949 443 429 169 158 -1 -1
9 225 1950 440 433 171 160 -1 -1
9 225 1951 438 435 171 160 -1 -1
9 225 1952 437 438 174 160 -1 -1
9 225 1953 434 438 175 162 -1 -1
9 225 1954 433 440 175 162 -1 -1
9 225 1955 431 442 176 165 -1 -1
9 225 1956 429 442 178 166 -1 -1
9 225 1957 428 444 179 166 -1 -1
9 225 1958 427 445 179 168 -1 -1
9 225 1959 427 446 179 168 -1 -1
9 225 1960 426 447 179 168 -1 -1
9 225 1961 426 448 179 169 -1 -1
9 225 1962 425 449 179 169 -1 -1
9 225 1963 424 449 179 168 -1 -1
9 225 1964 422 450 184 171 -1 -1
9 225 1965 423 451 181 171 -1 -1
9 225 1966 422 452 182 171 -1 -1
9 225 1967 424 453 176 169 -1 -1
9 225 1968 423 453 178 171 -1 -1
9 225 1969 422 453 181 172 -1 -1
9 225 1970 426 454 171 171 -1 -1
9 225 1971 426 454 171 171 -1 -1
9 225 1972 426 454 171 171 -1 -1
9 225 1973 426 454 171 171 -1 -1
9 225 1974 426 454 171 171 -1 -1
9 225 1975 426 454 171 171 -1 -1
9 225 1976 426 454 171 171 -1 -1
9 225 1977 426 454 171 171 -1 -1
9 225 1978 426 454 171 171 -1 -1
9 225 1979 426 454 171 171 -1 -1
9 225 1980 426 454 171 172 -1 -1
9 225 1981 426 454 171 171 -1 -1
9 225 1982 426 454 171 171 -1 -1
9 225 1983 426 454 171 171 -1 -1
9 225 1984 426 454 171 172 -1 -1
9 225 1985 426 454 171 171 -1 -1
9 225 1986 426 454 171 171 -1 -1
9 225 1987 427 454 171 171 -1 -1
9 225 1988 427 454 171 171 -1 -1
9 225 1989 427 454 171 171 -1 -1
9 225 1990 426 454 172 171 -1 -1
9 225 1991 426 454 171 171 -1 -1
9 225 1992 426 454 171 171 -1 -1
9 225 1993 428 454 169 171 -1 -1
9 225 1994 427 454 169 171 -1 -1
9 225 1995 428 455 169 171 -1 -1
9 225 1996 428 455 169 169 -1 -1
9 225 1997 428 454 169 171 -1 -1
9 225 1998 428 454 171 171 -1 -1
9 225 1999 428 453 171 172 -1 -1
9 225 2000 429 453 169 172 -1 -1
9 225 2001 428 454 171 171 -1 -1
9 225 2002 427 454 172 171 -1 -1
9 225 2003 428 454 169 171 -1 -1
9 225 2004 426 453 172 174 -1 -1
9 225 2005 427 454 169 172 -1 -1
9 225 2006 427 455 169 171 -1 -1
9 225 2007 426 455 171 171 -1 -1
9 225 2008 425 455 172 171 -1 -1
9 225 2009 426 455 171 171 -1 -1
9 225 2010 427 455 171 169 -1 -1
9 225 2011 427 455 171 169 -1 -1
9 225 2012 428 454 169 171 -1 -1
9 225 2013 428 454 171 171 -1 -1
9 225 2014 429 454 169 171 -1 -1
9 225 2015 427 454 172 171 -1 -1
9 225 2016 428 454 169 171 -1 -1
9 225 2017 428 454 169 171 -1 -1
9 225 2018 427 454 168 171 -1 -1
9 225 2019 427 454 169 171 -1 -1
9 225 2020 427 454 169 171 -1 -1
9 225 2021 426 454 171 172 -1 -1
9 225 2022 426 454 171 172 -1 -1
9 225 2023 426 454 172 172 -1 -1
9 225 2024 427 454 172 172 -1 -1
9 225 2025 427 454 172 171 -1 -1
9 225 2026 427 454 172 171 -1 -1
9 225 2027 427 454 172 171 -1 -1
9 225 2028 427 455 174 169 -1 -1
9 225 2029 426 454 172 172 -1 -1
9 225 2030 426 454 174 172 -1 -1
9 225 2031 422 454 178 172 -1 -1
9 225 2032 423 454 176 172 -1 -1
9 225 2033 423 455 176 171 -1 -1
9 225 2034 423 455 176 171 -1 -1
9 225 2035 420 455 182 171 -1 -1
9 225 2036 420 455 185 174 -1 -1
9 225 2037 421 455 185 174 -1 -1
9 225 2038 421 455 185 174 -1 -1
9 225 2039 421 455 185 174 -1 -1
9 225 2040 420 455 187 174 -1 -1
9 225 2041 419 455 187 171 -1 -1
9 225 2042 419 455 189 171 -1 -1
9 225 2043 417 455 188 172 -1 -1
9 225 2044 417 456 189 172 -1 -1
9 225 2045 416 457 189 171 -1 -1
9 225 2046 413 458 192 171 -1 -1
9 225 2047 412 458 194 171 -1 -1
9 225 2048 412 459 192 174 -1 -1
9 225 2049 411 461 194 174 -1 -1
9 225 2050 410 462 194 174 -1 -1
9 225 2051 410 463 195 175 -1 -1
9 225 2052 407 464 198 178 -1 -1
9 225 2053 405 467 200 182 -1 -1
9 225 2054 404 469 200 185 -1 -1
9 225 2055 402 471 201 187 -1 -1
9 225 2056 399 473 204 188 -1 -1
9 225 2057 396 476 205 191 -1 -1
9 225 2058 393 478 207 191 -1 -1
9 225 2059 390 480 207 194 -1 -1
9 225 2060 385 484 213 195 -1 -1
9 225 2061 382 486 213 198 -1 -1
9 225 2062 378 490 218 201 -1 -1
9 225 2063 374 492 220 204 -1 -1
9 225 2064 371 496 221 208 -1 -1
9 225 2065 366 499 224 211 -1 -1
9 225 2066 362 503 227 216 -1 -1
9 225 2067 356 509 234 213 -1 -1
9 225 2068 351 513 236 217 -1 -1
9 225 2069 345 518 239 226 -1 -1
9 225 2070 338 524 245 227 -1 -1
9 225 2071 331 528 249 230 -1 -1
9 225 2072 325 534 253 233 -1 -1
9 225 2073 317 540 258 236 -1 -1
9 225 2074 310 546 263 242 -1 -1
9 225 2075 301 551 269 249 -1 -1
9 225 2076 291 560 278 253 -1 -1
9 225 2077 283 567 284 261 -1 -1
9 225 2078 273 575 288 262 -1 -1
9 225 2079 263 582 294 272 -1 -1
9 225 2080 252 590 304 282 -1 -1
9 225 2081 240 599 313 290 -1 -1
9 225 2082 227 611 319 295 -1 -1
9 225 2083 211 622 332 303 -1 -1
9 225 2084 197 633 340 314 -1 -1
9 225 2085 181 645 350 324 -1 -1
9 225 2086 164 659 363 334 -1 -1
9 225 2087 144 673 377 346 -1 -1
9 225 2088 124 689 391 356 -1 -1
9 225 2089 103 703 406 377 -1 -1
9 225 2090 81 723 421 388 -1 -1
9 225 2091 75 741 397 403 -1 -1
9 225 2092 71 759 372 430 -1 -1
9 225 2093 65 784 342 443 -1 -1
9 225 2094 59 808 311 465 -1 -1
9 225 2095 53 836 275 478 -1 -1
9 225 2096 45 849 237 453 -1 -1
9 225 2097 37 873 198 407 -1 -1
9 225 2098 29 894 149 361 -1 -1
9 225 2099 19 927 101 300 -1 -1
8 239 1865 1878 473 82 130 -1 -1
8 239 1866 1852 469 134 166 -1 -1
8 239 1867 1822 454 195 194 -1 -1
8 239 1868 1791 451 256 200 -1 -1
8 239 1869 1761 451 317 201 -1 -1
8 239 1870 1726 449 387 201 -1 -1
8 239 1871 1691 448 456 207 -1 -1
8 239 1872 1654 447 530 208 -1 -1
8 239 1873 1606 446 551 211 -1 -1
8 239 1874 1552 444 558 210 -1 -1
8 239 1875 1497 443 564 213 -1 -1
8 239 1876 1438 441 571 213 -1 -1
8 239 1877 1382 439 571 214 -1 -1
8 239 1878 1321 437 580 214 -1 -1
8 239 1879 1260 436 578 214 -1 -1
8 239 1880 1197 432 578 220 -1 -1
8 239 1881 1132 430 582 220 -1 -1
8 239 1882 1065 430 585 213 -1 -1
8 239 1883 995 428 585 218 -1 -1
8 239 1884 926 425 580 220 -1 -1
8 239 1885 854 425 580 216 -1 -1
8 239 1886 781 423 577 216 -1 -1
8 239 1887 706 420 575 221 -1 -1
8 239 1888 632 413 572 230 -1 -1
8 239 1889 558 418 571 214 -1 -1
8 239 1890 485 414 569 218 -1 -1
8 239 1891 410 415 565 213 -1 -1
8 239 1892 337 411 564 214 -1 -1
8 239 1893 265 411 555 210 -1 -1
8 239 1894 193 409 549 207 -1 -1
8 239 1895 121 407 542 207 -1 -1
8 239 1896 87 406 461 203 -1 -1
8 239 1897 67 404 353 204 -1 -1
8 239 1898 46 403 246 200 -1 -1
8 -1 1895 1883 494 73 97 -1 -1
8 -1 1896 1852 493 130 123 -1 -1
8 -1 1897 1824 476 191 156 -1 -1
8 -1 1898 1793 473 252 163 -1 -1
8 -1 1899 1760 472 319 165 -1 -1
8 238 1861 1876 447 87 111 -1 -1
8 238 1862 1861 442 117 130 -1 -1
8 238 1863 1846 432 147 149 -1 -1
8 238 1864 1830 426 178 158 -1 -1
8 238 1865 1813 426 213 159 -1 -1
8 238 1866 1796 423 247 162 -1 -1
8 238 1867 1777 420 281 162 -1 -1
8 238 1868 1756 418 326 155 -1 -1
8 238 1869 1735 415 365 137 -1 -1
8 238 1870 1710 412 400 123 -1 -1
8 238 1871 1681 409 404 111 -1 -1
8 238 1872 1651 404 397 85 -1 -1
8 238 1873 1619 403 400 85 -1 -1
8 238 1874 1588 401 391 88 -1 -1
8 238 1875 1611 399 274 84 -1 -1
8 238 1876 1576 399 278 97 -1 -1
8 238 1877 1541 407 282 143 -1 -1
8 238 1878 1503 409 287 165 -1 -1
8 238 1879 1454 410 310 172 -1 -1
8 238 1880 1398 408 342 172 -1 -1
8 238 1881 1340 407 378 174 -1 -1
8 238 1882 1283 405 406 172 -1 -1
8 238 1883 1238 404 411 172 -1 -1
8 238 1884 1192 403 408 174 -1 -1
8 238 1885 1144 403 413 171 -1 -1
8 238 1886 1096 401 414 172 -1 -1
8 238 1887 1049 400 408 171 -1 -1
8 238 1888 993 398 421 172 -1 -1
8 238 1889 940 398 426 169 -1 -1
8 238 1890 889 395 426 174 -1 -1
8 238 1891 839 393 424 174 -1 -1
8 238 1892 786 391 426 172 -1 -1
8 238 1893 736 390 426 174 -1 -1
8 238 1894 685 388 427 172 -1 -1
8 238 1895 632 388 423 169 -1 -1
8 238 1896 578 385 420 172 -1 -1
8 238 1897 525 384 419 174 -1 -1
8 238 1898 471 383 417 172 -1 -1
8 238 1899 416 383 413 169 -1 -1
8 238 1900 362 381 411 169 -1 -1
8 238 1901 307 380 408 168 -1 -1
8 238 1902 252 379 407 169 -1 -1
8 238 1903 199 378 400 166 -1 -1
8 238 1904 145 377 400 166 -1 -1
8 238 1905 93 376 395 166 -1 -1
8 238 1906 65 374 342 168 -1 -1
8 238 1907 50 374 265 166 -1 -1
8 238 1908 35 374 188 163 -1 -1
8 238 1909 21 371 113 160 -1 -1
