41,1,108,432,707,537,373,-1,-1
41,1,109,515,662,489,400,-1,-1
41,1,110,610,619,422,332,-1,-1
41,1,111,667,573,395,310,-1,-1
41,1,112,724,543,361,285,-1,-1
41,1,113,772,512,337,266,-1,-1
41,1,114,819,484,317,251,-1,-1
41,1,115,857,457,292,238,-1,-1
41,1,116,893,435,274,220,-1,-1
41,1,117,921,416,262,199,-1,-1
41,1,118,954,398,243,187,-1,-1
41,1,119,984,381,224,178,-1,-1
41,1,120,1007,369,214,163,-1,-1
41,1,121,1026,357,206,158,-1,-1
41,1,122,1047,337,196,161,-1,-1
41,1,123,1066,328,187,152,-1,-1
41,1,124,1079,318,182,145,-1,-1
41,1,125,1095,308,177,137,-1,-1
41,1,126,1110,296,170,133,-1,-1
41,1,127,1123,289,165,125,-1,-1
41,1,128,1137,276,158,126,-1,-1
41,1,129,1149,268,152,122,-1,-1
41,1,130,1161,265,145,115,-1,-1
41,1,131,1166,254,146,114,-1,-1
41,1,132,1177,245,143,114,-1,-1
41,1,133,1188,241,136,107,-1,-1
41,1,134,1197,235,134,100,-1,-1
41,1,135,1207,227,125,102,-1,-1
41,1,136,1216,223,120,97,-1,-1
41,1,137,1225,220,117,94,-1,-1
41,1,138,1232,212,118,96,-1,-1
41,1,139,1237,207,115,94,-1,-1
41,1,140,1242,203,116,93,-1,-1
41,1,141,1250,199,111,91,-1,-1
41,1,142,1258,195,106,89,-1,-1
41,1,143,1265,189,102,86,-1,-1
41,1,144,1269,186,100,85,-1,-1
41,1,145,1274,183,102,77,-1,-1
41,1,146,1277,181,102,77,-1,-1
41,1,147,1284,177,96,78,-1,-1
41,1,148,1288,175,97,73,-1,-1
41,1,149,1292,169,96,76,-1,-1
41,1,150,1295,165,97,73,-1,-1
41,1,151,1301,162,92,74,-1,-1
41,1,152,1306,157,88,76,-1,-1
41,1,153,1313,156,83,70,-1,-1
41,1,154,1316,155,82,68,-1,-1
41,1,155,1318,152,83,68,-1,-1
41,1,156,1322,149,81,67,-1,-1
41,1,157,1325,146,80,69,-1,-1
41,1,158,1330,144,77,67,-1,-1
41,1,159,1334,143,78,66,-1,-1
41,1,160,1338,140,74,65,-1,-1
41,1,161,1342,137,72,62,-1,-1
41,1,162,1344,137,71,60,-1,-1
41,1,163,1347,135,71,60,-1,-1
41,1,164,1350,132,70,61,-1,-1
41,1,165,1350,129,72,60,-1,-1
41,1,166,1354,128,69,56,-1,-1
41,1,167,1356,126,69,56,-1,-1
41,1,168,1359,123,67,57,-1,-1
41,1,169,1363,122,67,57,-1,-1
41,1,170,1364,120,65,57,-1,-1
41,1,171,1366,118,66,57,-1,-1
41,1,172,1370,117,62,55,-1,-1
41,1,173,1372,117,64,54,-1,-1
41,1,174,1374,114,60,54,-1,-1
41,1,175,1376,114,61,50,-1,-1
41,1,176,1379,112,59,51,-1,-1
41,1,177,1380,109,61,52,-1,-1
41,1,178,1383,110,59,49,-1,-1
41,1,179,1385,108,58,48,-1,-1
41,1,180,1388,105,57,51,-1,-1
41,1,181,1389,104,58,47,-1,-1
41,1,182,1391,104,57,47,-1,-1
41,1,183,1393,103,56,47,-1,-1
41,1,184,1394,100,56,49,-1,-1
41,1,185,1396,99,57,48,-1,-1
41,1,186,1397,99,56,45,-1,-1
41,1,187,1400,98,52,45,-1,-1
41,1,188,1401,96,53,45,-1,-1
41,1,189,1406,98,51,40,-1,-1
41,1,190,1406,97,51,40,-1,-1
41,1,191,1407,97,51,40,-1,-1
41,1,192,1408,95,51,40,-1,-1
41,1,193,1408,93,51,40,-1,-1
41,1,194,1411,94,49,38,-1,-1
41,1,195,1412,92,49,38,-1,-1
41,1,196,1414,91,49,38,-1,-1
41,1,197,1414,89,49,38,-1,-1
41,1,198,1414,88,49,38,-1,-1
41,1,199,1417,89,49,38,-1,-1
41,1,200,1417,85,49,38,-1,-1
41,1,201,1418,84,49,38,-1,-1
41,1,202,1419,85,49,38,-1,-1
41,1,203,1422,84,47,36,-1,-1
41,1,204,1422,81,47,36,-1,-1
41,2,137,521,695,538,371,-1,-1
41,2,138,592,647,500,404,-1,-1
41,2,139,665,608,464,362,-1,-1
41,2,140,732,573,416,326,-1,-1
41,2,141,797,536,366,296,-1,-1
41,2,142,857,507,335,259,-1,-1
41,2,143,899,483,308,235,-1,-1
41,2,144,924,453,304,220,-1,-1
41,2,145,963,428,282,210,-1,-1
41,2,146,995,409,267,199,-1,-1
41,2,147,1019,394,255,186,-1,-1
41,2,148,1050,373,236,177,-1,-1
41,2,149,1069,364,230,169,-1,-1
41,2,150,1096,345,215,163,-1,-1
41,2,151,1113,331,208,153,-1,-1
41,2,152,1131,318,201,149,-1,-1
41,2,153,1149,307,193,146,-1,-1
41,2,154,1167,295,182,140,-1,-1
41,2,155,1181,286,176,131,-1,-1
41,2,156,1194,276,169,130,-1,-1
41,2,157,1210,267,159,125,-1,-1
41,2,158,1221,260,152,119,-1,-1
41,2,159,1232,250,151,116,-1,-1
41,2,160,1245,244,145,115,-1,-1
41,2,161,1254,237,145,115,-1,-1
41,2,162,1261,234,143,109,-1,-1
41,2,163,1270,225,134,110,-1,-1
41,2,164,1280,220,128,107,-1,-1
41,2,165,1289,213,126,105,-1,-1
41,2,166,1294,206,126,106,-1,-1
41,2,167,1303,202,120,103,-1,-1
41,2,168,1309,197,120,100,-1,-1
41,2,169,1316,194,115,98,-1,-1
41,2,170,1325,189,110,88,-1,-1
41,2,171,1332,185,108,87,-1,-1
41,2,172,1335,180,108,91,-1,-1
41,2,173,1343,176,102,84,-1,-1
41,2,174,1347,174,103,84,-1,-1
41,2,175,1354,171,99,83,-1,-1
41,2,176,1355,166,99,83,-1,-1
41,2,177,1364,165,90,75,-1,-1
41,2,178,1368,161,87,74,-1,-1
41,2,179,1371,156,87,74,-1,-1
41,2,180,1375,154,87,74,-1,-1
41,2,181,1378,151,87,74,-1,-1
41,2,182,1384,149,87,69,-1,-1
41,2,183,1389,149,81,62,-1,-1
41,2,184,1393,148,78,64,-1,-1
41,2,185,1395,144,78,64,-1,-1
41,2,186,1399,142,75,64,-1,-1
41,2,187,1402,139,75,64,-1,-1
41,2,188,1405,138,74,60,-1,-1
41,2,189,1410,132,72,61,-1,-1
41,2,190,1412,128,72,63,-1,-1
41,2,191,1414,125,72,63,-1,-1
41,2,192,1417,124,72,63,-1,-1
41,2,193,1420,122,72,63,-1,-1
41,2,194,1421,120,72,63,-1,-1
41,2,195,1425,118,71,60,-1,-1
41,2,196,1427,117,70,57,-1,-1
41,2,197,1429,116,70,56,-1,-1
41,2,198,1431,115,69,55,-1,-1
41,2,199,1433,113,68,52,-1,-1
41,2,200,1437,112,64,53,-1,-1
41,2,201,1439,109,62,49,-1,-1
41,2,202,1442,111,62,49,-1,-1
41,2,203,1442,108,62,49,-1,-1
41,2,204,1445,105,62,49,-1,-1
41,2,205,1446,103,62,49,-1,-1
41,2,206,1448,102,62,49,-1,-1
41,2,207,1451,101,59,49,-1,-1
41,2,208,1453,100,59,49,-1,-1
41,2,209,1452,98,59,49,-1,-1
41,2,210,1454,99,59,45,-1,-1
41,2,211,1456,97,59,45,-1,-1
41,2,212,1457,96,59,45,-1,-1
41,2,213,1459,94,59,45,-1,-1
41,2,214,1459,92,59,45,-1,-1
41,2,215,1460,92,59,45,-1,-1
41,2,216,1461,90,59,45,-1,-1
41,2,217,1463,87,59,45,-1,-1
41,2,218,1464,86,59,45,-1,-1
41,2,219,1467,86,56,43,-1,-1
41,2,220,1467,85,56,43,-1,-1
41,2,221,1470,86,54,41,-1,-1
41,2,222,1473,86,51,39,-1,-1
41,2,223,1473,85,51,39,-1,-1
41,2,224,1474,84,51,39,-1,-1
41,2,225,1475,83,51,39,-1,-1
41,2,226,1475,80,51,39,-1,-1
41,2,227,1476,79,51,39,-1,-1
41,2,228,1477,78,51,39,-1,-1
41,3,397,894,135,625,935,-1,-1
41,3,398,933,130,584,890,-1,-1
41,3,399,977,126,545,822,-1,-1
41,3,400,1019,125,497,754,-1,-1
41,3,401,1052,120,468,719,-1,-1
41,3,402,1077,114,442,675,-1,-1
41,3,403,1103,112,417,627,-1,-1
41,3,404,1127,108,395,599,-1,-1
41,3,405,1145,109,377,565,-1,-1
41,3,406,1161,102,359,539,-1,-1
41,3,407,1174,99,348,512,-1,-1
41,3,408,1192,98,330,487,-1,-1
41,3,409,1206,95,321,466,-1,-1
41,3,410,1220,93,304,446,-1,-1
41,3,411,1236,92,293,427,-1,-1
41,3,412,1249,93,279,407,-1,-1
41,3,413,1250,86,278,399,-1,-1
41,3,414,1258,83,269,388,-1,-1
41,3,415,1266,83,261,371,-1,-1
41,3,416,1275,78,249,357,-1,-1
41,3,417,1285,82,240,342,-1,-1
41,3,418,1286,78,241,337,-1,-1
41,3,419,1295,76,234,328,-1,-1
41,3,420,1304,76,223,315,-1,-1
41,3,421,1309,77,218,305,-1,-1
41,3,422,1314,73,215,296,-1,-1
41,3,423,1322,70,205,292,-1,-1
41,3,424,1328,71,202,288,-1,-1
41,3,425,1329,69,201,279,-1,-1
41,3,426,1335,68,194,270,-1,-1
41,3,427,1341,69,187,261,-1,-1
41,3,428,1341,65,190,257,-1,-1
41,3,429,1348,64,186,251,-1,-1
41,3,430,1351,64,177,243,-1,-1
41,3,431,1360,63,171,237,-1,-1
41,3,432,1365,63,169,232,-1,-1
41,3,433,1365,59,169,232,-1,-1
41,3,434,1367,58,166,223,-1,-1
41,3,435,1371,58,164,222,-1,-1
41,3,436,1374,58,158,216,-1,-1
41,3,437,1377,58,156,212,-1,-1
41,3,438,1380,55,156,212,-1,-1
41,3,439,1380,56,153,207,-1,-1
41,3,440,1385,54,150,205,-1,-1
41,3,441,1386,51,146,198,-1,-1
41,3,442,1386,49,150,200,-1,-1
41,3,443,1389,50,146,195,-1,-1
41,3,444,1393,51,142,183,-1,-1
41,3,445,1396,50,139,184,-1,-1
41,3,446,1399,48,139,184,-1,-1
41,3,447,1402,47,135,184,-1,-1
41,3,448,1403,47,133,180,-1,-1
41,3,449,1405,43,133,180,-1,-1
41,3,450,1406,46,132,174,-1,-1
41,3,451,1409,49,129,167,-1,-1
41,3,452,1412,50,129,167,-1,-1
41,3,453,1412,49,129,167,-1,-1
41,3,454,1412,47,125,155,-1,-1
41,3,455,1416,47,125,155,-1,-1
41,3,456,1416,47,125,155,-1,-1
41,3,457,1417,45,125,155,-1,-1
41,3,458,1418,42,125,155,-1,-1
41,3,459,1420,40,125,155,-1,-1
41,3,460,1423,42,119,148,-1,-1
41,3,461,1425,42,119,148,-1,-1
41,3,462,1428,44,113,141,-1,-1
41,3,463,1429,43,113,141,-1,-1
41,3,464,1430,43,113,141,-1,-1
41,3,465,1430,42,113,141,-1,-1
41,3,466,1432,40,113,141,-1,-1
41,3,467,1432,39,113,141,-1,-1
41,3,468,1431,35,113,141,-1,-1
41,3,469,1435,39,108,134,-1,-1
41,3,470,1439,40,103,128,-1,-1
41,3,471,1441,39,103,128,-1,-1
41,3,472,1441,38,103,128,-1,-1
41,3,473,1446,40,98,121,-1,-1
41,3,474,1447,40,98,121,-1,-1
41,3,475,1448,39,98,121,-1,-1
41,3,476,1452,39,93,116,-1,-1
41,3,477,1452,39,93,116,-1,-1
41,3,478,1451,38,93,116,-1,-1
41,3,479,1453,37,93,116,-1,-1
41,3,480,1454,39,89,110,-1,-1
41,3,481,1455,37,89,110,-1,-1
41,3,482,1456,35,89,110,-1,-1
41,3,483,1455,34,89,110,-1,-1
41,3,484,1456,34,89,110,-1,-1
41,3,485,1456,34,89,110,-1,-1
41,3,486,1458,35,85,105,-1,-1
41,3,487,1460,35,85,105,-1,-1
41,3,488,1460,32,85,105,-1,-1
41,3,489,1460,33,85,105,-1,-1
41,3,490,1461,33,85,105,-1,-1
41,3,491,1463,33,81,100,-1,-1
41,3,492,1463,33,81,100,-1,-1
41,3,493,1464,32,81,100,-1,-1
41,3,494,1464,31,81,100,-1,-1
41,3,495,1465,32,81,100,-1,-1
41,3,496,1464,31,81,100,-1,-1
41,3,497,1464,30,81,100,-1,-1
41,3,498,1465,29,81,100,-1,-1
41,3,499,1466,28,81,100,-1,-1
41,3,500,1467,27,81,100,-1,-1
41,3,501,1469,28,77,95,-1,-1
41,3,502,1471,27,77,95,-1,-1
41,3,503,1471,28,77,95,-1,-1
41,3,504,1471,29,77,95,-1,-1
41,3,505,1472,27,77,95,-1,-1
41,3,506,1474,28,73,91,-1,-1
41,3,507,1475,28,73,91,-1,-1
41,3,508,1477,30,70,86,-1,-1
41,3,509,1476,28,70,86,-1,-1
41,3,510,1476,29,70,86,-1,-1
41,3,511,1477,28,70,86,-1,-1
41,3,512,1477,28,70,86,-1,-1
41,3,513,1478,26,70,86,-1,-1
41,3,514,1479,26,70,86,-1,-1
41,3,515,1478,26,70,86,-1,-1
41,3,516,1480,25,66,82,-1,-1
41,3,517,1482,25,66,82,-1,-1
41,3,518,1482,25,66,82,-1,-1
41,4,510,511,698,532,382,-1,-1
41,4,511,566,656,508,391,-1,-1
41,4,512,639,614,453,355,-1,-1
41,4,513,695,582,420,317,-1,-1
41,4,514,743,550,389,294,-1,-1
41,4,515,796,515,361,273,-1,-1
41,4,516,829,493,340,252,-1,-1
41,4,517,864,468,325,244,-1,-1
41,4,518,899,448,298,225,-1,-1
41,4,519,928,423,282,218,-1,-1
41,4,520,953,410,269,208,-1,-1
41,4,521,978,396,256,198,-1,-1
41,4,522,998,376,242,202,-1,-1
41,4,523,1015,364,232,174,-1,-1
41,4,524,1035,353,222,173,-1,-1
41,4,525,1059,337,208,173,-1,-1
41,4,526,1074,325,201,167,-1,-1
41,4,527,1090,316,191,159,-1,-1
41,4,528,1100,304,191,159,-1,-1
41,4,529,1119,298,180,148,-1,-1
41,4,530,1130,291,169,142,-1,-1
41,4,531,1142,282,163,138,-1,-1
41,4,532,1151,273,162,133,-1,-1
41,4,533,1164,266,154,128,-1,-1
41,4,534,1171,258,152,125,-1,-1
41,4,535,1181,252,147,119,-1,-1
41,4,536,1189,245,142,113,-1,-1
41,4,537,1195,238,142,113,-1,-1
41,4,538,1204,234,135,107,-1,-1
41,4,539,1211,231,135,107,-1,-1
41,4,540,1221,222,127,110,-1,-1
41,4,541,1228,218,124,107,-1,-1
41,4,542,1234,214,121,100,-1,-1
41,4,543,1237,208,121,100,-1,-1
41,4,544,1244,202,121,100,-1,-1
41,4,545,1251,199,115,97,-1,-1
41,4,546,1258,196,110,98,-1,-1
41,4,547,1262,192,112,95,-1,-1
41,4,548,1267,189,109,89,-1,-1
41,4,549,1273,185,106,89,-1,-1
41,4,550,1277,181,103,87,-1,-1
41,4,551,1283,179,100,85,-1,-1
41,4,552,1286,177,99,81,-1,-1
41,4,553,1289,172,99,81,-1,-1
41,4,554,1295,170,95,80,-1,-1
41,4,555,1300,167,95,78,-1,-1
41,4,556,1302,163,93,79,-1,-1
41,4,557,1308,160,90,76,-1,-1
41,4,558,1312,158,90,76,-1,-1
41,4,559,1314,155,90,76,-1,-1
41,4,560,1319,152,86,74,-1,-1
41,4,561,1320,153,87,71,-1,-1
41,4,562,1322,149,87,71,-1,-1
41,4,563,1327,147,85,72,-1,-1
41,4,564,1331,143,82,69,-1,-1
41,4,565,1334,142,82,69,-1,-1
41,4,566,1337,141,80,67,-1,-1
41,4,567,1338,138,80,67,-1,-1
41,4,568,1341,136,80,67,-1,-1
41,4,569,1343,134,80,67,-1,-1
41,4,570,1350,135,75,60,-1,-1
41,4,571,1346,131,80,63,-1,-1
41,4,572,1353,129,73,64,-1,-1
41,4,573,1356,128,75,62,-1,-1
41,4,574,1356,126,75,62,-1,-1
41,4,575,1359,124,75,62,-1,-1
41,4,576,1363,122,71,60,-1,-1
41,4,577,1364,121,71,60,-1,-1
41,4,578,1367,120,71,60,-1,-1
41,4,579,1368,118,71,60,-1,-1
41,4,580,1370,116,71,60,-1,-1
41,4,581,1372,115,71,60,-1,-1
41,4,582,1372,114,71,56,-1,-1
41,4,583,1374,112,67,57,-1,-1
41,4,584,1378,111,67,57,-1,-1
41,4,585,1380,110,67,57,-1,-1
41,4,586,1383,110,67,52,-1,-1
41,4,587,1384,109,67,52,-1,-1
41,4,588,1387,107,64,52,-1,-1
41,4,589,1388,104,64,52,-1,-1
41,4,590,1390,102,64,52,-1,-1
41,4,591,1391,101,64,50,-1,-1
41,4,592,1392,99,64,50,-1,-1
41,4,593,1394,99,64,50,-1,-1
41,4,594,1395,97,64,50,-1,-1
41,4,595,1397,97,64,50,-1,-1
41,4,596,1399,95,61,51,-1,-1
41,4,597,1400,93,61,51,-1,-1
41,4,598,1404,94,59,48,-1,-1
41,4,599,1405,92,59,48,-1,-1
41,4,600,1406,91,59,48,-1,-1
41,4,601,1408,91,59,48,-1,-1
41,4,602,1411,89,57,45,-1,-1
41,4,603,1411,90,57,45,-1,-1
41,4,604,1411,88,57,45,-1,-1
41,4,605,1413,87,57,45,-1,-1
41,4,606,1415,87,53,45,-1,-1
41,4,607,1417,86,53,45,-1,-1
41,4,608,1419,86,53,45,-1,-1
41,4,609,1420,83,53,45,-1,-1
41,4,610,1422,85,53,42,-1,-1
41,4,611,1423,84,53,42,-1,-1
41,4,612,1423,84,53,42,-1,-1
41,4,613,1424,83,53,42,-1,-1
41,4,614,1426,84,49,38,-1,-1
41,4,615,1428,82,49,38,-1,-1
41,4,616,1429,81,49,38,-1,-1
41,4,617,1430,80,49,38,-1,-1
41,4,618,1431,79,49,38,-1,-1
41,4,619,1431,79,49,38,-1,-1
41,4,620,1431,78,49,38,-1,-1
41,5,650,942,628,493,451,-1,-1
41,5,651,990,605,453,432,-1,-1
41,5,652,1039,574,405,440,-1,-1
41,5,653,1062,542,395,418,-1,-1
41,5,654,1090,508,369,398,-1,-1
41,5,655,1121,484,343,366,-1,-1
41,5,656,1150,463,316,342,-1,-1
41,5,657,1167,438,302,313,-1,-1
41,5,658,1188,416,284,296,-1,-1
41,5,659,1205,401,270,267,-1,-1
41,5,660,1217,388,261,252,-1,-1
41,5,661,1231,372,251,242,-1,-1
41,5,662,1248,355,236,233,-1,-1
41,5,663,1257,346,231,228,-1,-1
41,5,664,1268,338,222,214,-1,-1
41,5,665,1271,328,219,205,-1,-1
41,5,666,1286,312,205,207,-1,-1
41,5,667,1297,303,197,189,-1,-1
41,5,668,1307,293,188,186,-1,-1
41,5,669,1317,286,180,178,-1,-1
41,5,670,1320,275,180,168,-1,-1
41,5,671,1331,266,166,168,-1,-1
41,5,672,1332,261,166,159,-1,-1
41,5,673,1340,252,162,159,-1,-1
41,5,674,1344,250,158,154,-1,-1
41,5,675,1350,243,153,153,-1,-1
41,5,676,1352,232,153,148,-1,-1
41,5,677,1360,228,145,139,-1,-1
41,5,678,1364,227,139,137,-1,-1
41,5,679,1361,219,145,136,-1,-1
41,5,680,1369,215,135,126,-1,-1
41,5,681,1376,210,132,121,-1,-1
41,5,682,1382,206,128,116,-1,-1
41,5,683,1385,202,125,113,-1,-1
41,5,684,1384,197,128,111,-1,-1
41,5,685,1386,193,126,114,-1,-1
41,5,686,1393,189,119,112,-1,-1
41,5,687,1396,184,116,109,-1,-1
41,5,688,1397,183,115,101,-1,-1
41,5,689,1402,178,109,107,-1,-1
41,5,690,1404,176,108,100,-1,-1
41,5,691,1406,172,106,98,-1,-1
41,5,692,1410,172,104,89,-1,-1
41,5,693,1413,167,101,91,-1,-1
41,5,694,1413,164,102,90,-1,-1
41,5,695,1414,160,101,89,-1,-1
41,5,696,1416,159,100,85,-1,-1
41,5,697,1417,155,98,85,-1,-1
41,5,698,1418,151,99,85,-1,-1
41,5,699,1420,149,97,84,-1,-1
41,5,700,1426,149,91,81,-1,-1
41,5,701,1429,146,88,80,-1,-1
41,5,702,1429,144,88,78,-1,-1
41,5,703,1431,142,89,76,-1,-1
41,5,704,1434,139,85,77,-1,-1
41,5,705,1434,136,85,77,-1,-1
41,5,706,1434,136,85,73,-1,-1
41,5,707,1436,134,83,71,-1,-1
41,5,708,1439,133,82,69,-1,-1
41,5,709,1438,131,84,69,-1,-1
41,5,710,1440,130,81,66,-1,-1
41,5,711,1440,125,81,70,-1,-1
41,5,712,1440,125,81,68,-1,-1
41,5,713,1444,128,77,63,-1,-1
41,5,714,1444,126,79,67,-1,-1
41,5,715,1447,125,76,63,-1,-1
41,5,716,1449,122,73,63,-1,-1
41,5,717,1450,120,74,61,-1,-1
41,5,718,1450,117,72,60,-1,-1
41,5,719,1449,118,75,58,-1,-1
41,5,720,1452,117,73,55,-1,-1
41,5,721,1447,112,79,60,-1,-1
41,5,722,1454,112,72,57,-1,-1
41,5,723,1457,109,70,58,-1,-1
41,5,724,1457,109,69,56,-1,-1
41,5,725,1459,107,68,56,-1,-1
41,5,726,1460,107,67,54,-1,-1
41,5,727,1461,104,65,58,-1,-1
41,5,728,1457,103,70,55,-1,-1
41,5,729,1459,105,69,53,-1,-1
41,5,730,1460,100,65,51,-1,-1
41,5,731,1461,102,65,52,-1,-1
41,5,732,1461,100,67,54,-1,-1
41,5,733,1464,98,66,52,-1,-1
41,5,734,1466,99,64,50,-1,-1
41,5,735,1466,98,63,50,-1,-1
41,5,736,1467,97,63,50,-1,-1
41,5,737,1469,94,60,52,-1,-1
41,5,738,1469,95,62,50,-1,-1
41,5,739,1472,93,59,49,-1,-1
41,5,740,1470,91,60,49,-1,-1
41,5,741,1471,91,60,49,-1,-1
41,5,742,1471,89,60,48,-1,-1
41,5,743,1471,88,61,48,-1,-1
41,5,744,1472,88,60,47,-1,-1
41,5,745,1473,85,61,48,-1,-1
41,5,746,1472,84,62,48,-1,-1
41,5,747,1470,84,64,48,-1,-1
41,5,748,1474,83,60,49,-1,-1
41,5,749,1476,83,58,47,-1,-1
41,5,750,1479,81,56,46,-1,-1
41,5,751,1478,79,57,48,-1,-1
41,5,752,1479,77,55,52,-1,-1
41,5,753,1479,75,57,51,-1,-1
41,5,754,1478,76,57,51,-1,-1
41,5,755,1477,75,57,51,-1,-1
41,5,756,1482,78,54,44,-1,-1
41,5,757,1482,76,55,49,-1,-1
41,5,758,1485,75,51,44,-1,-1
41,5,759,1482,73,55,49,-1,-1
41,5,760,1485,74,52,44,-1,-1
41,6,684,507,708,473,349,-1,-1
41,6,685,548,664,473,381,-1,-1
41,6,686,617,626,437,330,-1,-1
41,6,687,674,588,405,312,-1,-1
41,6,688,735,565,362,272,-1,-1
41,6,689,781,532,345,259,-1,-1
41,6,690,815,507,328,247,-1,-1
41,6,691,846,480,313,235,-1,-1
41,6,692,899,456,276,221,-1,-1
41,6,693,930,438,258,206,-1,-1
41,6,694,954,421,243,188,-1,-1
41,6,695,975,402,234,174,-1,-1
41,6,696,996,388,224,163,-1,-1
41,6,697,1014,376,218,154,-1,-1
41,6,698,1044,360,199,142,-1,-1
41,6,699,1061,347,194,141,-1,-1
41,6,700,1077,336,180,140,-1,-1
41,6,701,1090,322,177,133,-1,-1
41,6,702,1106,315,174,128,-1,-1
41,6,703,1118,303,166,126,-1,-1
41,6,704,1134,298,161,119,-1,-1
41,6,705,1148,285,151,115,-1,-1
41,6,706,1158,277,146,111,-1,-1
41,6,707,1164,272,147,107,-1,-1
41,6,708,1175,265,142,106,-1,-1
41,6,709,1186,254,133,108,-1,-1
41,6,710,1195,248,132,105,-1,-1
41,6,711,1204,245,125,98,-1,-1
41,6,712,1212,238,121,95,-1,-1
41,6,713,1219,231,118,95,-1,-1
41,6,714,1227,227,113,90,-1,-1
41,6,715,1235,222,110,89,-1,-1
41,6,716,1242,217,107,85,-1,-1
41,6,717,1248,211,105,82,-1,-1
41,6,718,1252,210,106,80,-1,-1
41,6,719,1257,204,102,81,-1,-1
41,6,720,1263,199,100,79,-1,-1
41,6,721,1270,196,97,75,-1,-1
41,6,722,1275,192,95,78,-1,-1
41,6,723,1280,188,94,76,-1,-1
41,6,724,1282,184,94,76,-1,-1
41,6,725,1288,181,90,70,-1,-1
41,6,726,1293,179,89,69,-1,-1
41,6,727,1299,175,86,70,-1,-1
41,6,728,1301,171,86,69,-1,-1
41,6,729,1306,167,83,68,-1,-1
41,6,730,1308,164,84,67,-1,-1
41,6,731,1312,163,81,64,-1,-1
41,6,732,1317,158,79,65,-1,-1
41,6,733,1321,156,78,66,-1,-1
41,6,734,1321,155,81,62,-1,-1
41,6,735,1322,152,80,61,-1,-1
41,6,736,1327,149,78,62,-1,-1
41,6,737,1332,147,75,62,-1,-1
41,6,738,1336,145,73,57,-1,-1
41,6,739,1339,143,74,58,-1,-1
41,6,740,1343,140,71,56,-1,-1
41,6,741,1345,140,71,56,-1,-1
41,6,742,1344,137,73,56,-1,-1
41,6,743,1349,135,71,57,-1,-1
41,6,744,1355,133,66,55,-1,-1
41,6,745,1356,131,67,54,-1,-1
41,6,746,1357,129,67,54,-1,-1
41,6,747,1360,128,67,55,-1,-1
41,6,748,1364,126,64,52,-1,-1
41,6,749,1366,124,63,54,-1,-1
41,6,750,1369,123,63,52,-1,-1
41,6,751,1366,121,68,51,-1,-1
41,6,752,1367,119,68,51,-1,-1
41,6,753,1371,117,64,51,-1,-1
41,6,754,1376,115,59,51,-1,-1
41,6,755,1378,115,62,50,-1,-1
41,6,756,1381,114,58,49,-1,-1
41,6,757,1384,112,59,48,-1,-1
41,6,758,1384,111,59,46,-1,-1
41,6,759,1384,108,59,48,-1,-1
41,6,760,1386,108,57,45,-1,-1
41,6,761,1391,107,54,47,-1,-1
41,6,762,1391,104,57,45,-1,-1
41,6,763,1394,104,55,44,-1,-1
41,6,764,1396,103,55,45,-1,-1
41,6,765,1398,101,54,46,-1,-1
41,6,766,1399,100,53,44,-1,-1
41,6,767,1400,99,54,44,-1,-1
41,6,768,1398,98,57,43,-1,-1
41,6,769,1401,98,57,43,-1,-1
41,6,770,1403,98,54,41,-1,-1
41,6,771,1404,97,54,41,-1,-1
41,6,772,1406,97,51,39,-1,-1
41,6,773,1409,95,51,39,-1,-1
41,6,774,1411,93,51,39,-1,-1
41,6,775,1412,92,52,40,-1,-1
41,6,776,1413,91,52,40,-1,-1
41,6,777,1414,90,51,40,-1,-1
41,6,778,1417,89,49,40,-1,-1
41,6,779,1419,88,49,38,-1,-1
41,6,780,1422,88,46,38,-1,-1
41,6,781,1424,88,42,36,-1,-1
41,6,782,1424,87,45,34,-1,-1
41,6,783,1424,85,44,35,-1,-1
41,6,784,1427,85,40,36,-1,-1
41,6,785,1428,85,41,34,-1,-1
41,6,786,1429,84,42,33,-1,-1
41,6,787,1431,83,40,33,-1,-1
41,6,788,1431,83,41,33,-1,-1
41,6,789,1431,82,41,34,-1,-1
41,6,790,1433,82,41,33,-1,-1
41,7,709,975,582,434,446,-1,-1
41,7,710,1022,546,392,395,-1,-1
41,7,711,1063,513,364,351,-1,-1
41,7,712,1101,482,332,321,-1,-1
41,7,713,1123,456,315,297,-1,-1
41,7,714,1152,429,292,281,-1,-1
41,7,715,1169,413,276,251,-1,-1
41,7,716,1187,394,260,237,-1,-1
41,7,717,1206,375,245,227,-1,-1
41,7,718,1219,359,235,214,-1,-1
41,7,719,1233,349,225,196,-1,-1
41,7,720,1248,332,211,187,-1,-1
41,7,721,1258,320,207,177,-1,-1
41,7,722,1270,309,195,172,-1,-1
41,7,723,1284,298,184,165,-1,-1
41,7,724,1295,285,172,159,-1,-1
41,7,725,1298,279,173,152,-1,-1
41,7,726,1303,270,172,147,-1,-1
41,7,727,1311,260,168,146,-1,-1
41,7,728,1317,252,160,141,-1,-1
41,7,729,1325,245,158,137,-1,-1
41,7,730,1328,240,152,134,-1,-1
41,7,731,1333,229,152,134,-1,-1
41,7,732,1340,227,145,128,-1,-1
41,7,733,1347,217,138,122,-1,-1
41,7,734,1350,215,136,121,-1,-1
41,7,735,1358,209,132,116,-1,-1
41,7,736,1357,205,134,111,-1,-1
41,7,737,1363,202,128,102,-1,-1
41,7,738,1368,195,119,105,-1,-1
41,7,739,1373,190,119,105,-1,-1
41,7,740,1375,187,114,100,-1,-1
41,7,741,1379,181,114,100,-1,-1
41,7,742,1380,177,114,100,-1,-1
41,7,743,1382,172,114,100,-1,-1
41,7,744,1385,171,108,95,-1,-1
41,7,745,1390,166,108,95,-1,-1
41,7,746,1394,163,103,91,-1,-1
41,7,747,1397,161,101,84,-1,-1
41,7,748,1396,159,103,91,-1,-1
41,7,749,1401,153,98,87,-1,-1
41,7,750,1404,152,94,82,-1,-1
41,7,751,1407,146,94,82,-1,-1
41,7,752,1410,144,89,79,-1,-1
41,7,753,1411,142,89,79,-1,-1
41,7,754,1412,140,89,79,-1,-1
41,7,755,1419,140,85,75,-1,-1
41,7,756,1420,137,84,69,-1,-1
41,7,757,1423,135,82,70,-1,-1
41,7,758,1424,133,81,66,-1,-1
41,7,759,1424,129,83,70,-1,-1
41,7,760,1423,124,85,75,-1,-1
41,7,761,1425,120,85,75,-1,-1
41,7,762,1427,120,81,71,-1,-1
41,7,763,1431,120,77,68,-1,-1
41,7,764,1432,121,78,65,-1,-1
41,7,765,1431,116,77,68,-1,-1
41,7,766,1433,114,77,68,-1,-1
41,7,767,1436,113,73,65,-1,-1
41,7,768,1439,110,73,65,-1,-1
41,7,769,1441,110,70,62,-1,-1
41,7,770,1444,110,66,59,-1,-1
41,7,771,1445,109,66,59,-1,-1
41,7,772,1446,106,66,59,-1,-1
41,7,773,1448,104,66,59,-1,-1
41,7,774,1449,103,66,59,-1,-1
41,7,775,1453,103,63,56,-1,-1
41,7,776,1452,101,63,56,-1,-1
41,7,777,1453,99,63,56,-1,-1
41,7,778,1453,98,63,56,-1,-1
41,7,779,1457,98,60,53,-1,-1
41,7,780,1458,96,60,53,-1,-1
41,7,781,1458,96,60,53,-1,-1
41,7,782,1457,93,60,53,-1,-1
41,7,783,1458,95,60,53,-1,-1
41,7,784,1459,93,60,53,-1,-1
41,7,785,1460,90,60,53,-1,-1
41,7,786,1463,91,60,48,-1,-1
41,7,787,1465,91,57,51,-1,-1
41,7,788,1466,90,55,48,-1,-1
41,7,789,1467,89,55,48,-1,-1
41,7,790,1464,87,60,46,-1,-1
41,7,791,1464,85,60,46,-1,-1
41,7,792,1467,84,59,46,-1,-1
41,7,793,1468,85,58,44,-1,-1
41,7,794,1466,83,58,44,-1,-1
41,7,795,1468,82,57,44,-1,-1
41,7,796,1469,81,59,43,-1,-1
41,7,797,1470,80,59,43,-1,-1
41,7,798,1472,79,56,44,-1,-1
41,7,799,1472,78,56,43,-1,-1
41,7,800,1472,77,56,43,-1,-1
41,7,801,1472,76,55,44,-1,-1
41,7,802,1475,76,54,43,-1,-1
41,7,803,1476,77,54,37,-1,-1
41,7,804,1477,75,54,40,-1,-1
41,7,805,1478,72,52,46,-1,-1
41,7,806,1476,72,52,46,-1,-1
41,7,807,1479,71,50,44,-1,-1
41,7,808,1482,72,47,42,-1,-1
41,7,809,1481,71,51,41,-1,-1
41,7,810,1481,70,51,41,-1,-1
41,7,811,1480,70,52,38,-1,-1
41,7,812,1480,70,52,38,-1,-1
41,7,813,1483,68,50,41,-1,-1
41,7,814,1484,68,50,39,-1,-1
41,7,815,1484,67,50,39,-1,-1
41,7,816,1483,66,49,39,-1,-1
41,7,817,1485,66,48,38,-1,-1
41,7,818,1484,65,49,38,-1,-1
41,7,819,1486,66,47,37,-1,-1
41,7,820,1488,66,43,38,-1,-1
41,8,716,413,667,524,400,-1,-1
41,8,717,506,633,461,351,-1,-1
41,8,718,568,597,423,320,-1,-1
41,8,719,627,570,387,295,-1,-1
41,8,720,681,539,369,281,-1,-1
41,8,721,730,509,339,257,-1,-1
41,8,722,767,492,321,234,-1,-1
41,8,723,806,471,300,213,-1,-1
41,8,724,846,449,280,199,-1,-1
41,8,725,875,432,261,192,-1,-1
41,8,726,905,415,253,178,-1,-1
41,8,727,933,400,238,174,-1,-1
41,8,728,957,384,228,161,-1,-1
41,8,729,980,372,214,154,-1,-1
41,8,730,998,358,206,154,-1,-1
41,8,731,1019,347,197,145,-1,-1
41,8,732,1034,333,193,139,-1,-1
41,8,733,1053,323,184,138,-1,-1
41,8,734,1070,313,174,134,-1,-1
41,8,735,1082,303,170,129,-1,-1
41,8,736,1101,299,162,120,-1,-1
41,8,737,1110,288,155,117,-1,-1
41,8,738,1125,280,151,114,-1,-1
41,8,739,1133,269,152,116,-1,-1
41,8,740,1146,266,144,109,-1,-1
41,8,741,1154,260,141,102,-1,-1
41,8,742,1166,253,134,102,-1,-1
41,8,743,1173,247,135,95,-1,-1
41,8,744,1183,241,128,95,-1,-1
41,8,745,1191,234,128,97,-1,-1
41,8,746,1203,228,119,94,-1,-1
41,8,747,1208,221,118,93,-1,-1
41,8,748,1216,222,115,85,-1,-1
41,8,749,1222,217,114,84,-1,-1
41,8,750,1228,211,111,83,-1,-1
41,8,751,1237,208,107,81,-1,-1
41,8,752,1244,203,102,82,-1,-1
41,8,753,1248,200,102,79,-1,-1
41,8,754,1252,196,104,76,-1,-1
41,8,755,1259,192,99,76,-1,-1
41,8,756,1265,188,99,75,-1,-1
41,8,757,1270,185,93,72,-1,-1
41,8,758,1275,181,94,73,-1,-1
41,8,759,1281,179,89,71,-1,-1
41,8,760,1284,176,89,68,-1,-1
41,8,761,1289,173,88,67,-1,-1
41,8,762,1295,171,84,65,-1,-1
41,8,763,1298,167,85,64,-1,-1
41,8,764,1303,163,81,63,-1,-1
41,8,765,1305,161,81,61,-1,-1
41,8,766,1309,159,80,61,-1,-1
41,8,767,1314,157,78,62,-1,-1
41,8,768,1318,155,78,60,-1,-1
41,8,769,1321,153,76,58,-1,-1
41,8,770,1324,150,75,60,-1,-1
41,8,771,1325,148,75,60,-1,-1
41,8,772,1329,146,73,59,-1,-1
41,8,773,1332,142,73,58,-1,-1
41,8,774,1336,143,71,55,-1,-1
41,8,775,1339,142,71,53,-1,-1
41,8,776,1341,138,70,52,-1,-1
41,8,777,1344,137,70,52,-1,-1
41,8,778,1348,135,66,52,-1,-1
41,8,779,1351,132,66,53,-1,-1
41,8,780,1354,132,65,50,-1,-1
41,8,781,1356,128,65,49,-1,-1
41,8,782,1356,128,65,51,-1,-1
41,8,783,1360,125,63,47,-1,-1
41,8,784,1362,125,63,48,-1,-1
41,8,785,1366,123,60,46,-1,-1
41,8,786,1367,122,62,47,-1,-1
41,8,787,1368,121,61,45,-1,-1
41,8,788,1370,119,61,45,-1,-1
41,8,789,1373,117,59,45,-1,-1
41,8,790,1373,115,60,46,-1,-1
41,8,791,1377,115,60,45,-1,-1
41,8,792,1379,113,59,44,-1,-1
41,8,793,1380,112,60,43,-1,-1
41,8,794,1382,112,58,44,-1,-1
41,8,795,1384,109,56,46,-1,-1
41,8,796,1387,108,55,44,-1,-1
41,8,797,1388,106,56,45,-1,-1
41,8,798,1388,105,57,42,-1,-1
41,8,799,1386,104,60,43,-1,-1
41,8,800,1387,102,61,44,-1,-1
41,8,801,1392,103,56,41,-1,-1
41,8,802,1395,101,56,42,-1,-1
41,8,803,1396,100,57,39,-1,-1
41,8,804,1400,100,53,40,-1,-1
41,8,805,1398,97,54,41,-1,-1
41,8,806,1404,97,51,40,-1,-1
41,8,807,1402,96,53,40,-1,-1
41,8,808,1402,94,55,40,-1,-1
41,8,809,1404,93,55,40,-1,-1
41,8,810,1406,92,53,39,-1,-1
41,8,811,1407,91,53,39,-1,-1
41,8,812,1411,91,49,37,-1,-1
41,8,813,1411,92,51,37,-1,-1
41,8,814,1413,90,50,38,-1,-1
41,8,815,1418,89,47,37,-1,-1
41,8,816,1419,89,47,34,-1,-1
41,8,817,1419,87,47,36,-1,-1
41,8,818,1418,86,48,35,-1,-1
41,8,819,1421,85,46,35,-1,-1
41,8,820,1423,84,46,37,-1,-1
41,9,747,432,613,554,438,-1,-1
41,9,748,511,571,512,397,-1,-1
41,9,749,576,540,469,362,-1,-1
41,9,750,653,506,419,330,-1,-1
41,9,751,702,480,390,298,-1,-1
41,9,752,750,456,365,284,-1,-1
41,9,753,798,427,333,264,-1,-1
41,9,754,837,410,308,248,-1,-1
41,9,755,870,397,294,231,-1,-1
41,9,756,900,377,282,218,-1,-1
41,9,757,934,360,258,209,-1,-1
41,9,758,957,345,248,204,-1,-1
41,9,759,980,335,234,195,-1,-1
41,9,760,1002,321,224,190,-1,-1
41,9,761,1021,308,217,189,-1,-1
41,9,762,1040,298,206,181,-1,-1
41,9,763,1058,290,199,176,-1,-1
41,9,764,1074,282,189,154,-1,-1
41,9,765,1090,273,180,153,-1,-1
41,9,766,1100,267,177,145,-1,-1
41,9,767,1113,257,174,141,-1,-1
41,9,768,1127,251,166,140,-1,-1
41,9,769,1139,245,159,135,-1,-1
41,9,770,1149,238,155,134,-1,-1
41,9,771,1159,230,151,131,-1,-1
41,9,772,1169,224,144,128,-1,-1
41,9,773,1178,220,143,124,-1,-1
41,9,774,1186,216,140,118,-1,-1
41,9,775,1199,211,132,118,-1,-1
41,9,776,1204,205,131,115,-1,-1
41,9,777,1209,199,130,118,-1,-1
41,9,778,1219,196,125,110,-1,-1
41,9,779,1226,192,122,107,-1,-1
41,9,780,1236,188,117,104,-1,-1
41,9,781,1241,184,115,104,-1,-1
41,9,782,1244,177,115,111,-1,-1
41,9,783,1250,175,113,101,-1,-1
41,9,784,1256,174,109,100,-1,-1
41,9,785,1264,171,105,94,-1,-1
41,9,786,1265,167,107,95,-1,-1
41,9,787,1272,164,102,98,-1,-1
41,9,788,1276,162,100,94,-1,-1
41,9,789,1281,158,97,95,-1,-1
41,9,790,1285,156,99,93,-1,-1
41,9,791,1291,156,97,88,-1,-1
41,9,792,1294,151,95,88,-1,-1
41,9,793,1297,149,95,88,-1,-1
41,9,794,1302,145,91,85,-1,-1
41,9,795,1308,147,86,80,-1,-1
41,9,796,1309,143,89,81,-1,-1
41,9,797,1315,139,85,82,-1,-1
41,9,798,1319,137,84,82,-1,-1
41,9,799,1318,133,85,81,-1,-1
41,9,800,1323,133,83,83,-1,-1
41,9,801,1325,131,83,78,-1,-1
41,9,802,1332,131,76,79,-1,-1
41,9,803,1334,128,78,77,-1,-1
41,9,804,1337,127,76,76,-1,-1
41,9,805,1339,126,74,73,-1,-1
41,9,806,1338,124,78,74,-1,-1
41,9,807,1344,121,75,75,-1,-1
41,9,808,1345,119,75,75,-1,-1
41,9,809,1347,117,76,75,-1,-1
41,9,810,1350,116,74,73,-1,-1
41,9,811,1353,116,71,71,-1,-1
41,9,812,1355,115,71,68,-1,-1
41,9,813,1359,112,68,70,-1,-1
41,9,814,1362,110,68,70,-1,-1
41,9,815,1364,109,67,69,-1,-1
41,9,816,1366,106,66,66,-1,-1
41,9,817,1366,107,66,67,-1,-1
41,9,818,1367,106,67,67,-1,-1
41,9,819,1371,107,65,61,-1,-1
41,9,820,1372,104,65,64,-1,-1
41,9,821,1376,102,62,64,-1,-1
41,9,822,1374,102,67,63,-1,-1
41,9,823,1377,104,62,58,-1,-1
41,9,824,1379,101,62,57,-1,-1
41,9,825,1383,98,60,59,-1,-1
41,9,826,1382,97,63,59,-1,-1
41,9,827,1385,94,61,60,-1,-1
41,9,828,1386,94,59,58,-1,-1
41,9,829,1387,93,59,58,-1,-1
41,9,830,1389,91,59,55,-1,-1
41,9,831,1391,92,57,56,-1,-1
41,9,832,1392,90,59,55,-1,-1
41,9,833,1393,91,57,52,-1,-1
41,9,834,1394,89,56,53,-1,-1
41,9,835,1396,90,57,51,-1,-1
41,9,836,1396,92,58,50,-1,-1
41,9,837,1399,90,56,50,-1,-1
41,9,838,1400,88,57,52,-1,-1
41,9,839,1400,88,57,50,-1,-1
41,9,840,1402,89,55,48,-1,-1
41,9,841,1402,86,56,50,-1,-1
41,9,842,1403,85,57,51,-1,-1
41,9,843,1407,86,54,47,-1,-1
41,9,844,1408,84,54,50,-1,-1
41,9,845,1406,82,56,48,-1,-1
41,9,846,1410,84,52,46,-1,-1
41,9,847,1412,84,51,46,-1,-1
41,9,848,1412,82,52,47,-1,-1
41,9,849,1414,82,52,47,-1,-1
41,9,850,1415,81,51,45,-1,-1
41,9,851,1415,80,52,46,-1,-1
41,9,852,1416,79,52,46,-1,-1
41,9,853,1417,79,50,44,-1,-1
41,9,854,1418,78,50,42,-1,-1
41,9,855,1420,77,50,42,-1,-1
41,9,856,1419,76,50,42,-1,-1
41,9,857,1420,75,50,42,-1,-1
41,9,858,1421,75,50,42,-1,-1
41,9,859,1422,75,50,42,-1,-1
41,9,860,1424,74,50,42,-1,-1
41,9,861,1424,74,50,42,-1,-1
41,10,1204,496,677,499,371,-1,-1
41,10,1205,587,630,436,325,-1,-1
41,10,1206,659,587,397,290,-1,-1
41,10,1207,721,547,359,265,-1,-1
41,10,1208,768,516,342,252,-1,-1
41,10,1209,822,484,311,224,-1,-1
41,10,1210,865,462,293,204,-1,-1
41,10,1211,906,439,269,192,-1,-1
41,10,1212,931,418,259,179,-1,-1
41,10,1213,965,395,240,177,-1,-1
41,10,1214,990,375,229,169,-1,-1
41,10,1215,1016,361,214,158,-1,-1
41,10,1216,1040,349,201,146,-1,-1
41,10,1217,1057,338,193,144,-1,-1
41,10,1218,1077,322,186,142,-1,-1
41,10,1219,1094,308,174,140,-1,-1
41,10,1220,1106,298,174,140,-1,-1
41,10,1221,1123,285,166,133,-1,-1
41,10,1222,1138,277,158,127,-1,-1
41,10,1223,1151,275,153,116,-1,-1
41,10,1224,1163,263,147,122,-1,-1
41,10,1225,1172,254,144,117,-1,-1
41,10,1226,1183,246,139,112,-1,-1
41,10,1227,1197,239,133,108,-1,-1
41,10,1228,1209,234,127,104,-1,-1
41,10,1229,1213,225,127,104,-1,-1
41,10,1230,1220,217,127,104,-1,-1
41,10,1231,1228,213,122,97,-1,-1
41,10,1232,1239,208,113,93,-1,-1
41,10,1233,1246,205,113,93,-1,-1
41,10,1234,1248,199,113,93,-1,-1
41,10,1235,1258,198,109,86,-1,-1
41,10,1236,1263,189,107,89,-1,-1
41,10,1237,1273,186,100,84,-1,-1
41,10,1238,1279,182,96,84,-1,-1
41,10,1239,1284,178,96,84,-1,-1
41,10,1240,1290,175,92,80,-1,-1
41,10,1241,1295,172,92,76,-1,-1
41,10,1242,1298,166,91,78,-1,-1
41,10,1243,1304,163,91,78,-1,-1
41,10,1244,1310,161,86,75,-1,-1
41,10,1245,1315,158,84,69,-1,-1
41,10,1246,1319,155,83,70,-1,-1
41,10,1247,1321,152,83,70,-1,-1
41,10,1248,1324,149,83,70,-1,-1
41,10,1249,1327,147,83,70,-1,-1
41,10,1250,1332,146,80,65,-1,-1
41,10,1251,1335,142,80,65,-1,-1
41,10,1252,1337,140,81,64,-1,-1
41,10,1253,1341,135,76,66,-1,-1
41,10,1254,1343,133,77,64,-1,-1
41,10,1255,1349,132,74,60,-1,-1
41,10,1256,1353,131,74,60,-1,-1
41,10,1257,1356,129,74,60,-1,-1
41,10,1258,1357,126,74,60,-1,-1
41,10,1259,1361,124,70,57,-1,-1
41,10,1260,1361,123,70,57,-1,-1
41,10,1261,1366,120,70,57,-1,-1
41,10,1262,1371,118,70,57,-1,-1
41,10,1263,1372,116,70,57,-1,-1
41,10,1264,1375,115,65,54,-1,-1
41,10,1265,1374,114,68,53,-1,-1
41,10,1266,1378,112,67,52,-1,-1
41,10,1267,1381,112,67,52,-1,-1
41,10,1268,1384,108,67,52,-1,-1
41,10,1269,1385,107,67,52,-1,-1
41,10,1270,1386,105,65,49,-1,-1
41,10,1271,1389,107,62,46,-1,-1
41,10,1272,1392,108,61,46,-1,-1
41,10,1273,1397,103,61,46,-1,-1
41,10,1274,1399,102,58,46,-1,-1
41,10,1275,1399,99,58,46,-1,-1
41,10,1276,1400,97,58,46,-1,-1
41,10,1277,1402,99,58,46,-1,-1
41,10,1278,1405,93,58,46,-1,-1
41,10,1279,1408,93,58,46,-1,-1
41,10,1280,1410,93,58,46,-1,-1
41,10,1281,1410,92,58,46,-1,-1
41,10,1282,1408,90,58,46,-1,-1
41,10,1283,1411,88,58,46,-1,-1
41,10,1284,1415,87,56,44,-1,-1
41,10,1285,1417,88,56,44,-1,-1
41,10,1286,1420,88,53,41,-1,-1
41,10,1287,1421,87,51,40,-1,-1
41,10,1288,1424,86,51,40,-1,-1
41,10,1289,1423,84,51,40,-1,-1
41,10,1290,1427,84,51,40,-1,-1
41,10,1291,1428,83,51,40,-1,-1
41,10,1292,1428,83,51,40,-1,-1
41,10,1293,1429,82,51,40,-1,-1
41,10,1294,1429,82,51,40,-1,-1
41,10,1295,1429,80,51,40,-1,-1
41,10,1296,1433,78,51,40,-1,-1
41,11,1430,401,733,515,347,-1,-1
41,11,1431,493,682,486,353,-1,-1
41,11,1432,577,628,435,318,-1,-1
41,11,1433,652,591,384,276,-1,-1
41,11,1434,714,557,367,276,-1,-1
41,11,1435,756,522,339,254,-1,-1
41,11,1436,811,499,305,219,-1,-1
41,11,1437,855,471,286,200,-1,-1
41,11,1438,898,447,259,193,-1,-1
41,11,1439,930,426,248,193,-1,-1
41,11,1440,960,406,236,184,-1,-1
41,11,1441,988,384,225,175,-1,-1
41,11,1442,1016,374,214,167,-1,-1
41,11,1443,1037,353,195,155,-1,-1
41,11,1444,1062,344,180,132,-1,-1
41,11,1445,1079,333,173,132,-1,-1
41,11,1446,1095,315,170,129,-1,-1
41,11,1447,1112,306,158,123,-1,-1
41,11,1448,1126,296,158,119,-1,-1
41,11,1449,1146,290,150,113,-1,-1
41,11,1450,1155,282,143,102,-1,-1
41,11,1451,1170,267,136,104,-1,-1
41,11,1452,1175,261,136,104,-1,-1
41,11,1453,1191,250,128,104,-1,-1
41,11,1454,1199,244,128,98,-1,-1
41,11,1455,1210,239,125,96,-1,-1
41,11,1456,1221,234,119,91,-1,-1
41,11,1457,1224,225,119,91,-1,-1
41,11,1458,1238,221,108,89,-1,-1
41,11,1459,1246,214,108,89,-1,-1
41,11,1460,1253,207,108,89,-1,-1
41,11,1461,1258,202,108,89,-1,-1
41,11,1462,1264,198,106,84,-1,-1
41,11,1463,1274,198,97,74,-1,-1
41,11,1464,1279,194,97,74,-1,-1
41,11,1465,1284,189,97,74,-1,-1
41,11,1466,1293,181,91,73,-1,-1
41,11,1467,1299,180,89,68,-1,-1
41,11,1468,1303,175,87,71,-1,-1
41,11,1469,1307,170,87,65,-1,-1
41,11,1470,1312,166,85,68,-1,-1
41,11,1471,1318,163,82,64,-1,-1
41,11,1472,1324,161,82,64,-1,-1
41,11,1473,1326,158,82,64,-1,-1
41,11,1474,1332,154,76,63,-1,-1
41,11,1475,1335,150,76,63,-1,-1
41,11,1476,1337,147,76,63,-1,-1
41,11,1477,1345,146,71,58,-1,-1
41,11,1478,1349,146,71,58,-1,-1
41,11,1479,1350,143,71,58,-1,-1
41,11,1480,1353,140,71,58,-1,-1
41,11,1481,1357,138,67,53,-1,-1
41,11,1482,1359,135,67,53,-1,-1
41,11,1483,1363,133,70,56,-1,-1
41,11,1484,1368,131,65,52,-1,-1
41,11,1485,1369,128,65,52,-1,-1
41,11,1486,1372,125,65,52,-1,-1
41,11,1487,1374,124,65,52,-1,-1
41,11,1488,1377,122,65,52,-1,-1
41,11,1489,1382,122,62,48,-1,-1
41,11,1490,1383,119,62,48,-1,-1
41,11,1491,1384,118,62,48,-1,-1
41,11,1492,1386,116,62,48,-1,-1
41,11,1493,1389,115,56,44,-1,-1
41,11,1494,1392,113,56,44,-1,-1
41,11,1495,1396,112,56,44,-1,-1
41,11,1496,1398,111,56,44,-1,-1
41,11,1497,1400,109,56,44,-1,-1
41,11,1498,1400,107,56,44,-1,-1
41,11,1499,1402,106,56,44,-1,-1
41,11,1500,1405,104,56,44,-1,-1
41,11,1501,1407,102,56,44,-1,-1
41,11,1502,1410,103,52,42,-1,-1
41,11,1503,1410,99,52,42,-1,-1
41,11,1504,1411,99,52,42,-1,-1
41,11,1505,1414,100,51,38,-1,-1
41,11,1506,1415,98,51,38,-1,-1
41,11,1507,1419,97,51,38,-1,-1
41,11,1508,1419,96,51,38,-1,-1
41,11,1509,1420,94,51,38,-1,-1
41,11,1510,1420,94,51,38,-1,-1
41,11,1511,1423,91,47,39,-1,-1
41,11,1512,1426,89,47,39,-1,-1
41,11,1513,1427,88,47,39,-1,-1
41,11,1514,1428,86,47,39,-1,-1
41,11,1515,1429,85,47,39,-1,-1
41,11,1516,1429,83,47,39,-1,-1
41,11,1517,1431,83,47,39,-1,-1
41,11,1518,1433,86,46,35,-1,-1
41,11,1519,1437,85,46,35,-1,-1
41,12,1791,526,665,514,400,-1,-1
41,12,1792,585,627,478,402,-1,-1
41,12,1793,638,587,448,378,-1,-1
41,12,1794,696,565,408,343,-1,-1
41,12,1795,747,529,383,313,-1,-1
41,12,1796,780,508,366,285,-1,-1
41,12,1797,828,484,335,257,-1,-1
41,12,1798,868,461,311,255,-1,-1
41,12,1799,897,438,296,248,-1,-1
41,12,1800,927,425,279,232,-1,-1
41,12,1801,951,407,267,212,-1,-1
41,12,1802,976,388,253,208,-1,-1
41,12,1803,999,373,242,199,-1,-1
41,12,1804,1018,359,235,187,-1,-1
41,12,1805,1034,346,226,182,-1,-1
41,12,1806,1052,338,216,169,-1,-1
41,12,1807,1069,328,208,153,-1,-1
41,12,1808,1084,316,201,163,-1,-1
41,12,1809,1099,304,189,158,-1,-1
41,12,1810,1113,297,183,152,-1,-1
41,12,1811,1121,288,183,152,-1,-1
41,12,1812,1132,277,173,144,-1,-1
41,12,1813,1141,269,173,144,-1,-1
41,12,1814,1156,267,163,135,-1,-1
41,12,1815,1164,256,161,128,-1,-1
41,12,1816,1172,252,158,124,-1,-1
41,12,1817,1182,245,151,124,-1,-1
41,12,1818,1189,239,151,124,-1,-1
41,12,1819,1198,235,145,116,-1,-1
41,12,1820,1206,226,140,116,-1,-1
41,12,1821,1220,221,130,114,-1,-1
41,12,1822,1224,215,130,114,-1,-1
41,12,1823,1227,213,135,108,-1,-1
41,12,1824,1237,210,122,103,-1,-1
41,12,1825,1245,206,117,102,-1,-1
41,12,1826,1248,200,117,102,-1,-1
41,12,1827,1255,196,117,102,-1,-1
41,12,1828,1260,192,117,102,-1,-1
41,12,1829,1261,191,117,102,-1,-1
41,12,1830,1269,185,110,92,-1,-1
41,12,1831,1275,183,106,90,-1,-1
41,12,1832,1279,178,104,93,-1,-1
41,12,1833,1285,177,99,88,-1,-1
41,12,1834,1288,173,99,88,-1,-1
41,12,1835,1292,169,99,88,-1,-1
41,12,1836,1295,165,99,88,-1,-1
41,12,1837,1300,162,99,88,-1,-1
41,12,1838,1302,158,99,88,-1,-1
41,12,1839,1310,159,95,84,-1,-1
41,12,1840,1313,154,91,80,-1,-1
41,12,1841,1316,150,89,82,-1,-1
41,12,1842,1319,148,85,77,-1,-1
41,12,1843,1323,148,85,77,-1,-1
41,12,1844,1326,146,85,77,-1,-1
41,12,1845,1330,144,85,77,-1,-1
41,12,1846,1331,141,85,77,-1,-1
41,12,1847,1335,138,83,71,-1,-1
41,12,1848,1338,139,80,68,-1,-1
41,12,1849,1340,137,80,68,-1,-1
41,12,1850,1342,133,80,68,-1,-1
41,12,1851,1346,133,80,68,-1,-1
41,12,1852,1347,132,80,68,-1,-1
41,12,1853,1350,127,80,68,-1,-1
41,12,1854,1352,127,76,65,-1,-1
41,12,1855,1356,126,76,65,-1,-1
41,12,1856,1358,124,74,64,-1,-1
41,12,1857,1360,123,74,64,-1,-1
41,12,1858,1364,121,74,64,-1,-1
41,12,1859,1365,118,74,64,-1,-1
41,12,1860,1364,116,74,64,-1,-1
41,12,1861,1368,116,74,64,-1,-1
41,12,1862,1370,115,73,58,-1,-1
41,12,1863,1375,116,70,56,-1,-1
41,12,1864,1376,113,69,57,-1,-1
41,12,1865,1378,111,69,57,-1,-1
41,12,1866,1379,111,69,57,-1,-1
41,12,1867,1382,109,69,57,-1,-1
41,12,1868,1386,109,64,52,-1,-1
41,12,1869,1387,107,64,52,-1,-1
41,12,1870,1388,105,64,52,-1,-1
41,12,1871,1390,104,64,52,-1,-1
41,12,1872,1390,104,64,52,-1,-1
41,12,1873,1392,103,64,52,-1,-1
41,12,1874,1396,100,64,52,-1,-1
41,12,1875,1398,100,60,50,-1,-1
41,12,1876,1399,98,60,50,-1,-1
41,12,1877,1401,98,60,50,-1,-1
41,12,1878,1401,98,60,50,-1,-1
41,12,1879,1402,94,60,50,-1,-1
41,12,1880,1404,97,59,47,-1,-1
41,12,1881,1405,94,59,47,-1,-1
41,12,1882,1407,93,59,47,-1,-1
41,12,1883,1408,92,59,47,-1,-1
41,12,1884,1412,91,55,46,-1,-1
41,12,1885,1413,90,55,46,-1,-1
41,12,1886,1415,90,55,46,-1,-1
41,12,1887,1415,89,55,46,-1,-1
41,12,1888,1415,89,55,46,-1,-1
41,12,1889,1417,88,55,46,-1,-1
41,12,1890,1417,86,55,46,-1,-1
41,12,1891,1419,85,55,46,-1,-1
41,12,1892,1421,84,55,46,-1,-1
41,12,1893,1421,85,55,46,-1,-1
41,12,1894,1425,84,50,42,-1,-1
41,13,1944,457,687,472,362,-1,-1
41,13,1945,521,654,440,322,-1,-1
41,13,1946,607,619,389,266,-1,-1
41,13,1947,667,584,352,235,-1,-1
41,13,1948,717,545,330,215,-1,-1
41,13,1949,764,519,310,209,-1,-1
41,13,1950,814,493,282,194,-1,-1
41,13,1951,850,471,268,182,-1,-1
41,13,1952,885,443,248,170,-1,-1
41,13,1953,916,425,234,167,-1,-1
41,13,1954,946,408,219,158,-1,-1
41,13,1955,971,395,210,147,-1,-1
41,13,1956,994,376,202,142,-1,-1
41,13,1957,1015,361,194,138,-1,-1
41,13,1958,1036,348,183,131,-1,-1
41,13,1959,1051,334,178,131,-1,-1
41,13,1960,1073,324,168,120,-1,-1
41,13,1961,1092,314,160,117,-1,-1
41,13,1962,1105,302,156,117,-1,-1
41,13,1963,1116,294,153,109,-1,-1
41,13,1964,1130,284,146,111,-1,-1
41,13,1965,1141,275,138,108,-1,-1
41,13,1966,1151,262,138,104,-1,-1
41,13,1967,1163,262,134,100,-1,-1
41,13,1968,1175,255,128,95,-1,-1
41,13,1969,1186,248,124,93,-1,-1
41,13,1970,1194,242,122,90,-1,-1
41,13,1971,1203,237,118,86,-1,-1
41,13,1972,1213,226,115,91,-1,-1
41,13,1973,1221,218,112,88,-1,-1
41,13,1974,1229,217,109,82,-1,-1
41,13,1975,1236,214,105,83,-1,-1
41,13,1976,1241,208,104,82,-1,-1
41,13,1977,1249,205,100,80,-1,-1
41,13,1978,1256,201,99,76,-1,-1
41,13,1979,1261,196,98,77,-1,-1
41,13,1980,1268,192,94,71,-1,-1
41,13,1981,1274,187,90,71,-1,-1
41,13,1982,1277,181,90,71,-1,-1
41,13,1983,1286,178,88,70,-1,-1
41,13,1984,1290,174,88,69,-1,-1
41,13,1985,1295,173,84,66,-1,-1
41,13,1986,1300,170,84,65,-1,-1
41,13,1987,1303,166,83,68,-1,-1
41,13,1988,1307,163,81,65,-1,-1
41,13,1989,1312,160,80,63,-1,-1
41,13,1990,1319,156,76,63,-1,-1
41,13,1991,1324,155,75,61,-1,-1
41,13,1992,1327,152,73,60,-1,-1
41,13,1993,1329,151,72,60,-1,-1
41,13,1994,1332,146,71,59,-1,-1
41,13,1995,1335,145,72,57,-1,-1
41,13,1996,1335,142,75,58,-1,-1
41,13,1997,1340,141,73,57,-1,-1
41,13,1998,1342,140,73,55,-1,-1
41,13,1999,1345,136,71,56,-1,-1
41,13,2000,1350,136,69,53,-1,-1
41,13,2001,1353,133,68,52,-1,-1
41,13,2002,1358,129,64,54,-1,-1
41,13,2003,1359,128,67,53,-1,-1
41,13,2004,1364,127,61,51,-1,-1
41,13,2005,1367,123,60,51,-1,-1
41,13,2006,1368,125,62,50,-1,-1
41,13,2007,1372,121,61,51,-1,-1
41,13,2008,1376,121,58,47,-1,-1
41,13,2009,1377,118,58,49,-1,-1
41,13,2010,1378,117,59,47,-1,-1
41,13,2011,1380,116,58,45,-1,-1
41,13,2012,1383,114,57,45,-1,-1
41,13,2013,1386,112,57,45,-1,-1
41,13,2014,1387,111,57,46,-1,-1
41,13,2015,1390,111,55,45,-1,-1
41,13,2016,1391,108,55,45,-1,-1
41,13,2017,1393,107,54,44,-1,-1
41,13,2018,1395,106,54,44,-1,-1
41,13,2019,1397,104,53,44,-1,-1
41,13,2020,1400,103,53,42,-1,-1
41,13,2021,1401,102,52,43,-1,-1
41,13,2022,1403,101,51,40,-1,-1
41,13,2023,1402,100,53,40,-1,-1
41,13,2024,1404,98,52,40,-1,-1
41,13,2025,1408,98,50,38,-1,-1
41,13,2026,1409,98,52,40,-1,-1
41,13,2027,1410,95,50,38,-1,-1
41,13,2028,1410,95,50,38,-1,-1
41,13,2029,1412,94,49,38,-1,-1
41,13,2030,1415,93,48,37,-1,-1
41,13,2031,1418,91,47,37,-1,-1
41,13,2032,1420,91,46,37,-1,-1
41,13,2033,1420,91,48,36,-1,-1
41,14,2071,424,690,496,354,-1,-1
41,14,2072,510,639,449,328,-1,-1
41,14,2073,584,597,403,291,-1,-1
41,14,2074,650,565,374,262,-1,-1
41,14,2075,700,533,349,242,-1,-1
41,14,2076,755,501,315,227,-1,-1
41,14,2077,800,475,299,211,-1,-1
41,14,2078,838,454,280,192,-1,-1
41,14,2079,874,430,267,183,-1,-1
41,14,2080,903,411,254,174,-1,-1
41,14,2081,933,395,242,166,-1,-1
41,14,2082,960,378,230,158,-1,-1
41,14,2083,985,362,219,150,-1,-1
41,14,2084,1004,346,219,150,-1,-1
41,14,2085,1024,333,209,143,-1,-1
41,14,2086,1043,323,199,136,-1,-1
41,14,2087,1057,310,199,136,-1,-1
41,14,2088,1085,305,168,124,-1,-1
41,14,2089,1101,293,164,121,-1,-1
41,14,2090,1113,282,164,121,-1,-1
41,14,2091,1129,274,152,117,-1,-1
41,14,2092,1140,266,146,113,-1,-1
41,14,2093,1154,260,140,103,-1,-1
41,14,2094,1164,254,136,104,-1,-1
41,14,2095,1176,245,135,102,-1,-1
41,14,2096,1183,237,135,102,-1,-1
41,14,2097,1191,231,127,102,-1,-1
41,14,2098,1205,224,119,95,-1,-1
41,14,2099,1212,223,117,87,-1,-1
41,14,2100,1225,216,111,84,-1,-1
41,14,2101,1229,212,111,84,-1,-1
41,14,2102,1241,207,103,77,-1,-1
41,14,2103,1246,204,103,77,-1,-1
41,14,2104,1248,200,103,77,-1,-1
41,14,2105,1254,193,103,77,-1,-1
41,14,2106,1264,188,98,84,-1,-1
41,14,2107,1270,184,95,80,-1,-1
41,14,2108,1276,179,91,76,-1,-1
41,14,2109,1281,178,90,75,-1,-1
41,14,2110,1284,173,90,75,-1,-1
41,14,2111,1288,170,90,75,-1,-1
41,14,2112,1293,166,92,69,-1,-1
41,14,2113,1302,164,85,68,-1,-1
41,14,2114,1304,160,85,68,-1,-1
41,14,2115,1308,158,81,65,-1,-1
41,14,2116,1310,156,81,65,-1,-1
41,14,2117,1315,150,81,65,-1,-1
41,14,2118,1319,148,81,65,-1,-1
41,14,2119,1325,147,78,62,-1,-1
41,14,2120,1328,145,78,62,-1,-1
41,14,2121,1327,141,78,62,-1,-1
41,14,2122,1335,140,73,61,-1,-1
41,14,2123,1338,138,73,61,-1,-1
41,14,2124,1342,134,73,61,-1,-1
41,14,2125,1346,133,71,58,-1,-1
41,14,2126,1346,129,71,58,-1,-1
41,14,2127,1350,129,68,58,-1,-1
41,14,2128,1353,128,68,54,-1,-1
41,14,2129,1354,125,68,54,-1,-1
41,14,2130,1358,123,68,54,-1,-1
41,14,2131,1360,122,68,54,-1,-1
41,14,2132,1361,119,68,54,-1,-1
41,14,2133,1365,118,64,54,-1,-1
41,14,2134,1369,116,61,49,-1,-1
41,14,2135,1372,116,61,49,-1,-1
41,14,2136,1373,115,61,49,-1,-1
41,14,2137,1377,113,61,49,-1,-1
41,14,2138,1378,110,61,49,-1,-1
41,14,2139,1379,109,61,49,-1,-1
41,14,2140,1381,107,61,49,-1,-1
41,14,2141,1384,105,61,49,-1,-1
41,14,2142,1386,106,58,45,-1,-1
41,14,2143,1388,104,58,45,-1,-1
41,14,2144,1390,101,58,45,-1,-1
41,14,2145,1390,101,58,45,-1,-1
41,14,2146,1393,99,58,45,-1,-1
41,14,2147,1396,98,58,45,-1,-1
41,14,2148,1399,97,54,43,-1,-1
41,14,2149,1399,98,54,39,-1,-1
41,14,2150,1400,95,57,41,-1,-1
41,14,2151,1400,94,54,39,-1,-1
41,14,2152,1405,93,54,39,-1,-1
41,14,2153,1406,94,54,39,-1,-1
41,14,2154,1408,93,54,39,-1,-1
41,14,2155,1408,90,54,39,-1,-1
41,14,2156,1409,90,54,39,-1,-1
41,14,2157,1411,89,54,39,-1,-1
41,14,2158,1415,87,54,39,-1,-1
41,14,2159,1416,87,51,37,-1,-1
41,14,2160,1418,86,51,37,-1,-1
41,14,2161,1418,85,49,35,-1,-1
41,14,2162,1419,85,49,35,-1,-1
41,14,2163,1421,84,49,35,-1,-1
41,14,2164,1425,82,49,35,-1,-1
41,14,2165,1427,82,49,35,-1,-1
41,14,2166,1426,80,49,35,-1,-1
41,14,2167,1427,80,49,35,-1,-1
41,14,2168,1429,80,47,34,-1,-1
41,14,2169,1430,78,47,34,-1,-1
41,14,2170,1431,78,47,34,-1,-1
41,15,2084,997,649,404,431,-1,-1
41,15,2085,1033,616,385,410,-1,-1
41,15,2086,1093,566,324,329,-1,-1
41,15,2087,1123,526,302,296,-1,-1
41,15,2088,1155,494,277,260,-1,-1
41,15,2089,1178,466,260,246,-1,-1
41,15,2090,1201,439,242,230,-1,-1
41,15,2091,1220,418,227,210,-1,-1
41,15,2092,1238,400,211,187,-1,-1
41,15,2093,1250,379,207,181,-1,-1
41,15,2094,1267,362,191,170,-1,-1
41,15,2095,1279,348,184,159,-1,-1
41,15,2096,1292,338,176,139,-1,-1
41,15,2097,1305,319,161,140,-1,-1
41,15,2098,1311,308,157,131,-1,-1
41,15,2099,1321,297,150,128,-1,-1
41,15,2100,1330,287,143,125,-1,-1
41,15,2101,1334,274,143,118,-1,-1
41,15,2102,1343,267,136,114,-1,-1
41,15,2103,1345,257,136,114,-1,-1
41,15,2104,1353,249,129,105,-1,-1
41,15,2105,1359,243,123,101,-1,-1
41,15,2106,1365,234,123,101,-1,-1
41,15,2107,1369,229,120,96,-1,-1
41,15,2108,1375,222,116,90,-1,-1
41,15,2109,1379,217,111,87,-1,-1
41,15,2110,1384,212,107,83,-1,-1
41,15,2111,1385,207,107,83,-1,-1
41,15,2112,1394,202,99,76,-1,-1
41,15,2113,1396,196,99,76,-1,-1
41,15,2114,1397,189,99,76,-1,-1
41,15,2115,1397,185,99,76,-1,-1
41,15,2116,1401,180,99,76,-1,-1
41,15,2117,1405,177,95,73,-1,-1
41,15,2118,1408,174,95,73,-1,-1
41,15,2119,1412,170,90,71,-1,-1
41,15,2120,1413,166,90,71,-1,-1
41,15,2121,1419,163,84,65,-1,-1
41,15,2122,1420,159,84,65,-1,-1
41,15,2123,1423,156,84,65,-1,-1
41,15,2124,1426,152,84,65,-1,-1
41,15,2125,1432,151,76,58,-1,-1
41,15,2126,1431,149,76,58,-1,-1
41,15,2127,1432,144,76,58,-1,-1
41,15,2128,1435,140,76,58,-1,-1
41,15,2129,1436,138,76,58,-1,-1
41,15,2130,1436,135,76,58,-1,-1
41,15,2131,1438,134,76,58,-1,-1
41,15,2132,1439,129,76,58,-1,-1
41,15,2133,1444,128,68,55,-1,-1
41,15,2134,1445,126,68,55,-1,-1
41,15,2135,1450,125,64,49,-1,-1
41,15,2136,1452,124,64,49,-1,-1
41,15,2137,1451,123,64,49,-1,-1
41,15,2138,1452,120,64,49,-1,-1
41,15,2139,1452,117,64,49,-1,-1
41,15,2140,1453,114,64,49,-1,-1
41,15,2141,1456,113,64,49,-1,-1
41,15,2142,1459,114,63,47,-1,-1
41,15,2143,1457,111,63,47,-1,-1
41,15,2144,1458,110,63,47,-1,-1
41,15,2145,1461,107,59,45,-1,-1
41,15,2146,1463,108,59,45,-1,-1
41,15,2147,1463,105,59,45,-1,-1
41,15,2148,1464,103,59,45,-1,-1
41,15,2149,1466,103,56,39,-1,-1
41,15,2150,1468,104,56,39,-1,-1
41,15,2151,1467,99,56,39,-1,-1
41,15,2152,1470,98,56,39,-1,-1
41,15,2153,1471,98,56,39,-1,-1
41,15,2154,1474,97,53,37,-1,-1
41,15,2155,1473,99,53,37,-1,-1
41,15,2156,1473,94,53,37,-1,-1
41,15,2157,1473,93,51,35,-1,-1
41,15,2158,1477,91,51,35,-1,-1
41,15,2159,1478,93,51,35,-1,-1
41,15,2160,1477,89,51,35,-1,-1
41,15,2161,1478,88,51,35,-1,-1
41,15,2162,1479,87,51,35,-1,-1
41,15,2163,1479,86,51,35,-1,-1
41,15,2164,1479,85,51,35,-1,-1
41,15,2165,1481,84,51,35,-1,-1
41,15,2166,1481,83,51,35,-1,-1
41,15,2167,1480,81,51,35,-1,-1
41,15,2168,1483,81,48,34,-1,-1
41,15,2169,1484,80,48,34,-1,-1
41,15,2170,1487,79,48,34,-1,-1
41,16,2264,1050,557,411,518,-1,-1
41,16,2265,1107,509,361,443,-1,-1
41,16,2266,1146,468,326,382,-1,-1
41,16,2267,1183,437,293,338,-1,-1
41,16,2268,1212,406,272,301,-1,-1
41,16,2269,1237,382,251,274,-1,-1
41,16,2270,1259,360,230,250,-1,-1
41,16,2271,1276,336,217,230,-1,-1
41,16,2272,1289,320,206,215,-1,-1
41,16,2273,1305,306,191,195,-1,-1
41,16,2274,1311,290,191,188,-1,-1
41,16,2275,1329,277,175,175,-1,-1
41,16,2276,1335,267,170,154,-1,-1
41,16,2277,1341,256,170,154,-1,-1
41,16,2278,1354,240,154,154,-1,-1
41,16,2279,1360,230,149,144,-1,-1
41,16,2280,1369,221,143,139,-1,-1
41,16,2281,1378,214,137,132,-1,-1
41,16,2282,1385,209,130,123,-1,-1
41,16,2283,1390,200,121,118,-1,-1
41,16,2284,1392,194,121,118,-1,-1
41,16,2285,1397,188,115,112,-1,-1
41,16,2286,1401,182,116,108,-1,-1
41,16,2287,1405,175,114,103,-1,-1
41,16,2288,1409,173,110,99,-1,-1
41,16,2289,1411,167,110,98,-1,-1
41,16,2290,1415,164,106,95,-1,-1
41,16,2291,1419,160,100,89,-1,-1
41,16,2292,1421,155,101,89,-1,-1
41,16,2293,1428,153,96,84,-1,-1
41,16,2294,1429,147,93,85,-1,-1
41,16,2295,1436,143,87,82,-1,-1
41,16,2296,1435,143,87,82,-1,-1
41,16,2297,1438,138,87,82,-1,-1
41,16,2298,1438,134,87,82,-1,-1
41,16,2299,1442,131,83,78,-1,-1
41,16,2300,1444,127,83,78,-1,-1
41,16,2301,1446,124,83,78,-1,-1
41,16,2302,1448,121,79,74,-1,-1
41,16,2303,1451,119,75,71,-1,-1
41,16,2304,1452,114,75,71,-1,-1
41,16,2305,1454,113,75,71,-1,-1
41,16,2306,1457,110,72,67,-1,-1
41,16,2307,1457,110,70,61,-1,-1
41,16,2308,1461,107,69,63,-1,-1
41,16,2309,1464,106,68,63,-1,-1
41,16,2310,1463,102,68,64,-1,-1
41,16,2311,1466,102,65,61,-1,-1
41,16,2312,1468,102,64,58,-1,-1
41,16,2313,1469,100,64,54,-1,-1
41,16,2314,1469,99,62,54,-1,-1
41,16,2315,1471,97,63,54,-1,-1
41,16,2316,1471,93,62,56,-1,-1
41,16,2317,1472,92,63,54,-1,-1
41,16,2318,1475,90,61,54,-1,-1
41,16,2319,1477,88,60,54,-1,-1
41,16,2320,1477,88,61,56,-1,-1
41,16,2321,1478,86,59,51,-1,-1
41,16,2322,1482,85,56,50,-1,-1
41,16,2323,1482,86,56,47,-1,-1
41,16,2324,1482,85,55,46,-1,-1
41,16,2325,1483,80,53,49,-1,-1
41,16,2326,1483,81,56,47,-1,-1
41,16,2327,1484,80,56,46,-1,-1
41,16,2328,1485,78,56,47,-1,-1
41,16,2329,1488,77,54,46,-1,-1
41,16,2330,1490,73,51,48,-1,-1
41,16,2331,1491,74,48,46,-1,-1
41,16,2332,1493,73,48,46,-1,-1
41,16,2333,1493,72,48,46,-1,-1
41,16,2334,1492,71,48,46,-1,-1
41,16,2335,1497,71,46,43,-1,-1
41,16,2336,1494,69,46,43,-1,-1
41,16,2337,1495,68,46,43,-1,-1
41,16,2338,1498,67,44,41,-1,-1
41,16,2339,1500,68,44,41,-1,-1
41,16,2340,1501,67,42,39,-1,-1
