41,1,1436,815,502,293,190,-1,-1
41,1,1437,859,468,268,180,-1,-1
41,1,1438,899,447,246,168,-1,-1
41,1,1439,941,423,222,162,-1,-1
41,1,1440,966,403,214,153,-1,-1
41,1,1441,984,384,211,150,-1,-1
41,1,1442,1012,368,199,144,-1,-1
41,1,1443,1034,353,190,141,-1,-1
41,1,1444,1060,340,178,133,-1,-1
41,1,1445,1078,327,171,128,-1,-1
41,1,1446,1096,312,163,126,-1,-1
41,1,1447,1110,303,159,120,-1,-1
41,1,1448,1128,293,150,114,-1,-1
41,1,1449,1141,283,148,109,-1,-1
41,1,1450,1157,274,142,105,-1,-1
41,1,1451,1169,265,135,101,-1,-1
41,1,1452,1180,257,130,99,-1,-1
41,1,1453,1189,249,128,96,-1,-1
41,1,1454,1201,243,122,92,-1,-1
41,1,1455,1213,237,116,88,-1,-1
41,1,1456,1225,230,110,86,-1,-1
41,1,1457,1232,224,108,84,-1,-1
41,1,1458,1239,218,107,82,-1,-1
41,1,1459,1246,214,103,79,-1,-1
41,1,1460,1254,208,101,78,-1,-1
41,1,1461,1262,203,100,76,-1,-1
41,1,1462,1272,198,95,75,-1,-1
41,1,1463,1277,195,94,72,-1,-1
41,1,1464,1283,189,91,71,-1,-1
41,1,1465,1289,184,88,70,-1,-1
41,1,1466,1293,181,90,68,-1,-1
41,1,1467,1301,178,87,66,-1,-1
41,1,1468,1307,174,84,65,-1,-1
41,1,1469,1311,169,81,65,-1,-1
41,1,1470,1316,166,79,63,-1,-1
41,1,1471,1320,163,78,61,-1,-1
41,1,1472,1325,160,77,60,-1,-1
41,1,1473,1330,157,76,59,-1,-1
41,1,1474,1335,153,74,58,-1,-1
41,1,1475,1338,149,72,59,-1,-1
41,1,1476,1342,147,70,58,-1,-1
41,1,1477,1345,145,69,57,-1,-1
41,1,1478,1350,144,68,54,-1,-1
41,1,1479,1354,141,67,53,-1,-1
41,1,1481,1359,137,67,52,-1,-1
41,1,1482,1362,135,66,50,-1,-1
41,1,1483,1365,133,64,49,-1,-1
41,1,1484,1368,131,63,48,-1,-1
41,1,1485,1372,129,62,48,-1,-1
41,1,1486,1375,126,61,48,-1,-1
41,1,1487,1377,124,60,48,-1,-1
41,1,1488,1380,122,59,47,-1,-1
41,1,1489,1382,121,59,46,-1,-1
41,1,1490,1385,120,59,45,-1,-1
41,1,1491,1389,118,57,44,-1,-1
41,1,1492,1391,116,55,44,-1,-1
41,1,1493,1392,114,54,44,-1,-1
41,1,1494,1394,113,53,44,-1,-1
41,1,1495,1397,112,52,43,-1,-1
41,1,1496,1400,111,51,42,-1,-1
41,1,1497,1403,110,51,41,-1,-1
41,1,1498,1404,108,51,41,-1,-1
41,1,1499,1403,106,51,41,-1,-1
41,2,145,971,428,266,206,-1,-1
41,2,146,998,407,253,198,-1,-1
41,2,147,1019,386,247,190,-1,-1
41,2,148,1057,369,227,174,-1,-1
41,2,151,1113,328,200,145,-1,-1
41,2,152,1147,316,176,139,-1,-1
41,2,153,1153,305,180,132,-1,-1
41,2,154,1166,294,178,128,-1,-1
41,2,155,1183,283,169,123,-1,-1
41,2,156,1194,274,166,119,-1,-1
41,2,157,1207,265,160,116,-1,-1
41,2,158,1222,255,150,113,-1,-1
41,2,159,1232,249,147,108,-1,-1
41,2,160,1242,239,146,105,-1,-1
41,2,161,1253,233,142,105,-1,-1
41,2,162,1261,225,137,103,-1,-1
41,2,163,1273,223,128,98,-1,-1
41,2,164,1283,217,127,94,-1,-1
41,2,165,1288,213,125,86,-1,-1
41,2,166,1300,207,117,83,-1,-1
41,2,167,1306,201,114,83,-1,-1
41,2,168,1313,197,113,82,-1,-1
41,2,169,1322,193,107,78,-1,-1
41,2,170,1325,189,109,79,-1,-1
41,2,171,1332,184,106,78,-1,-1
41,2,172,1340,180,102,76,-1,-1
41,2,173,1345,176,99,74,-1,-1
41,2,174,1349,174,97,72,-1,-1
41,2,175,1355,170,96,71,-1,-1
41,2,176,1360,166,94,71,-1,-1
41,2,177,1365,161,91,71,-1,-1
41,2,178,1370,160,89,68,-1,-1
41,2,179,1375,156,87,67,-1,-1
41,2,180,1378,155,85,65,-1,-1
41,2,181,1382,148,85,67,-1,-1
41,2,182,1386,147,83,64,-1,-1
41,2,183,1390,144,82,62,-1,-1
41,2,184,1394,143,81,61,-1,-1
41,2,185,1397,142,79,59,-1,-1
41,2,186,1400,138,78,59,-1,-1
41,2,187,1404,136,75,57,-1,-1
41,2,188,1406,134,74,57,-1,-1
41,2,189,1410,131,74,58,-1,-1
41,2,190,1414,128,71,57,-1,-1
41,2,191,1415,124,70,57,-1,-1
41,2,192,1418,125,69,54,-1,-1
41,2,193,1421,125,70,52,-1,-1
41,2,194,1424,123,68,50,-1,-1
41,2,195,1427,121,66,50,-1,-1
41,2,196,1430,120,65,49,-1,-1
41,2,197,1432,119,63,48,-1,-1
41,2,198,1434,116,62,48,-1,-1
41,2,199,1436,115,61,47,-1,-1
41,2,200,1438,111,62,49,-1,-1
41,2,201,1440,108,60,49,-1,-1
41,2,202,1443,107,59,49,-1,-1
41,2,203,1445,106,58,48,-1,-1
41,2,204,1447,106,57,47,-1,-1
41,2,205,1449,105,55,46,-1,-1
41,2,206,1451,103,54,45,-1,-1
41,2,207,1453,102,54,44,-1,-1
41,2,208,1454,100,54,44,-1,-1
41,2,209,1455,99,54,43,-1,-1
41,2,210,1457,98,54,43,-1,-1
41,2,211,1458,97,52,42,-1,-1
41,2,212,1460,96,52,41,-1,-1
41,2,213,1462,95,52,41,-1,-1
41,2,214,1463,93,51,41,-1,-1
41,3,401,1222,436,283,386,-1,-1
41,5,2077,803,476,287,192,-1,-1
41,5,2078,849,450,262,178,-1,-1
41,5,2079,883,430,250,168,-1,-1
41,5,2080,916,408,228,158,-1,-1
41,5,2081,948,390,218,149,-1,-1
41,5,2082,976,375,204,139,-1,-1
41,5,2083,995,360,200,134,-1,-1
41,5,2084,1018,348,190,123,-1,-1
41,5,2085,1038,335,181,118,-1,-1
41,5,2086,1060,322,170,114,-1,-1
41,5,2087,1075,311,165,109,-1,-1
41,5,2088,1091,302,158,104,-1,-1
41,5,2089,1108,291,151,102,-1,-1
41,5,2090,1122,281,147,99,-1,-1
41,5,2091,1138,273,138,95,-1,-1
41,5,2092,1150,264,133,96,-1,-1
41,5,2093,1159,257,131,93,-1,-1
41,5,2094,1171,249,127,91,-1,-1
41,5,2095,1182,245,122,87,-1,-1
41,5,2096,1193,237,118,86,-1,-1
41,5,2097,1202,231,114,85,-1,-1
41,5,2098,1210,224,113,83,-1,-1
41,5,2099,1218,219,110,81,-1,-1
41,5,2100,1226,214,106,79,-1,-1
41,5,2101,1235,209,103,78,-1,-1
41,5,2102,1243,205,102,77,-1,-1
41,5,2103,1251,199,97,75,-1,-1
41,5,2104,1254,196,95,74,-1,-1
41,5,2105,1260,191,94,73,-1,-1
41,5,2106,1268,187,91,72,-1,-1
41,5,2107,1273,183,89,71,-1,-1
41,5,2108,1279,179,87,70,-1,-1
41,5,2109,1284,175,85,69,-1,-1
41,5,2110,1288,171,84,68,-1,-1
41,5,2111,1293,168,82,66,-1,-1
41,5,2112,1299,164,80,65,-1,-1
41,5,2113,1305,161,78,64,-1,-1
41,5,2114,1309,159,77,62,-1,-1
41,5,2115,1313,156,75,60,-1,-1
41,5,2116,1317,153,73,59,-1,-1
41,5,2117,1320,150,72,59,-1,-1
41,5,2118,1324,147,72,58,-1,-1
41,5,2119,1329,145,71,57,-1,-1
41,5,2120,1333,142,70,57,-1,-1
41,5,2121,1336,141,69,56,-1,-1
41,5,2122,1338,139,68,54,-1,-1
41,5,2123,1341,137,68,54,-1,-1
41,5,2124,1345,135,66,54,-1,-1
41,5,2125,1349,133,65,54,-1,-1
41,5,2126,1352,131,64,53,-1,-1
41,5,2127,1354,129,63,52,-1,-1
41,5,2128,1356,127,62,50,-1,-1
41,5,2129,1359,125,62,50,-1,-1
41,5,2130,1362,122,62,50,-1,-1
41,5,2131,1365,121,62,50,-1,-1
41,5,2132,1367,119,61,49,-1,-1
41,5,2133,1369,118,60,48,-1,-1
41,5,2134,1371,116,59,48,-1,-1
41,5,2135,1373,115,58,47,-1,-1
41,5,2136,1376,114,57,46,-1,-1
41,5,2137,1379,113,56,45,-1,-1
41,5,2138,1381,111,55,45,-1,-1
41,5,2139,1383,110,54,44,-1,-1
41,5,2140,1385,108,53,44,-1,-1
41,5,2141,1387,106,53,44,-1,-1
41,5,2142,1390,105,52,43,-1,-1
41,5,2143,1393,104,51,43,-1,-1
41,5,2144,1395,102,51,43,-1,-1
41,5,2145,1396,101,50,42,-1,-1
41,5,2146,1397,99,50,42,-1,-1
41,5,2147,1399,98,49,42,-1,-1
41,7,114,827,492,298,225,-1,-1
41,7,115,852,457,296,214,-1,-1
41,7,116,889,437,270,201,-1,-1
41,7,117,927,416,249,186,-1,-1
41,7,118,950,394,242,181,-1,-1
41,7,119,990,375,216,175,-1,-1
41,7,120,1012,357,207,167,-1,-1
41,7,121,1029,345,200,153,-1,-1
41,7,122,1051,335,192,142,-1,-1
41,7,123,1068,321,184,137,-1,-1
41,7,124,1084,311,176,132,-1,-1
41,7,125,1103,299,169,127,-1,-1
41,7,126,1117,291,161,121,-1,-1
41,7,127,1128,281,159,117,-1,-1
41,7,128,1141,273,151,114,-1,-1
41,7,129,1153,264,146,111,-1,-1
41,7,130,1162,256,144,108,-1,-1
41,7,131,1174,249,137,106,-1,-1
41,7,132,1185,241,132,104,-1,-1
41,7,133,1193,237,130,100,-1,-1
41,7,134,1202,229,126,98,-1,-1
41,7,136,1220,221,118,92,-1,-1
41,7,138,1235,211,112,88,-1,-1
41,7,139,1244,205,108,87,-1,-1
41,7,140,1248,201,106,85,-1,-1
41,7,141,1254,199,105,81,-1,-1
41,7,142,1261,194,102,80,-1,-1
41,7,143,1268,191,99,78,-1,-1
41,7,144,1272,186,98,78,-1,-1
41,7,145,1278,182,95,76,-1,-1
41,7,146,1284,179,92,74,-1,-1
41,7,147,1288,175,90,73,-1,-1
41,7,148,1293,173,88,71,-1,-1
41,7,149,1299,168,86,71,-1,-1
41,7,150,1304,165,83,69,-1,-1
41,7,151,1305,161,84,70,-1,-1
41,7,152,1309,159,82,68,-1,-1
41,7,153,1314,155,80,67,-1,-1
41,7,154,1317,151,80,67,-1,-1
41,7,155,1321,148,79,66,-1,-1
41,7,156,1324,145,77,65,-1,-1
41,7,157,1328,144,75,63,-1,-1
41,7,158,1333,143,73,61,-1,-1
41,7,159,1335,140,72,60,-1,-1
41,7,160,1339,139,71,59,-1,-1
41,7,161,1342,137,70,57,-1,-1
41,7,162,1345,135,69,56,-1,-1
41,7,163,1348,133,68,55,-1,-1
41,7,164,1351,131,67,55,-1,-1
41,7,165,1353,129,66,54,-1,-1
41,7,166,1356,127,65,54,-1,-1
41,7,167,1359,125,64,54,-1,-1
41,7,168,1362,123,63,53,-1,-1
41,7,169,1364,122,62,52,-1,-1
41,7,170,1366,121,61,51,-1,-1
41,7,171,1368,120,61,49,-1,-1
41,7,172,1371,118,61,49,-1,-1
41,7,173,1374,116,60,49,-1,-1
41,7,174,1376,115,60,48,-1,-1
41,7,175,1378,114,58,47,-1,-1
41,7,176,1380,112,58,47,-1,-1
41,7,177,1382,110,58,47,-1,-1
41,7,178,1384,109,57,46,-1,-1
41,7,179,1386,108,56,46,-1,-1
41,7,180,1388,106,54,45,-1,-1
41,7,181,1391,105,53,44,-1,-1
41,7,182,1393,104,53,44,-1,-1
41,7,183,1395,103,53,43,-1,-1
41,7,184,1397,101,52,43,-1,-1
41,7,185,1399,100,50,42,-1,-1
41,8,661,1243,369,234,232,-1,-1
41,8,662,1255,354,224,220,-1,-1
41,8,663,1269,341,211,212,-1,-1
41,8,664,1281,330,202,203,-1,-1
41,8,665,1288,320,197,192,-1,-1
41,8,666,1289,309,202,181,-1,-1
41,8,667,1301,300,187,171,-1,-1
41,8,668,1311,291,176,163,-1,-1
41,8,669,1316,282,174,160,-1,-1
41,8,670,1324,274,169,158,-1,-1
41,8,671,1331,265,163,154,-1,-1
41,8,672,1336,256,156,152,-1,-1
41,8,673,1340,249,152,149,-1,-1
41,8,674,1346,241,150,150,-1,-1
41,8,675,1349,236,150,137,-1,-1
41,8,676,1355,231,148,141,-1,-1
41,8,677,1361,224,143,138,-1,-1
41,8,678,1364,220,138,126,-1,-1
41,8,679,1369,216,135,121,-1,-1
41,8,680,1373,210,131,100,-1,-1
41,8,681,1377,205,126,99,-1,-1
41,8,682,1381,203,123,92,-1,-1
41,8,683,1384,199,121,91,-1,-1
41,8,684,1388,194,116,90,-1,-1
41,8,685,1390,193,115,83,-1,-1
41,8,686,1396,189,112,82,-1,-1
41,8,689,1402,178,107,88,-1,-1
41,8,690,1404,174,106,93,-1,-1
41,8,691,1408,170,103,95,-1,-1
41,8,692,1410,167,103,94,-1,-1
41,8,693,1412,165,101,92,-1,-1
41,8,694,1414,163,100,90,-1,-1
41,8,695,1416,159,100,90,-1,-1
41,8,696,1418,157,97,90,-1,-1
41,8,697,1421,156,96,84,-1,-1
41,8,698,1421,153,96,84,-1,-1
41,8,699,1426,150,91,83,-1,-1
41,8,700,1429,147,89,81,-1,-1
41,8,701,1430,145,88,78,-1,-1
41,8,702,1431,143,87,78,-1,-1
41,8,703,1433,143,86,76,-1,-1
41,8,704,1435,139,84,77,-1,-1
41,8,705,1437,137,83,73,-1,-1
41,8,706,1439,136,81,71,-1,-1
41,8,707,1439,135,80,69,-1,-1
41,8,708,1441,132,78,70,-1,-1
41,8,709,1443,130,77,69,-1,-1
41,8,710,1443,129,79,67,-1,-1
41,8,711,1444,127,77,65,-1,-1
41,8,712,1445,125,75,65,-1,-1
41,8,713,1446,124,75,64,-1,-1
41,8,714,1447,123,74,62,-1,-1
41,8,715,1448,122,72,61,-1,-1
41,8,716,1450,120,71,61,-1,-1
41,8,717,1452,119,71,60,-1,-1
41,8,718,1453,118,69,58,-1,-1
41,8,719,1455,116,67,58,-1,-1
41,8,720,1456,114,65,58,-1,-1
41,8,721,1457,112,65,57,-1,-1
41,8,722,1458,111,66,57,-1,-1
41,8,723,1459,111,64,53,-1,-1
41,8,724,1460,110,63,53,-1,-1
41,8,725,1460,108,63,53,-1,-1
41,8,726,1461,107,63,52,-1,-1
41,8,727,1462,106,61,52,-1,-1
41,8,728,1464,105,60,52,-1,-1
41,8,729,1465,105,60,51,-1,-1
41,8,730,1466,104,60,49,-1,-1
41,8,731,1466,102,59,50,-1,-1
41,8,732,1467,101,57,49,-1,-1
41,8,733,1469,100,56,49,-1,-1
41,8,734,1470,98,57,49,-1,-1
41,8,735,1471,99,56,47,-1,-1
41,8,736,1472,98,55,46,-1,-1
41,8,737,1471,96,56,45,-1,-1
41,8,738,1471,95,56,45,-1,-1
41,8,739,1473,94,55,44,-1,-1
41,8,740,1474,93,54,44,-1,-1
41,8,741,1475,92,53,45,-1,-1
41,8,742,1476,91,53,44,-1,-1
41,8,743,1477,90,52,43,-1,-1
41,8,744,1477,88,52,44,-1,-1
41,8,745,1478,88,52,43,-1,-1
41,8,746,1479,88,51,42,-1,-1
41,8,747,1480,88,51,41,-1,-1
41,8,748,1480,86,51,42,-1,-1
41,8,749,1481,85,50,41,-1,-1
41,8,750,1481,85,50,40,-1,-1
41,9,391,1190,183,220,112,-1,-1
41,9,392,1210,174,212,110,-1,-1
41,9,393,1223,164,207,111,-1,-1
41,9,394,1236,157,205,107,-1,-1
41,9,395,1247,150,198,103,-1,-1
41,11,519,951,432,251,187,-1,-1
41,11,520,959,414,255,182,-1,-1
41,11,521,982,396,243,174,-1,-1
41,11,522,1030,377,204,169,-1,-1
41,11,523,1042,361,203,164,-1,-1
41,11,525,1057,337,210,147,-1,-1
41,11,526,1079,326,195,140,-1,-1
41,11,527,1090,315,191,137,-1,-1
41,11,528,1099,305,191,131,-1,-1
41,11,529,1118,297,178,125,-1,-1
41,11,530,1130,287,173,125,-1,-1
41,11,531,1142,279,165,122,-1,-1
41,11,532,1151,270,160,117,-1,-1
41,11,533,1161,263,155,115,-1,-1
41,11,534,1171,257,150,113,-1,-1
41,11,535,1181,250,144,110,-1,-1
41,11,536,1190,243,142,109,-1,-1
41,11,537,1200,234,136,110,-1,-1
41,11,538,1207,230,131,107,-1,-1
41,11,539,1215,223,128,104,-1,-1
41,11,540,1224,218,124,102,-1,-1
41,11,541,1229,216,122,99,-1,-1
41,11,542,1238,210,117,97,-1,-1
41,11,543,1243,206,115,93,-1,-1
41,11,544,1250,201,112,93,-1,-1
41,11,545,1255,198,109,89,-1,-1
41,11,546,1259,193,109,88,-1,-1
41,11,547,1267,189,104,88,-1,-1
41,11,548,1271,184,105,88,-1,-1
41,11,549,1275,181,103,86,-1,-1
41,11,559,1318,152,84,72,-1,-1
41,11,560,1321,150,82,71,-1,-1
41,11,561,1324,147,82,70,-1,-1
41,11,562,1327,145,81,68,-1,-1
41,11,563,1332,143,77,66,-1,-1
41,11,564,1336,141,76,65,-1,-1
41,11,565,1338,138,76,67,-1,-1
41,11,566,1339,136,76,65,-1,-1
41,11,567,1342,136,75,62,-1,-1
41,11,568,1345,134,74,60,-1,-1
41,11,569,1349,133,72,59,-1,-1
41,11,570,1351,131,72,60,-1,-1
41,11,571,1353,129,72,60,-1,-1
41,11,572,1355,127,71,59,-1,-1
41,11,573,1357,126,70,58,-1,-1
41,11,574,1360,124,69,57,-1,-1
41,11,575,1364,122,67,57,-1,-1
41,11,576,1367,121,66,54,-1,-1
41,11,577,1369,120,66,55,-1,-1
41,11,578,1371,118,65,55,-1,-1
41,11,579,1373,117,63,54,-1,-1
41,11,580,1374,115,64,53,-1,-1
41,11,581,1378,114,63,52,-1,-1
41,11,582,1381,113,62,51,-1,-1
41,11,583,1382,112,61,50,-1,-1
41,11,584,1383,111,61,49,-1,-1
41,11,585,1385,110,60,49,-1,-1
41,11,586,1387,108,59,49,-1,-1
41,11,587,1390,107,59,48,-1,-1
41,11,588,1392,106,59,48,-1,-1
41,11,589,1393,105,58,47,-1,-1
41,11,590,1394,104,57,47,-1,-1
41,11,591,1396,102,56,47,-1,-1
41,11,592,1398,101,55,46,-1,-1
41,11,593,1399,100,55,46,-1,-1
41,11,594,1401,99,55,45,-1,-1
41,11,595,1403,98,54,45,-1,-1
41,11,596,1404,97,53,44,-1,-1
41,11,597,1405,96,53,43,-1,-1
41,11,598,1407,95,53,43,-1,-1
41,11,599,1409,94,52,43,-1,-1
41,11,600,1410,93,52,42,-1,-1
41,11,601,1412,93,52,42,-1,-1
41,11,602,1413,92,51,41,-1,-1
41,11,603,1414,91,51,41,-1,-1
41,11,604,1416,91,50,40,-1,-1
41,11,605,1417,91,50,40,-1,-1
41,12,718,1226,356,225,201,-1,-1
41,12,719,1240,342,213,194,-1,-1
41,12,720,1250,325,208,184,-1,-1
41,12,721,1264,310,196,177,-1,-1
41,12,722,1274,301,188,165,-1,-1
41,12,723,1284,295,164,156,-1,-1
41,12,724,1296,284,157,153,-1,-1
41,12,725,1301,273,161,149,-1,-1
41,12,726,1309,265,156,145,-1,-1
41,12,727,1317,255,155,141,-1,-1
41,12,728,1325,248,148,135,-1,-1
41,12,729,1329,242,149,131,-1,-1
41,12,730,1335,237,142,128,-1,-1
41,12,731,1340,230,138,123,-1,-1
41,12,732,1346,223,133,116,-1,-1
41,12,733,1352,218,129,110,-1,-1
41,12,734,1357,211,126,106,-1,-1
41,12,735,1360,206,124,104,-1,-1
41,12,736,1365,201,121,100,-1,-1
41,12,737,1369,195,119,99,-1,-1
41,12,738,1374,190,114,96,-1,-1
41,12,739,1379,185,109,93,-1,-1
41,12,740,1380,182,110,91,-1,-1
41,12,741,1384,178,107,91,-1,-1
41,12,742,1387,175,104,89,-1,-1
41,12,743,1390,172,102,88,-1,-1
41,12,744,1394,168,99,89,-1,-1
41,12,745,1396,165,96,87,-1,-1
41,12,746,1398,161,96,85,-1,-1
41,12,747,1402,158,93,84,-1,-1
41,12,748,1403,154,92,83,-1,-1
41,12,749,1406,151,91,83,-1,-1
41,12,750,1409,149,89,81,-1,-1
41,12,751,1412,146,88,79,-1,-1
41,12,752,1413,144,87,77,-1,-1
41,12,753,1415,143,86,75,-1,-1
41,12,754,1418,140,84,74,-1,-1
41,12,755,1420,138,81,72,-1,-1
41,12,756,1424,136,78,69,-1,-1
41,12,757,1426,134,77,69,-1,-1
41,12,758,1428,131,77,71,-1,-1
41,12,759,1429,129,77,68,-1,-1
41,12,760,1430,127,76,66,-1,-1
41,12,761,1431,125,76,66,-1,-1
41,12,762,1434,123,75,65,-1,-1
41,12,763,1436,122,73,66,-1,-1
41,12,764,1438,120,72,65,-1,-1
41,12,765,1438,118,71,64,-1,-1
41,12,766,1439,116,70,61,-1,-1
41,12,767,1440,115,69,60,-1,-1
41,12,768,1441,114,69,59,-1,-1
41,12,771,1446,110,67,56,-1,-1
41,12,772,1448,110,65,53,-1,-1
41,12,773,1450,109,64,52,-1,-1
41,12,774,1452,106,62,51,-1,-1
41,12,775,1454,104,61,50,-1,-1
41,12,776,1455,104,60,49,-1,-1
41,12,777,1456,102,59,49,-1,-1
41,12,779,1458,99,58,50,-1,-1
41,12,780,1458,98,60,50,-1,-1
41,12,788,1467,89,55,46,-1,-1
41,12,789,1469,88,52,45,-1,-1
41,12,790,1470,86,51,45,-1,-1
41,12,791,1471,85,51,45,-1,-1
41,12,792,1472,84,50,45,-1,-1
41,12,793,1473,84,50,45,-1,-1
41,12,794,1474,84,50,43,-1,-1
41,12,795,1473,83,50,43,-1,-1
41,12,796,1474,81,50,43,-1,-1
41,12,797,1474,79,50,43,-1,-1
41,12,798,1477,79,49,43,-1,-1
41,12,799,1478,78,48,42,-1,-1
41,14,402,1065,367,299,401,-1,-1
41,14,403,1091,333,293,401,-1,-1
41,14,404,1112,299,316,403,-1,-1
41,14,405,1129,266,318,404,-1,-1
41,14,406,1148,236,314,401,-1,-1
41,14,407,1199,218,321,394,-1,-1
41,14,408,1207,186,323,397,-1,-1
41,14,409,1208,171,318,392,-1,-1
41,14,410,1226,109,310,394,-1,-1
41,14,411,1232,93,302,394,-1,-1
41,14,412,1247,104,283,360,-1,-1
41,14,413,1252,102,275,376,-1,-1
41,14,414,1265,102,261,361,-1,-1
41,14,415,1271,91,255,357,-1,-1
41,14,416,1283,91,245,338,-1,-1
41,14,417,1288,87,240,325,-1,-1
41,14,418,1294,88,234,318,-1,-1
41,14,419,1303,83,224,307,-1,-1
41,14,420,1307,83,219,303,-1,-1
41,14,421,1316,77,212,295,-1,-1
41,14,422,1320,76,207,289,-1,-1
41,14,423,1326,78,203,279,-1,-1
41,14,424,1332,77,198,271,-1,-1
41,14,425,1337,77,192,265,-1,-1
41,14,426,1340,73,189,255,-1,-1
41,14,427,1346,75,184,245,-1,-1
41,14,428,1350,70,180,233,-1,-1
41,14,429,1354,69,177,228,-1,-1
41,14,430,1357,68,175,222,-1,-1
41,14,431,1361,66,171,211,-1,-1
41,14,432,1363,66,168,210,-1,-1
41,14,433,1367,66,164,210,-1,-1
41,14,434,1371,69,161,207,-1,-1
41,14,435,1374,68,158,201,-1,-1
41,14,436,1378,68,154,198,-1,-1
41,14,437,1379,65,153,195,-1,-1
41,14,438,1382,63,150,191,-1,-1
41,14,439,1386,62,146,189,-1,-1
41,14,440,1387,59,144,189,-1,-1
41,14,441,1390,59,141,183,-1,-1
41,14,442,1393,58,140,181,-1,-1
41,14,443,1395,56,138,180,-1,-1
41,14,444,1398,55,135,177,-1,-1
41,14,445,1402,55,132,174,-1,-1
41,14,446,1404,54,130,172,-1,-1
41,14,447,1405,55,129,169,-1,-1
41,14,448,1408,55,126,168,-1,-1
41,14,449,1410,55,124,164,-1,-1
41,14,450,1412,54,122,160,-1,-1
41,14,451,1414,54,119,156,-1,-1
41,14,452,1416,54,118,155,-1,-1
41,14,453,1418,54,116,152,-1,-1
41,14,454,1421,54,113,148,-1,-1
41,14,455,1423,53,112,147,-1,-1
41,14,456,1424,52,112,145,-1,-1
41,14,457,1425,50,111,144,-1,-1
41,14,458,1426,49,109,143,-1,-1
41,14,459,1427,49,108,141,-1,-1
41,14,460,1428,49,108,140,-1,-1
41,14,461,1429,48,107,137,-1,-1
41,14,462,1431,47,105,135,-1,-1
41,14,463,1433,47,103,132,-1,-1
41,14,464,1434,47,103,129,-1,-1
41,14,465,1435,47,102,127,-1,-1
41,14,466,1437,46,100,126,-1,-1
41,14,467,1438,45,99,126,-1,-1
41,14,468,1440,44,98,124,-1,-1
41,14,469,1442,43,96,122,-1,-1
41,14,470,1444,43,95,122,-1,-1
41,14,471,1445,42,95,121,-1,-1
41,14,472,1446,41,93,122,-1,-1
41,14,473,1448,40,92,119,-1,-1
41,14,474,1449,40,91,117,-1,-1
41,14,475,1451,39,89,117,-1,-1
41,14,476,1451,39,89,117,-1,-1
41,14,477,1452,39,88,116,-1,-1
41,14,478,1452,39,88,114,-1,-1
41,14,479,1453,38,88,112,-1,-1
41,14,480,1454,38,87,111,-1,-1
41,14,481,1455,38,87,110,-1,-1
41,14,482,1456,38,86,108,-1,-1
41,14,483,1458,37,85,106,-1,-1
41,14,484,1459,37,85,105,-1,-1
41,14,485,1460,37,84,104,-1,-1
41,14,486,1460,36,83,103,-1,-1
41,14,487,1460,35,83,102,-1,-1
41,14,488,1463,35,80,104,-1,-1
41,14,489,1465,34,79,103,-1,-1
41,14,490,1465,34,79,102,-1,-1
41,14,491,1466,34,79,101,-1,-1
41,14,492,1467,33,78,101,-1,-1
41,14,493,1468,34,77,99,-1,-1
41,14,494,1468,34,76,97,-1,-1
41,14,495,1468,34,76,95,-1,-1
41,14,496,1469,34,76,94,-1,-1
41,14,497,1469,34,76,94,-1,-1
41,14,498,1470,33,75,94,-1,-1
41,14,499,1472,32,73,94,-1,-1
41,14,500,1473,32,72,93,-1,-1
41,14,501,1474,32,72,92,-1,-1
41,14,502,1475,31,71,91,-1,-1
41,14,503,1476,31,70,90,-1,-1
41,14,504,1477,30,70,89,-1,-1
41,14,505,1477,30,70,89,-1,-1
41,14,506,1478,30,69,88,-1,-1
41,14,507,1478,30,69,88,-1,-1
41,14,508,1478,29,69,88,-1,-1
41,14,509,1480,28,67,87,-1,-1
41,14,510,1481,28,66,86,-1,-1
41,14,511,1481,28,66,86,-1,-1
41,14,512,1482,28,65,85,-1,-1
41,14,513,1482,28,65,84,-1,-1
41,14,514,1482,28,65,83,-1,-1
41,14,515,1483,28,65,83,-1,-1
41,14,516,1483,27,65,83,-1,-1
41,14,517,1484,27,64,82,-1,-1
41,14,518,1485,27,64,81,-1,-1
41,14,519,1485,27,64,80,-1,-1
41,14,520,1486,27,64,79,-1,-1
41,14,521,1486,26,64,79,-1,-1
41,14,522,1486,26,64,78,-1,-1
41,14,523,1487,26,63,77,-1,-1
41,14,524,1489,26,62,77,-1,-1
41,14,525,1490,26,61,76,-1,-1
41,14,526,1491,26,60,75,-1,-1
41,14,527,1491,27,60,73,-1,-1
41,14,528,1491,28,60,72,-1,-1
41,14,529,1491,28,60,71,-1,-1
41,14,530,1491,29,61,70,-1,-1
41,14,531,1491,30,61,68,-1,-1
41,14,532,1492,30,60,67,-1,-1
41,14,533,1493,29,60,67,-1,-1
41,14,534,1493,26,60,69,-1,-1
41,14,535,1494,25,59,69,-1,-1
41,14,536,1494,25,60,69,-1,-1
41,14,537,1494,24,60,69,-1,-1
41,16,691,879,486,263,194,-1,-1
41,16,692,915,460,243,186,-1,-1
41,16,693,933,434,242,189,-1,-1
41,16,694,961,417,229,180,-1,-1
41,16,695,984,399,221,172,-1,-1
41,16,696,1009,383,206,166,-1,-1
41,16,697,1028,366,199,162,-1,-1
41,16,698,1049,356,190,152,-1,-1
41,16,699,1071,343,179,147,-1,-1
41,16,700,1089,331,169,137,-1,-1
41,16,701,1103,317,162,136,-1,-1
41,16,702,1112,311,161,128,-1,-1
41,16,703,1125,301,156,122,-1,-1
41,16,704,1136,289,153,122,-1,-1
41,16,705,1150,285,147,114,-1,-1
41,16,706,1159,275,144,111,-1,-1
41,16,707,1169,266,139,108,-1,-1
41,16,708,1182,258,133,107,-1,-1
41,16,709,1188,251,130,104,-1,-1
41,16,710,1196,245,128,101,-1,-1
41,16,711,1205,238,124,98,-1,-1
41,16,712,1213,235,121,94,-1,-1
41,16,713,1220,228,117,92,-1,-1
41,16,714,1229,224,113,89,-1,-1
41,16,715,1236,219,109,87,-1,-1
41,16,716,1243,215,105,84,-1,-1
41,16,717,1250,212,104,81,-1,-1
41,16,718,1254,206,102,81,-1,-1
41,16,719,1259,201,101,79,-1,-1
41,16,720,1266,198,97,77,-1,-1
41,16,721,1271,194,95,76,-1,-1
41,16,722,1277,190,94,74,-1,-1
41,16,723,1283,185,91,75,-1,-1
41,16,724,1289,182,88,73,-1,-1
41,16,725,1290,179,87,71,-1,-1
41,16,726,1296,176,85,68,-1,-1
41,16,727,1302,172,82,67,-1,-1
41,16,728,1304,168,83,69,-1,-1
41,16,729,1309,166,81,65,-1,-1
41,16,730,1313,163,79,63,-1,-1
41,16,731,1316,160,77,62,-1,-1
41,16,732,1318,157,78,63,-1,-1
41,16,733,1323,155,75,62,-1,-1
41,16,734,1327,152,73,60,-1,-1
41,16,735,1332,151,71,57,-1,-1
41,16,736,1335,148,69,57,-1,-1
41,16,737,1338,146,68,56,-1,-1
41,16,738,1339,144,69,54,-1,-1
41,16,739,1342,143,68,52,-1,-1
41,16,740,1346,141,67,50,-1,-1
41,16,741,1348,139,67,52,-1,-1
41,16,742,1350,137,66,51,-1,-1
41,16,743,1353,135,65,49,-1,-1
41,16,744,1356,133,63,49,-1,-1
41,16,745,1360,131,61,48,-1,-1
41,16,746,1361,129,62,47,-1,-1
41,16,747,1363,128,62,46,-1,-1
41,16,748,1365,126,62,46,-1,-1
41,16,749,1368,126,59,44,-1,-1
41,16,750,1370,124,58,45,-1,-1
41,16,751,1373,122,57,44,-1,-1
41,16,752,1376,120,57,44,-1,-1
41,16,753,1378,119,56,44,-1,-1
41,16,754,1379,118,56,44,-1,-1
41,16,755,1381,116,56,44,-1,-1
41,16,756,1383,114,55,43,-1,-1
41,16,757,1385,113,54,42,-1,-1
41,16,758,1388,112,53,42,-1,-1
41,16,759,1389,111,52,41,-1,-1
41,16,760,1391,109,52,41,-1,-1
41,16,761,1393,107,51,41,-1,-1
41,17,723,816,464,286,212,-1,-1
41,17,724,849,446,270,195,-1,-1
41,17,725,879,425,258,186,-1,-1
41,17,726,909,403,242,179,-1,-1
41,17,730,1001,353,201,144,-1,-1
41,17,731,1022,342,191,138,-1,-1
41,17,732,1039,331,185,132,-1,-1
41,17,733,1057,321,176,126,-1,-1
41,17,734,1074,311,170,121,-1,-1
41,17,735,1088,303,164,117,-1,-1
41,17,736,1101,293,158,113,-1,-1
41,17,737,1115,285,152,109,-1,-1
41,17,738,1126,278,147,105,-1,-1
41,17,739,1139,271,141,100,-1,-1
41,17,740,1151,263,135,99,-1,-1
41,17,741,1161,257,132,96,-1,-1
41,17,742,1170,250,128,93,-1,-1
41,17,743,1179,245,125,90,-1,-1
41,17,744,1188,239,121,88,-1,-1
41,17,745,1196,232,118,87,-1,-1
41,17,746,1206,229,114,83,-1,-1
41,17,747,1213,224,111,80,-1,-1
41,17,748,1219,219,111,79,-1,-1
41,17,749,1226,215,108,77,-1,-1
41,17,750,1233,211,105,75,-1,-1
41,17,751,1239,207,103,73,-1,-1
41,17,752,1245,202,101,73,-1,-1
41,17,753,1252,198,98,71,-1,-1
41,17,754,1258,195,94,69,-1,-1
41,17,755,1262,191,94,69,-1,-1
41,17,756,1268,187,91,68,-1,-1
41,17,757,1274,183,89,68,-1,-1
41,17,758,1278,180,87,67,-1,-1
41,17,759,1283,177,87,65,-1,-1
41,17,760,1286,174,85,64,-1,-1
41,17,761,1291,171,83,63,-1,-1
41,17,762,1295,168,82,62,-1,-1
41,17,763,1300,166,80,60,-1,-1
41,17,764,1304,163,81,59,-1,-1
41,17,765,1308,161,79,57,-1,-1
41,17,766,1311,158,77,56,-1,-1
41,17,767,1315,155,76,56,-1,-1
41,17,768,1319,153,74,55,-1,-1
41,17,769,1322,150,74,55,-1,-1
41,17,770,1326,148,73,55,-1,-1
41,17,771,1329,147,71,53,-1,-1
41,17,772,1331,145,70,52,-1,-1
41,17,773,1334,144,69,52,-1,-1
41,17,774,1337,142,68,51,-1,-1
41,17,775,1341,140,66,50,-1,-1
41,17,776,1344,138,67,50,-1,-1
41,17,777,1346,136,66,49,-1,-1
41,17,778,1348,134,64,49,-1,-1
41,17,779,1351,133,63,48,-1,-1
41,17,780,1354,131,62,48,-1,-1
41,17,781,1357,129,61,48,-1,-1
41,17,782,1358,128,60,47,-1,-1
41,17,783,1360,127,60,46,-1,-1
41,17,784,1362,126,59,45,-1,-1
41,17,785,1365,124,58,45,-1,-1
41,17,786,1367,122,58,45,-1,-1
41,17,787,1370,121,58,44,-1,-1
41,17,788,1372,119,57,44,-1,-1
41,17,789,1373,118,57,43,-1,-1
41,17,790,1375,117,57,43,-1,-1
41,17,791,1377,115,56,43,-1,-1
41,17,792,1379,113,56,43,-1,-1
41,17,793,1382,112,55,42,-1,-1
41,17,794,1384,111,54,41,-1,-1
41,17,795,1385,110,54,41,-1,-1
41,17,796,1387,109,53,40,-1,-1
41,17,797,1389,107,53,40,-1,-1
41,17,798,1391,106,53,40,-1,-1
41,18,755,879,392,279,224,-1,-1
41,18,756,908,372,265,214,-1,-1
41,18,757,934,359,252,202,-1,-1
41,18,758,962,346,240,193,-1,-1
41,18,759,985,333,227,183,-1,-1
41,18,760,1008,318,214,177,-1,-1
41,18,761,1027,307,204,169,-1,-1
41,18,762,1043,294,201,166,-1,-1
41,18,763,1062,287,189,156,-1,-1
41,18,764,1076,279,185,148,-1,-1
41,18,765,1091,271,179,143,-1,-1
41,18,766,1104,263,172,139,-1,-1
41,18,767,1118,253,165,135,-1,-1
41,18,768,1132,248,158,129,-1,-1
41,18,769,1143,241,154,123,-1,-1
41,18,770,1155,237,148,118,-1,-1
41,18,771,1165,231,142,113,-1,-1
41,18,772,1173,225,141,110,-1,-1
41,18,773,1184,220,134,106,-1,-1
41,18,774,1192,213,132,108,-1,-1
41,18,775,1202,214,129,97,-1,-1
41,18,776,1208,211,127,95,-1,-1
41,18,777,1218,212,121,87,-1,-1
41,18,778,1223,207,122,87,-1,-1
41,18,779,1232,201,117,88,-1,-1
41,18,780,1239,201,113,84,-1,-1
41,18,781,1243,194,113,83,-1,-1
41,18,782,1251,188,111,85,-1,-1
41,18,783,1256,183,108,85,-1,-1
41,18,784,1260,181,104,81,-1,-1
41,18,785,1266,177,102,82,-1,-1
41,18,786,1273,174,99,82,-1,-1
41,18,787,1276,169,100,84,-1,-1
41,18,788,1281,166,98,81,-1,-1
41,18,789,1286,160,94,87,-1,-1
41,18,790,1290,157,91,82,-1,-1
41,18,791,1293,153,91,84,-1,-1
41,18,792,1298,150,90,83,-1,-1
41,18,793,1302,147,88,82,-1,-1
41,18,794,1306,144,86,81,-1,-1
41,18,795,1308,142,85,80,-1,-1
41,18,796,1312,139,84,77,-1,-1
41,18,797,1316,137,81,76,-1,-1
41,18,798,1321,136,78,76,-1,-1
41,18,799,1324,133,79,76,-1,-1
41,18,800,1327,132,78,75,-1,-1
41,18,801,1331,130,75,74,-1,-1
41,18,802,1333,129,73,72,-1,-1
41,18,803,1336,127,74,70,-1,-1
41,18,804,1340,125,73,71,-1,-1
41,18,805,1342,124,71,69,-1,-1
41,18,806,1345,125,70,66,-1,-1
41,18,807,1348,124,68,66,-1,-1
41,18,808,1350,121,67,67,-1,-1
41,18,809,1352,118,66,67,-1,-1
41,18,810,1355,117,66,65,-1,-1
41,18,811,1357,116,65,64,-1,-1
41,18,812,1359,114,64,63,-1,-1
41,18,813,1360,112,63,63,-1,-1
41,18,814,1363,111,61,62,-1,-1
41,18,815,1366,111,60,60,-1,-1
41,18,816,1368,110,61,59,-1,-1
41,18,817,1370,110,61,58,-1,-1
41,18,818,1371,108,60,59,-1,-1
41,18,819,1372,106,59,59,-1,-1
41,18,820,1375,105,56,57,-1,-1
41,18,821,1377,104,58,56,-1,-1
41,18,822,1379,103,58,56,-1,-1
41,18,823,1382,103,57,55,-1,-1
41,18,824,1382,103,56,52,-1,-1
41,18,825,1383,102,55,52,-1,-1
41,18,826,1384,101,55,51,-1,-1
41,18,827,1388,101,54,50,-1,-1
41,18,828,1391,100,53,50,-1,-1
41,18,829,1391,100,52,48,-1,-1
41,18,830,1392,99,53,49,-1,-1
41,18,831,1393,98,53,49,-1,-1
41,18,832,1395,96,50,48,-1,-1
41,18,833,1397,94,50,48,-1,-1
41,18,834,1398,94,50,48,-1,-1
41,18,835,1399,93,50,47,-1,-1
41,18,836,1400,91,50,48,-1,-1
41,18,837,1401,90,50,48,-1,-1
41,18,838,1402,89,50,47,-1,-1
41,18,839,1404,89,49,46,-1,-1
41,18,840,1406,89,48,45,-1,-1
41,18,841,1407,89,48,44,-1,-1
41,18,842,1408,88,48,44,-1,-1
41,18,843,1410,87,47,44,-1,-1
41,18,844,1412,86,46,45,-1,-1
41,19,1799,898,436,286,239,-1,-1
41,19,1800,933,415,264,225,-1,-1
41,19,1801,957,399,251,212,-1,-1
41,19,1805,1040,341,213,176,-1,-1
41,19,1806,1057,330,207,169,-1,-1
41,19,1807,1074,320,197,160,-1,-1
41,19,1808,1091,311,185,154,-1,-1
41,19,1809,1100,302,183,149,-1,-1
41,19,1810,1115,294,178,140,-1,-1
41,19,1811,1127,284,172,133,-1,-1
41,19,1812,1140,278,167,127,-1,-1
41,19,1813,1151,269,159,126,-1,-1
41,19,1814,1163,261,153,125,-1,-1
41,19,1815,1170,254,152,124,-1,-1
41,19,1816,1178,249,148,116,-1,-1
41,19,1817,1189,240,143,114,-1,-1
41,19,1818,1196,236,140,113,-1,-1
41,19,1819,1205,230,134,112,-1,-1
41,19,1820,1211,224,131,109,-1,-1
41,19,1821,1221,218,124,110,-1,-1
41,19,1822,1227,215,123,100,-1,-1
41,19,1823,1235,211,120,99,-1,-1
41,19,1824,1241,204,117,103,-1,-1
41,19,1825,1246,200,117,102,-1,-1
41,19,1826,1254,198,112,101,-1,-1
41,19,1827,1259,195,109,96,-1,-1
41,19,1844,1329,144,82,74,-1,-1
41,19,1845,1333,143,80,72,-1,-1
41,19,1846,1336,141,80,71,-1,-1
41,19,1847,1339,139,78,70,-1,-1
41,19,1848,1343,137,76,68,-1,-1
41,19,1849,1345,136,74,67,-1,-1
41,19,1850,1348,134,73,66,-1,-1
41,19,1851,1351,132,73,66,-1,-1
41,19,1852,1354,129,72,65,-1,-1
41,19,1853,1356,128,71,64,-1,-1
41,19,1854,1358,128,70,62,-1,-1
41,19,1855,1360,126,69,61,-1,-1
41,19,1856,1362,123,68,62,-1,-1
41,19,1857,1365,121,68,61,-1,-1
41,19,1858,1368,120,67,58,-1,-1
41,19,1859,1371,119,66,57,-1,-1
41,19,1860,1373,118,66,57,-1,-1
41,19,1861,1375,116,65,57,-1,-1
41,19,1862,1378,115,63,54,-1,-1
41,19,1863,1380,114,63,54,-1,-1
41,19,1864,1381,113,63,54,-1,-1
41,19,1865,1383,112,63,53,-1,-1
41,19,1866,1384,110,62,53,-1,-1
41,19,1867,1386,108,61,53,-1,-1
41,19,1868,1389,107,60,52,-1,-1
41,19,1869,1391,106,60,52,-1,-1
41,19,1870,1392,105,60,51,-1,-1
41,19,1871,1394,104,60,51,-1,-1
41,19,1872,1395,103,59,50,-1,-1
41,19,1873,1396,102,58,51,-1,-1
41,19,1874,1398,100,57,50,-1,-1
41,19,1875,1400,100,56,49,-1,-1
41,19,1876,1402,99,56,48,-1,-1
41,19,1877,1403,99,56,46,-1,-1
41,19,1878,1405,98,55,46,-1,-1
41,19,1879,1407,97,53,46,-1,-1
41,19,1880,1408,96,54,45,-1,-1
41,19,1881,1410,94,53,45,-1,-1
41,19,1882,1412,94,52,45,-1,-1
41,19,1883,1413,94,52,44,-1,-1
41,19,1884,1414,93,52,43,-1,-1
41,19,1885,1415,92,51,43,-1,-1
41,19,1886,1417,91,50,43,-1,-1
41,19,1887,1417,90,51,43,-1,-1
41,19,1888,1418,89,51,43,-1,-1
41,19,1889,1420,88,50,43,-1,-1
41,19,1890,1421,88,50,42,-1,-1
41,20,2090,1208,448,233,211,-1,-1
41,20,2091,1226,422,220,194,-1,-1
41,20,2092,1240,396,209,185,-1,-1
41,20,2093,1249,375,204,172,-1,-1
41,20,2094,1272,360,184,160,-1,-1
41,20,2095,1285,343,174,152,-1,-1
41,20,2096,1294,330,168,142,-1,-1
41,20,2097,1306,318,159,132,-1,-1
41,20,2098,1313,306,155,125,-1,-1
41,20,2099,1321,294,150,119,-1,-1
41,20,2100,1327,284,147,114,-1,-1
41,20,2101,1337,273,142,109,-1,-1
41,20,2102,1347,265,134,106,-1,-1
41,20,2103,1352,255,128,104,-1,-1
41,20,2104,1357,246,124,100,-1,-1
41,20,2105,1364,238,118,96,-1,-1
41,20,2106,1369,232,115,93,-1,-1
41,20,2107,1376,226,111,89,-1,-1
41,20,2108,1380,221,106,85,-1,-1
41,20,2109,1384,215,103,82,-1,-1
41,20,2110,1387,208,102,82,-1,-1
41,20,2111,1391,202,99,79,-1,-1
41,20,2112,1395,198,97,77,-1,-1
41,20,2113,1400,193,94,75,-1,-1
41,20,2114,1403,187,93,75,-1,-1
41,20,2115,1406,184,90,73,-1,-1
41,20,2116,1407,179,90,72,-1,-1
41,20,2117,1409,175,88,70,-1,-1
41,20,2118,1412,172,87,67,-1,-1
41,20,2119,1416,167,85,66,-1,-1
41,20,2120,1419,165,84,64,-1,-1
41,20,2121,1421,161,82,61,-1,-1
41,20,2122,1424,157,78,61,-1,-1
41,20,2123,1427,153,77,60,-1,-1
41,20,2124,1430,152,75,58,-1,-1
41,20,2125,1433,148,75,57,-1,-1
41,20,2126,1435,146,74,56,-1,-1
41,20,2127,1435,143,73,55,-1,-1
41,20,2128,1437,141,72,54,-1,-1
41,20,2129,1439,138,70,52,-1,-1
41,20,2130,1442,136,67,50,-1,-1
41,20,2131,1445,133,66,51,-1,-1
41,20,2132,1446,131,65,50,-1,-1
41,20,2133,1446,129,65,49,-1,-1
41,20,2134,1448,127,64,48,-1,-1
41,20,2135,1450,124,63,48,-1,-1
41,20,2136,1453,123,62,48,-1,-1
41,20,2137,1455,122,60,47,-1,-1
41,20,2138,1456,120,59,46,-1,-1
41,20,2139,1456,118,59,45,-1,-1
41,20,2140,1457,116,58,45,-1,-1
41,20,2141,1458,114,57,45,-1,-1
41,20,2142,1460,112,57,44,-1,-1
41,20,2143,1462,110,57,45,-1,-1
41,20,2144,1463,109,57,45,-1,-1
41,20,2145,1464,107,57,44,-1,-1
41,20,2146,1465,106,56,43,-1,-1
41,20,2147,1466,105,55,42,-1,-1
41,20,2148,1468,104,54,41,-1,-1
41,20,2149,1470,103,53,40,-1,-1
41,20,2150,1470,101,53,40,-1,-1
41,20,2151,1471,100,52,39,-1,-1
41,20,2152,1472,98,51,39,-1,-1
41,23,1802,977,384,244,203,-1,-1
41,23,1803,1014,374,216,187,-1,-1
41,24,1949,767,516,301,213,-1,-1
41,24,1950,805,489,287,199,-1,-1
41,24,1951,849,463,263,182,-1,-1
41,24,1952,882,435,247,176,-1,-1
41,24,1953,911,417,236,167,-1,-1
41,24,1957,1014,356,191,134,-1,-1
41,24,1958,1036,343,182,128,-1,-1
41,24,1959,1054,333,174,120,-1,-1
41,24,1960,1069,319,169,118,-1,-1
41,24,1961,1087,309,162,113,-1,-1
41,24,1962,1103,299,157,112,-1,-1
41,24,1963,1117,290,151,107,-1,-1
41,24,1964,1132,282,144,101,-1,-1
41,24,1965,1143,273,139,98,-1,-1
41,24,1966,1155,265,133,95,-1,-1
41,24,1967,1165,258,131,92,-1,-1
41,24,1968,1180,252,124,89,-1,-1
41,24,1969,1188,246,121,86,-1,-1
41,24,1970,1198,239,117,84,-1,-1
41,24,1974,1232,216,106,78,-1,-1
41,24,1975,1239,213,104,75,-1,-1
41,24,1976,1246,208,101,73,-1,-1
41,24,1978,1259,199,95,70,-1,-1
41,24,1979,1265,195,92,67,-1,-1
41,24,1980,1272,191,90,67,-1,-1
41,24,1981,1277,186,88,67,-1,-1
41,24,1982,1281,183,88,66,-1,-1
41,24,1983,1287,178,85,65,-1,-1
41,24,1984,1292,175,83,64,-1,-1
41,24,1985,1297,171,82,62,-1,-1
41,24,1986,1303,167,79,62,-1,-1
41,24,1987,1307,164,78,61,-1,-1
41,24,1988,1312,161,76,59,-1,-1
41,24,1989,1315,158,75,58,-1,-1
41,24,1990,1320,156,74,57,-1,-1
41,24,1991,1324,153,73,57,-1,-1
41,24,1992,1329,151,71,55,-1,-1
41,24,1993,1333,148,69,54,-1,-1
41,24,1994,1336,146,68,53,-1,-1
41,24,1995,1339,145,66,52,-1,-1
41,24,1996,1342,143,67,52,-1,-1
41,24,1997,1346,140,66,51,-1,-1
41,24,1998,1349,138,64,50,-1,-1
41,24,1999,1352,136,63,50,-1,-1
41,24,2000,1354,135,63,48,-1,-1
41,24,2001,1357,133,62,48,-1,-1
41,24,2002,1361,130,60,48,-1,-1
41,24,2003,1364,128,60,47,-1,-1
41,24,2004,1367,126,59,46,-1,-1
41,24,2005,1369,125,58,46,-1,-1
41,24,2006,1372,123,57,45,-1,-1
41,24,2007,1374,121,56,45,-1,-1
41,24,2008,1376,120,57,45,-1,-1
41,24,2009,1379,119,56,44,-1,-1
41,24,2010,1382,117,55,44,-1,-1
41,24,2011,1384,115,54,44,-1,-1
41,24,2012,1385,114,53,43,-1,-1
41,24,2013,1387,113,53,42,-1,-1
41,24,2014,1390,111,52,42,-1,-1
41,24,2015,1393,110,51,41,-1,-1
41,24,2016,1395,108,51,41,-1,-1
41,24,2017,1396,107,50,41,-1,-1
41,25,1210,868,460,278,198,-1,-1
41,25,1211,904,440,260,182,-1,-1
41,25,1212,934,414,246,173,-1,-1
41,25,1213,973,394,222,160,-1,-1
41,25,1214,996,374,214,155,-1,-1
41,25,1215,1016,358,209,145,-1,-1
41,25,1216,1042,345,195,135,-1,-1
41,25,1217,1061,333,187,131,-1,-1
41,25,1218,1080,319,178,130,-1,-1
41,25,1219,1098,308,169,124,-1,-1
41,25,1220,1111,297,166,119,-1,-1
41,25,1221,1128,288,157,115,-1,-1
41,25,1222,1144,278,149,109,-1,-1
41,25,1223,1156,270,145,105,-1,-1
41,25,1224,1168,259,137,106,-1,-1
41,25,1225,1178,253,132,101,-1,-1
41,25,1226,1188,245,129,98,-1,-1
41,25,1227,1199,238,126,96,-1,-1
41,25,1228,1211,230,121,94,-1,-1
41,25,1229,1220,223,116,93,-1,-1
41,25,1230,1228,220,112,89,-1,-1
41,25,1231,1235,214,111,86,-1,-1
41,25,1232,1243,209,107,83,-1,-1
41,25,1233,1251,205,104,80,-1,-1
41,25,1234,1259,199,103,80,-1,-1
41,25,1235,1265,195,99,78,-1,-1
41,25,1236,1270,190,97,76,-1,-1
41,25,1237,1276,184,94,78,-1,-1
41,25,1238,1282,182,93,74,-1,-1
41,25,1239,1289,178,90,73,-1,-1
41,25,1240,1294,173,90,72,-1,-1
41,25,1241,1300,168,86,73,-1,-1
41,25,1242,1302,166,86,71,-1,-1
41,25,1243,1306,162,85,69,-1,-1
41,25,1244,1312,160,83,67,-1,-1
41,25,1245,1318,156,80,66,-1,-1
41,25,1246,1322,153,79,65,-1,-1
41,25,1247,1325,149,78,64,-1,-1
41,25,1248,1328,146,77,63,-1,-1
41,25,1249,1332,143,75,63,-1,-1
41,25,1250,1337,141,73,62,-1,-1
41,25,1251,1341,140,73,61,-1,-1
41,25,1252,1345,137,72,59,-1,-1
41,25,1253,1348,136,70,57,-1,-1
41,25,1254,1350,134,69,56,-1,-1
41,25,1255,1353,132,68,56,-1,-1
41,25,1256,1357,130,67,55,-1,-1
41,25,1257,1361,128,66,54,-1,-1
41,25,1258,1364,126,65,54,-1,-1
41,25,1259,1366,123,64,53,-1,-1
41,25,1260,1368,122,63,51,-1,-1
41,25,1261,1371,120,62,52,-1,-1
41,25,1262,1374,118,61,52,-1,-1
41,25,1263,1378,116,59,50,-1,-1
41,25,1264,1380,115,59,49,-1,-1
41,25,1265,1382,113,58,48,-1,-1
41,25,1266,1383,112,59,47,-1,-1
41,25,1267,1385,111,59,47,-1,-1
41,25,1268,1389,109,57,47,-1,-1
41,25,1269,1392,107,57,47,-1,-1
41,25,1270,1394,106,56,46,-1,-1
41,25,1271,1396,105,54,45,-1,-1
41,25,1272,1397,104,53,45,-1,-1
41,25,1273,1399,102,52,44,-1,-1
41,25,1274,1402,101,51,43,-1,-1
41,25,1275,1405,100,51,43,-1,-1
41,25,1276,1406,98,51,43,-1,-1
41,25,1277,1407,97,51,42,-1,-1
41,25,1278,1408,96,50,42,-1,-1
41,25,1279,1410,94,50,42,-1,-1
41,29,2271,1278,337,211,225,-1,-1
41,29,2272,1288,320,202,206,-1,-1
41,29,2273,1301,297,191,194,-1,-1
41,29,2274,1318,284,176,181,-1,-1
41,29,2275,1330,272,166,168,-1,-1
41,29,2276,1339,258,164,162,-1,-1
41,29,2277,1349,247,152,154,-1,-1
41,29,2278,1359,235,145,148,-1,-1
41,29,2279,1363,226,143,142,-1,-1
41,29,2280,1370,222,136,131,-1,-1
41,29,2281,1378,213,128,125,-1,-1
41,29,2282,1386,206,122,118,-1,-1
41,29,2283,1392,198,117,116,-1,-1
41,29,2284,1396,191,115,110,-1,-1
41,29,2285,1401,184,110,108,-1,-1
41,29,2286,1404,179,108,103,-1,-1
41,29,2287,1408,174,106,100,-1,-1
41,29,2288,1412,169,104,96,-1,-1
41,29,2289,1415,164,101,93,-1,-1
41,29,2290,1419,159,98,91,-1,-1
41,29,2291,1423,155,93,88,-1,-1
41,29,2292,1426,150,91,86,-1,-1
41,29,2293,1430,146,89,84,-1,-1
41,29,2294,1432,143,90,81,-1,-1
41,29,2295,1436,141,88,78,-1,-1
41,29,2296,1438,137,85,75,-1,-1
41,29,2297,1441,135,83,72,-1,-1
41,29,2298,1443,131,80,72,-1,-1
41,29,2299,1446,128,78,70,-1,-1
41,29,2300,1449,126,76,68,-1,-1
41,29,2301,1452,123,74,66,-1,-1
41,29,2302,1453,121,72,65,-1,-1
41,29,2303,1454,119,72,62,-1,-1
41,29,2304,1456,117,70,60,-1,-1
41,29,2305,1459,115,68,59,-1,-1
41,29,2306,1461,113,67,58,-1,-1
41,29,2307,1462,110,67,58,-1,-1
41,29,2308,1463,108,66,57,-1,-1
41,29,2309,1464,106,65,56,-1,-1
41,29,2310,1465,104,64,55,-1,-1
41,29,2311,1467,103,63,53,-1,-1
41,29,2312,1470,101,62,53,-1,-1
41,29,2313,1472,100,60,52,-1,-1
41,29,2314,1473,98,59,51,-1,-1
41,29,2315,1474,96,58,50,-1,-1
41,29,2316,1476,95,57,49,-1,-1
41,29,2317,1477,94,56,49,-1,-1
41,29,2318,1479,92,55,48,-1,-1
41,29,2319,1480,91,54,47,-1,-1
41,29,2320,1481,89,54,47,-1,-1
41,29,2321,1482,88,52,46,-1,-1
41,29,2322,1484,86,51,46,-1,-1
41,29,2323,1485,85,50,45,-1,-1
41,29,2324,1487,84,49,44,-1,-1
41,29,2325,1488,83,49,44,-1,-1
41,29,2326,1488,82,49,43,-1,-1
41,29,2327,1488,80,49,43,-1,-1
41,29,2328,1489,78,49,43,-1,-1
