42,1,174,115,624,727,435,-1,-1
42,1,175,264,591,622,435,-1,-1
42,1,176,363,543,568,414,-1,-1
42,1,177,464,494,499,394,-1,-1
42,1,178,550,457,443,353,-1,-1
42,1,179,614,441,409,315,-1,-1
42,1,180,667,428,387,271,-1,-1
42,1,181,719,384,354,258,-1,-1
42,1,182,764,369,337,246,-1,-1
42,1,183,811,355,307,218,-1,-1
42,1,184,847,337,292,200,-1,-1
42,1,185,887,318,265,192,-1,-1
42,1,186,918,303,250,175,-1,-1
42,1,187,941,287,238,167,-1,-1
42,1,188,970,276,227,159,-1,-1
42,1,189,996,267,216,151,-1,-1
42,1,190,1015,253,205,146,-1,-1
42,1,191,1037,239,195,146,-1,-1
42,1,192,1052,231,189,134,-1,-1
42,1,193,1072,222,181,129,-1,-1
42,1,194,1089,214,173,130,-1,-1
42,1,195,1105,205,163,121,-1,-1
42,1,196,1117,196,160,121,-1,-1
42,1,197,1129,186,160,121,-1,-1
42,1,198,1146,180,147,112,-1,-1
42,1,199,1156,176,147,112,-1,-1
42,1,200,1163,167,142,112,-1,-1
42,1,201,1173,162,142,112,-1,-1
42,1,202,1186,156,133,101,-1,-1
42,1,203,1195,151,129,98,-1,-1
42,1,204,1200,147,131,99,-1,-1
42,1,205,1208,139,127,95,-1,-1
42,1,206,1222,137,120,92,-1,-1
42,1,207,1228,137,120,92,-1,-1
42,1,208,1241,132,110,83,-1,-1
42,1,209,1243,126,110,83,-1,-1
42,1,210,1248,123,110,83,-1,-1
42,1,211,1255,118,110,83,-1,-1
42,1,212,1265,112,104,86,-1,-1
42,1,213,1268,108,104,86,-1,-1
42,1,214,1276,108,96,77,-1,-1
42,1,215,1280,106,99,71,-1,-1
42,1,216,1285,104,99,71,-1,-1
42,1,217,1293,98,93,70,-1,-1
42,1,218,1295,97,93,70,-1,-1
42,1,219,1299,93,93,70,-1,-1
42,1,220,1305,91,88,68,-1,-1
42,1,221,1311,90,88,68,-1,-1
42,1,222,1314,86,88,68,-1,-1
42,1,223,1319,88,81,62,-1,-1
42,1,224,1321,85,81,62,-1,-1
42,1,225,1325,81,81,62,-1,-1
42,1,226,1330,79,81,62,-1,-1
42,1,227,1332,77,81,62,-1,-1
42,1,228,1336,73,78,61,-1,-1
42,1,229,1340,73,75,59,-1,-1
42,1,230,1345,71,75,59,-1,-1
42,1,231,1348,67,75,59,-1,-1
42,1,232,1352,66,70,59,-1,-1
42,1,233,1354,63,70,59,-1,-1
42,1,234,1356,64,70,59,-1,-1
42,1,235,1360,62,70,59,-1,-1
42,1,236,1364,58,70,59,-1,-1
42,1,237,1368,60,64,53,-1,-1
42,1,238,1369,57,64,53,-1,-1
42,1,239,1371,59,65,49,-1,-1
42,1,240,1375,54,66,52,-1,-1
42,1,241,1377,53,64,53,-1,-1
42,1,242,1379,51,63,51,-1,-1
42,1,243,1380,51,63,51,-1,-1
42,1,244,1382,49,63,51,-1,-1
42,1,245,1385,47,63,51,-1,-1
42,1,246,1387,45,63,51,-1,-1
42,1,247,1388,45,63,51,-1,-1
42,1,248,1391,43,60,47,-1,-1
42,1,249,1395,43,60,49,-1,-1
42,1,250,1398,43,57,46,-1,-1
42,1,251,1399,41,57,46,-1,-1
42,1,252,1399,38,57,46,-1,-1
42,1,253,1400,38,57,46,-1,-1
42,1,254,1405,38,57,44,-1,-1
42,1,255,1406,36,57,46,-1,-1
42,1,256,1409,37,54,44,-1,-1
42,1,257,1410,35,54,42,-1,-1
42,1,258,1412,33,54,41,-1,-1
42,1,259,1414,34,53,41,-1,-1
42,1,260,1419,32,49,41,-1,-1
42,1,261,1418,31,51,39,-1,-1
42,1,262,1420,31,51,39,-1,-1
42,1,263,1420,30,50,40,-1,-1
42,1,264,1424,29,49,38,-1,-1
42,1,265,1425,29,46,37,-1,-1
42,2,204,837,588,506,492,-1,-1
42,2,205,908,551,455,462,-1,-1
42,2,206,973,502,399,403,-1,-1
42,2,207,1018,473,365,349,-1,-1
42,2,208,1067,440,328,313,-1,-1
42,2,209,1104,404,300,304,-1,-1
42,2,210,1127,373,285,283,-1,-1
42,2,211,1157,354,261,254,-1,-1
42,2,212,1175,336,255,225,-1,-1
42,2,213,1196,322,238,214,-1,-1
42,2,214,1209,308,230,190,-1,-1
42,2,215,1233,293,210,179,-1,-1
42,2,216,1254,277,195,168,-1,-1
42,2,217,1263,262,196,161,-1,-1
42,2,218,1272,246,189,160,-1,-1
42,2,219,1291,235,171,157,-1,-1
42,2,220,1300,229,163,142,-1,-1
42,2,221,1309,217,162,143,-1,-1
42,2,222,1318,208,158,137,-1,-1
42,2,223,1321,202,154,127,-1,-1
42,2,224,1330,191,148,128,-1,-1
42,2,225,1336,185,146,121,-1,-1
42,2,226,1346,176,141,118,-1,-1
42,2,227,1353,171,136,109,-1,-1
42,2,228,1355,165,136,109,-1,-1
42,2,229,1354,158,136,109,-1,-1
42,2,230,1370,151,126,105,-1,-1
42,2,231,1377,152,120,96,-1,-1
42,2,232,1382,141,118,97,-1,-1
42,2,233,1383,137,117,98,-1,-1
42,2,234,1389,137,112,89,-1,-1
42,2,235,1395,129,107,90,-1,-1
42,2,236,1396,123,107,90,-1,-1
42,2,237,1400,118,107,90,-1,-1
42,2,238,1405,115,104,85,-1,-1
42,2,239,1408,113,101,80,-1,-1
42,2,240,1412,112,97,74,-1,-1
42,2,241,1414,109,97,74,-1,-1
42,2,242,1416,103,97,74,-1,-1
42,2,243,1417,100,97,74,-1,-1
42,2,244,1424,97,90,75,-1,-1
42,2,245,1427,92,90,75,-1,-1
42,2,246,1429,90,90,75,-1,-1
42,2,247,1430,87,85,70,-1,-1
42,2,248,1431,84,85,70,-1,-1
42,2,249,1436,83,81,67,-1,-1
42,2,250,1439,84,81,67,-1,-1
42,2,251,1439,80,81,67,-1,-1
42,2,252,1441,77,80,62,-1,-1
42,2,253,1445,77,75,60,-1,-1
42,2,254,1446,75,75,60,-1,-1
42,2,255,1447,71,75,60,-1,-1
42,2,256,1448,69,75,60,-1,-1
42,2,257,1449,65,75,60,-1,-1
42,2,258,1453,62,75,60,-1,-1
42,2,259,1452,59,75,60,-1,-1
42,2,260,1457,60,71,58,-1,-1
42,2,261,1456,57,71,58,-1,-1
42,2,262,1457,57,71,58,-1,-1
42,2,263,1458,54,71,58,-1,-1
42,2,264,1464,54,66,54,-1,-1
42,2,265,1464,52,66,54,-1,-1
42,2,266,1464,50,66,55,-1,-1
42,2,267,1466,52,65,50,-1,-1
42,2,268,1469,51,62,49,-1,-1
42,2,269,1471,49,62,49,-1,-1
42,2,270,1472,48,62,48,-1,-1
42,2,271,1471,47,61,48,-1,-1
42,2,272,1473,47,57,47,-1,-1
42,3,496,803,76,711,982,-1,-1
42,3,497,881,75,634,889,-1,-1
42,3,498,924,65,591,826,-1,-1
42,3,499,956,66,562,768,-1,-1
42,3,500,1000,60,516,698,-1,-1
42,3,501,1030,60,484,664,-1,-1
42,3,502,1059,51,458,623,-1,-1
42,3,503,1093,47,425,594,-1,-1
42,3,504,1110,48,412,557,-1,-1
42,3,505,1121,48,397,527,-1,-1
42,3,506,1135,43,388,502,-1,-1
42,3,507,1159,41,364,483,-1,-1
42,3,508,1175,36,348,466,-1,-1
42,3,509,1194,38,330,436,-1,-1
42,3,510,1200,31,330,436,-1,-1
42,3,511,1223,29,302,408,-1,-1
42,3,512,1232,30,298,392,-1,-1
42,3,513,1240,27,286,381,-1,-1
42,3,514,1250,26,277,366,-1,-1
42,3,515,1260,26,266,354,-1,-1
42,3,516,1269,24,258,349,-1,-1
42,3,517,1278,22,252,344,-1,-1
42,3,518,1286,22,245,331,-1,-1
42,3,519,1291,20,240,310,-1,-1
42,3,520,1300,20,229,294,-1,-1
42,3,521,1305,17,225,294,-1,-1
42,3,522,1313,18,220,283,-1,-1
42,3,523,1321,14,212,282,-1,-1
42,3,524,1322,12,211,277,-1,-1
42,3,525,1328,14,207,261,-1,-1
42,3,526,1335,9,200,260,-1,-1
42,3,527,1340,10,195,255,-1,-1
42,3,528,1341,8,195,255,-1,-1
42,3,529,1349,8,186,243,-1,-1
42,3,530,1353,7,181,237,-1,-1
42,3,531,1359,6,177,228,-1,-1
42,3,532,1361,4,173,226,-1,-1
42,3,533,1367,4,170,219,-1,-1
42,3,534,1369,5,171,213,-1,-1
42,3,535,1371,2,165,214,-1,-1
42,3,536,1374,0,165,215,-1,-1
42,3,537,1376,0,164,204,-1,-1
42,3,538,1380,0,159,202,-1,-1
42,3,539,1384,0,159,201,-1,-1
42,3,540,1385,0,154,193,-1,-1
42,3,541,1391,2,149,186,-1,-1
42,3,542,1396,2,145,183,-1,-1
42,3,543,1400,1,142,181,-1,-1
42,3,544,1399,0,142,175,-1,-1
42,4,589,239,640,620,440,-1,-1
42,4,590,328,613,587,446,-1,-1
42,4,591,407,553,546,456,-1,-1
42,4,592,484,518,495,445,-1,-1
42,4,593,546,474,466,332,-1,-1
42,4,594,604,458,435,304,-1,-1
42,4,595,668,425,389,305,-1,-1
42,4,596,718,403,365,277,-1,-1
42,4,597,756,386,348,264,-1,-1
42,4,598,792,366,331,233,-1,-1
42,4,599,829,349,307,212,-1,-1
42,4,600,855,333,299,211,-1,-1
42,4,601,892,308,276,201,-1,-1
42,4,602,920,300,258,189,-1,-1
42,4,603,947,285,248,182,-1,-1
42,4,604,970,273,234,180,-1,-1
42,4,605,993,261,224,165,-1,-1
42,4,606,1014,250,214,157,-1,-1
42,4,607,1030,238,208,154,-1,-1
42,4,608,1051,227,195,157,-1,-1
42,4,609,1067,220,185,144,-1,-1
42,4,610,1079,211,184,145,-1,-1
42,4,611,1096,203,174,136,-1,-1
42,4,612,1109,197,167,135,-1,-1
42,4,613,1121,188,162,129,-1,-1
42,4,614,1130,183,162,129,-1,-1
42,4,615,1142,179,156,118,-1,-1
42,4,616,1154,172,151,117,-1,-1
42,4,617,1167,167,143,115,-1,-1
42,4,618,1176,162,138,111,-1,-1
42,4,619,1184,154,138,111,-1,-1
42,4,620,1191,152,134,106,-1,-1
42,4,621,1199,151,131,99,-1,-1
42,4,622,1208,144,128,99,-1,-1
42,4,623,1214,142,128,99,-1,-1
42,4,624,1220,136,124,98,-1,-1
42,4,625,1229,135,119,92,-1,-1
42,4,626,1234,131,119,92,-1,-1
42,4,627,1243,130,113,85,-1,-1
42,4,628,1246,123,113,85,-1,-1
42,4,629,1253,119,111,86,-1,-1
42,4,630,1260,115,109,87,-1,-1
42,4,631,1266,112,103,84,-1,-1
42,4,632,1272,109,103,84,-1,-1
42,4,633,1274,107,103,84,-1,-1
42,4,634,1278,102,103,84,-1,-1
42,4,635,1285,99,98,79,-1,-1
42,4,636,1288,97,98,79,-1,-1
42,4,637,1294,97,98,79,-1,-1
42,4,638,1299,94,91,69,-1,-1
42,4,639,1302,94,91,69,-1,-1
42,4,640,1305,91,91,69,-1,-1
42,4,641,1309,92,91,69,-1,-1
42,4,642,1313,89,90,68,-1,-1
42,4,643,1314,85,90,68,-1,-1
42,4,644,1318,83,88,67,-1,-1
42,4,645,1323,79,84,66,-1,-1
42,4,646,1328,81,84,66,-1,-1
42,4,647,1330,80,84,66,-1,-1
42,4,648,1334,75,84,66,-1,-1
42,4,649,1337,74,81,61,-1,-1
42,4,650,1339,72,79,61,-1,-1
42,4,651,1341,70,79,61,-1,-1
42,4,652,1344,68,79,61,-1,-1
42,4,653,1346,68,79,61,-1,-1
42,4,654,1348,65,79,61,-1,-1
42,4,655,1351,63,79,61,-1,-1
42,4,656,1357,60,74,63,-1,-1
42,4,657,1359,60,72,60,-1,-1
42,4,658,1360,59,72,60,-1,-1
42,4,659,1363,57,72,60,-1,-1
42,4,660,1366,57,72,56,-1,-1
42,4,661,1367,56,72,56,-1,-1
42,4,662,1369,54,72,56,-1,-1
42,4,663,1372,53,72,56,-1,-1
42,4,664,1374,52,66,56,-1,-1
42,4,665,1379,50,66,56,-1,-1
42,4,666,1380,49,66,56,-1,-1
42,4,667,1381,47,66,56,-1,-1
42,4,668,1383,46,66,56,-1,-1
42,4,669,1385,44,66,56,-1,-1
42,4,670,1388,44,65,53,-1,-1
42,4,671,1390,43,65,53,-1,-1
42,4,672,1391,42,65,53,-1,-1
42,4,673,1393,41,62,50,-1,-1
42,4,674,1395,40,62,50,-1,-1
42,4,675,1397,40,62,50,-1,-1
42,4,676,1398,39,62,50,-1,-1
42,4,677,1400,37,62,50,-1,-1
42,4,678,1402,35,62,50,-1,-1
42,4,679,1403,37,62,50,-1,-1
42,4,680,1405,35,62,50,-1,-1
42,4,681,1406,33,62,50,-1,-1
42,4,682,1409,33,58,47,-1,-1
42,4,683,1411,33,58,47,-1,-1
42,4,684,1413,32,58,47,-1,-1
42,4,685,1412,32,58,47,-1,-1
42,4,686,1413,30,58,47,-1,-1
42,4,687,1416,30,56,45,-1,-1
42,4,688,1419,29,56,45,-1,-1
42,4,689,1420,29,56,45,-1,-1
42,4,690,1421,28,56,45,-1,-1
42,4,691,1421,25,56,45,-1,-1
42,4,692,1422,24,56,45,-1,-1
42,4,693,1423,24,56,45,-1,-1
42,4,694,1426,24,56,45,-1,-1
42,4,695,1425,21,56,45,-1,-1
42,4,696,1430,24,50,41,-1,-1
42,4,697,1431,23,50,41,-1,-1
42,4,698,1432,24,50,41,-1,-1
42,5,745,877,546,504,534,-1,-1
42,5,746,945,513,450,487,-1,-1
42,5,747,989,484,418,427,-1,-1
42,5,748,1028,450,383,392,-1,-1
42,5,749,1066,418,356,369,-1,-1
42,5,750,1091,398,333,334,-1,-1
42,5,751,1119,369,314,322,-1,-1
42,5,752,1142,347,289,297,-1,-1
42,5,753,1163,328,278,282,-1,-1
42,5,754,1179,316,269,265,-1,-1
42,5,755,1202,306,247,245,-1,-1
42,5,756,1212,294,245,233,-1,-1
42,5,757,1228,286,230,207,-1,-1
42,5,758,1244,264,220,211,-1,-1
42,5,759,1247,249,220,211,-1,-1
42,5,760,1263,238,201,210,-1,-1
42,5,761,1273,235,198,182,-1,-1
42,5,762,1291,223,179,178,-1,-1
42,5,763,1296,216,179,178,-1,-1
42,5,764,1305,206,173,178,-1,-1
42,5,765,1317,201,161,174,-1,-1
42,5,766,1325,195,156,157,-1,-1
42,5,767,1324,183,156,157,-1,-1
42,5,768,1325,176,156,157,-1,-1
42,5,769,1335,173,152,148,-1,-1
42,5,770,1342,171,144,130,-1,-1
42,5,771,1346,165,144,130,-1,-1
42,5,772,1345,154,144,130,-1,-1
42,5,773,1356,155,135,123,-1,-1
42,5,774,1360,154,135,121,-1,-1
42,5,775,1359,154,135,113,-1,-1
42,5,776,1372,153,122,105,-1,-1
42,5,777,1376,142,122,105,-1,-1
42,5,778,1380,138,114,105,-1,-1
42,5,779,1383,131,114,105,-1,-1
42,5,780,1387,132,114,101,-1,-1
42,5,781,1387,130,114,101,-1,-1
42,5,782,1388,123,114,101,-1,-1
42,5,783,1396,127,104,85,-1,-1
42,5,784,1398,117,104,85,-1,-1
42,5,785,1404,116,101,86,-1,-1
42,5,786,1403,115,97,85,-1,-1
42,5,787,1405,109,97,85,-1,-1
42,5,788,1411,111,98,76,-1,-1
42,5,789,1412,104,98,76,-1,-1
42,5,790,1415,101,97,77,-1,-1
42,5,791,1416,99,97,77,-1,-1
42,5,792,1413,97,97,77,-1,-1
42,5,793,1417,92,97,77,-1,-1
42,5,794,1423,94,91,72,-1,-1
42,5,795,1422,91,91,72,-1,-1
42,5,796,1428,89,85,72,-1,-1
42,5,797,1428,83,85,72,-1,-1
42,5,798,1431,80,85,72,-1,-1
42,5,799,1435,78,85,72,-1,-1
42,5,800,1432,75,85,72,-1,-1
42,5,801,1434,72,85,72,-1,-1
42,5,802,1435,72,85,72,-1,-1
42,5,803,1440,71,82,68,-1,-1
42,5,804,1439,69,82,68,-1,-1
42,5,805,1439,66,82,68,-1,-1
42,5,806,1443,65,82,68,-1,-1
42,5,807,1442,63,82,68,-1,-1
42,5,808,1447,62,78,66,-1,-1
42,5,809,1448,60,78,66,-1,-1
42,5,810,1450,60,78,61,-1,-1
42,5,811,1449,57,78,61,-1,-1
42,5,812,1450,57,78,61,-1,-1
42,5,813,1457,53,71,62,-1,-1
42,5,814,1455,51,71,62,-1,-1
42,5,815,1455,50,71,62,-1,-1
42,5,816,1460,49,69,62,-1,-1
42,5,817,1457,48,69,62,-1,-1
42,5,818,1460,46,69,62,-1,-1
42,5,819,1460,50,69,62,-1,-1
42,5,820,1460,43,69,62,-1,-1
42,5,821,1463,40,69,62,-1,-1
42,5,822,1465,41,69,62,-1,-1
42,5,823,1470,40,62,59,-1,-1
42,5,824,1470,38,62,59,-1,-1
42,5,825,1468,36,62,59,-1,-1
42,5,826,1470,40,62,59,-1,-1
42,5,827,1473,38,62,56,-1,-1
42,5,828,1471,37,62,56,-1,-1
42,5,829,1474,35,62,56,-1,-1
42,5,830,1478,35,60,50,-1,-1
42,5,831,1476,34,60,50,-1,-1
42,5,832,1479,34,60,50,-1,-1
42,5,833,1479,34,56,48,-1,-1
42,5,834,1479,36,56,48,-1,-1
42,5,835,1478,33,56,48,-1,-1
42,5,836,1482,29,56,48,-1,-1
42,5,837,1483,30,56,48,-1,-1
42,5,838,1482,31,56,48,-1,-1
42,5,839,1482,31,56,48,-1,-1
42,5,840,1483,25,56,48,-1,-1
42,5,841,1484,28,56,48,-1,-1
42,5,842,1484,24,56,48,-1,-1
42,5,843,1487,24,56,48,-1,-1
42,5,844,1483,21,56,48,-1,-1
42,6,756,241,662,601,406,-1,-1
42,6,757,340,630,539,352,-1,-1
42,6,758,404,578,493,361,-1,-1
42,6,759,471,547,470,344,-1,-1
42,6,760,562,515,430,286,-1,-1
42,6,761,631,478,379,273,-1,-1
42,6,762,685,453,361,260,-1,-1
42,6,763,724,425,340,233,-1,-1
42,6,764,775,400,319,223,-1,-1
42,6,765,817,379,285,209,-1,-1
42,6,766,853,361,275,197,-1,-1
42,6,767,889,344,255,184,-1,-1
42,6,768,914,328,245,180,-1,-1
42,6,769,943,314,233,166,-1,-1
42,6,770,955,290,231,169,-1,-1
42,6,771,984,284,215,156,-1,-1
42,6,772,1003,277,215,156,-1,-1
42,6,773,1025,261,205,149,-1,-1
42,6,774,1048,251,187,140,-1,-1
42,6,775,1069,237,174,133,-1,-1
42,6,776,1083,235,174,124,-1,-1
42,6,777,1099,223,166,118,-1,-1
42,6,778,1113,212,155,120,-1,-1
42,6,779,1131,208,148,114,-1,-1
42,6,780,1141,199,148,114,-1,-1
42,6,781,1148,194,148,114,-1,-1
42,6,782,1155,185,148,114,-1,-1
42,6,783,1169,181,139,102,-1,-1
42,6,784,1176,174,139,102,-1,-1
42,6,785,1188,166,132,98,-1,-1
42,6,786,1199,163,125,96,-1,-1
42,6,787,1205,158,125,96,-1,-1
42,6,788,1217,154,115,84,-1,-1
42,6,789,1226,149,115,84,-1,-1
42,6,790,1230,146,115,84,-1,-1
42,6,791,1238,141,109,84,-1,-1
42,6,792,1244,138,109,84,-1,-1
42,6,793,1251,131,109,84,-1,-1
42,6,794,1260,131,100,77,-1,-1
42,6,795,1266,124,100,77,-1,-1
42,6,796,1269,121,100,77,-1,-1
42,6,797,1274,118,100,77,-1,-1
42,6,798,1280,116,100,77,-1,-1
42,6,799,1285,113,93,67,-1,-1
42,6,800,1291,112,93,67,-1,-1
42,6,801,1293,109,93,67,-1,-1
42,6,802,1295,104,93,67,-1,-1
42,6,803,1301,100,93,67,-1,-1
42,6,804,1307,96,86,67,-1,-1
42,6,805,1313,94,86,67,-1,-1
42,6,806,1313,91,86,67,-1,-1
42,6,807,1322,91,82,64,-1,-1
42,6,808,1324,87,82,64,-1,-1
42,6,809,1328,85,82,64,-1,-1
42,6,810,1329,85,82,58,-1,-1
42,6,811,1333,83,82,58,-1,-1
42,6,812,1340,81,78,55,-1,-1
42,6,813,1341,78,78,55,-1,-1
42,6,814,1343,75,78,55,-1,-1
42,6,815,1345,75,78,55,-1,-1
42,6,816,1350,74,76,45,-1,-1
42,6,817,1353,73,76,45,-1,-1
42,6,818,1355,70,76,45,-1,-1
42,6,819,1357,75,76,45,-1,-1
42,6,820,1360,67,76,45,-1,-1
42,6,821,1363,66,70,46,-1,-1
42,6,822,1366,65,70,46,-1,-1
42,6,823,1369,63,70,46,-1,-1
42,6,824,1371,63,70,46,-1,-1
42,6,825,1369,60,70,46,-1,-1
42,6,826,1371,61,70,46,-1,-1
42,6,827,1373,57,70,46,-1,-1
42,6,828,1377,56,70,46,-1,-1
42,6,829,1377,53,70,46,-1,-1
42,6,830,1380,53,70,46,-1,-1
42,6,831,1381,51,70,46,-1,-1
42,6,832,1386,51,70,46,-1,-1
42,6,833,1387,52,70,46,-1,-1
42,6,834,1386,52,70,46,-1,-1
42,6,835,1389,51,67,44,-1,-1
42,6,836,1393,46,67,44,-1,-1
42,6,837,1396,46,64,42,-1,-1
42,6,838,1395,49,64,42,-1,-1
42,6,839,1395,48,64,42,-1,-1
42,6,840,1397,45,64,42,-1,-1
42,6,841,1401,45,61,40,-1,-1
42,6,842,1401,45,61,40,-1,-1
42,6,843,1402,43,61,40,-1,-1
42,6,844,1402,42,61,40,-1,-1
42,7,782,716,558,538,522,-1,-1
42,7,783,790,513,478,458,-1,-1
42,7,784,845,476,437,414,-1,-1
42,7,785,899,445,395,368,-1,-1
42,7,786,949,412,352,333,-1,-1
42,7,787,983,391,330,304,-1,-1
42,7,788,1012,360,307,283,-1,-1
42,7,789,1042,344,287,259,-1,-1
42,7,790,1067,327,266,243,-1,-1
42,7,791,1087,309,253,231,-1,-1
42,7,792,1107,291,240,214,-1,-1
42,7,793,1125,275,229,204,-1,-1
42,7,794,1142,263,215,189,-1,-1
42,7,795,1156,255,204,182,-1,-1
42,7,796,1169,242,193,178,-1,-1
42,7,797,1180,227,185,173,-1,-1
42,7,798,1191,219,187,159,-1,-1
42,7,799,1200,214,178,151,-1,-1
42,7,800,1211,206,170,144,-1,-1
42,7,801,1218,196,170,144,-1,-1
42,7,802,1226,188,160,137,-1,-1
42,7,803,1238,179,153,134,-1,-1
42,7,804,1239,176,152,127,-1,-1
42,7,805,1250,167,143,129,-1,-1
42,7,806,1257,162,137,123,-1,-1
42,7,807,1259,155,137,123,-1,-1
42,7,808,1266,150,135,111,-1,-1
42,7,809,1273,147,129,107,-1,-1
42,7,810,1278,139,125,107,-1,-1
42,7,811,1281,137,126,108,-1,-1
42,7,812,1286,134,121,101,-1,-1
42,7,813,1290,129,121,101,-1,-1
42,7,814,1295,124,117,103,-1,-1
42,7,815,1294,121,117,97,-1,-1
42,7,816,1304,116,108,97,-1,-1
42,7,817,1303,113,108,97,-1,-1
42,7,818,1304,114,108,97,-1,-1
42,7,819,1310,108,109,83,-1,-1
42,7,820,1312,106,109,83,-1,-1
42,7,821,1312,107,109,83,-1,-1
42,7,822,1315,102,109,83,-1,-1
42,7,823,1324,95,97,84,-1,-1
42,7,824,1329,92,94,79,-1,-1
42,7,825,1334,92,84,75,-1,-1
42,7,826,1336,88,84,75,-1,-1
42,7,827,1338,89,84,75,-1,-1
42,7,828,1340,82,84,75,-1,-1
42,7,829,1341,78,84,75,-1,-1
42,7,830,1344,80,86,75,-1,-1
42,7,831,1347,74,86,75,-1,-1
42,7,832,1349,72,86,75,-1,-1
42,7,833,1350,71,83,72,-1,-1
42,7,834,1354,70,77,68,-1,-1
42,7,835,1354,70,77,68,-1,-1
42,7,836,1356,70,77,68,-1,-1
42,7,837,1362,66,77,67,-1,-1
42,7,838,1362,64,77,67,-1,-1
42,7,839,1364,62,78,60,-1,-1
42,7,840,1361,62,78,60,-1,-1
42,7,841,1364,64,78,60,-1,-1
42,7,842,1370,56,78,60,-1,-1
42,7,843,1371,57,78,60,-1,-1
42,7,844,1372,52,78,60,-1,-1
42,7,845,1376,53,69,56,-1,-1
42,7,846,1382,50,64,58,-1,-1
42,7,847,1384,52,64,58,-1,-1
42,7,848,1382,50,70,56,-1,-1
42,7,849,1380,46,70,56,-1,-1
42,7,850,1384,46,70,56,-1,-1
42,7,851,1390,45,64,56,-1,-1
42,7,852,1391,43,64,56,-1,-1
42,7,853,1394,43,61,51,-1,-1
42,7,854,1395,40,61,51,-1,-1
42,7,855,1396,40,61,51,-1,-1
42,7,856,1399,40,61,51,-1,-1
42,7,857,1398,38,61,51,-1,-1
42,7,858,1399,39,61,51,-1,-1
42,7,859,1401,34,61,51,-1,-1
42,7,860,1403,33,61,51,-1,-1
42,7,861,1406,35,61,51,-1,-1
42,7,862,1405,33,61,51,-1,-1
42,7,863,1406,33,61,51,-1,-1
42,7,864,1409,28,61,51,-1,-1
42,7,865,1410,30,59,48,-1,-1
42,7,866,1412,29,59,48,-1,-1
42,7,867,1412,29,59,48,-1,-1
42,7,868,1413,29,59,48,-1,-1
42,7,869,1414,27,57,45,-1,-1
42,7,870,1417,28,57,45,-1,-1
42,7,871,1417,27,57,45,-1,-1
42,7,872,1418,25,57,45,-1,-1
42,7,873,1419,27,57,45,-1,-1
42,7,874,1419,24,57,45,-1,-1
42,7,875,1422,23,57,45,-1,-1
42,7,876,1422,21,57,45,-1,-1
42,7,877,1423,20,57,45,-1,-1
42,7,878,1425,20,57,45,-1,-1
42,8,795,177,619,652,461,-1,-1
42,8,796,290,581,575,429,-1,-1
42,8,797,378,548,526,390,-1,-1
42,8,798,457,513,480,354,-1,-1
42,8,799,527,484,436,317,-1,-1
42,8,800,590,459,405,295,-1,-1
42,8,801,646,437,378,268,-1,-1
42,8,802,695,413,348,250,-1,-1
42,8,803,736,395,326,226,-1,-1
42,8,804,777,373,304,217,-1,-1
42,8,805,809,357,285,201,-1,-1
42,8,806,841,340,275,193,-1,-1
42,8,807,871,326,262,184,-1,-1
42,8,808,901,308,251,170,-1,-1
42,8,809,926,295,235,167,-1,-1
42,8,810,951,286,225,155,-1,-1
42,8,811,967,274,214,148,-1,-1
42,8,812,994,261,205,148,-1,-1
42,8,813,1007,254,195,141,-1,-1
42,8,814,1024,245,195,141,-1,-1
42,8,815,1047,234,180,127,-1,-1
42,8,816,1055,222,180,127,-1,-1
42,8,817,1073,216,171,117,-1,-1
42,8,818,1082,211,171,117,-1,-1
42,8,819,1095,205,163,111,-1,-1
42,8,820,1108,199,155,106,-1,-1
42,8,821,1119,193,155,106,-1,-1
42,8,822,1131,189,148,101,-1,-1
42,8,823,1147,179,141,105,-1,-1
42,8,824,1156,174,135,91,-1,-1
42,8,825,1165,169,134,95,-1,-1
42,8,826,1174,162,129,91,-1,-1
42,8,827,1177,161,131,89,-1,-1
42,8,828,1187,152,131,89,-1,-1
42,8,829,1200,148,119,84,-1,-1
42,8,830,1206,147,119,84,-1,-1
42,8,831,1213,142,115,83,-1,-1
42,8,832,1220,138,115,83,-1,-1
42,8,833,1225,134,115,83,-1,-1
42,8,834,1232,129,109,76,-1,-1
42,8,835,1237,125,109,76,-1,-1
42,8,836,1243,124,109,76,-1,-1
42,8,837,1251,122,106,71,-1,-1
42,8,838,1251,115,106,71,-1,-1
42,8,839,1260,113,100,72,-1,-1
42,8,840,1270,110,93,69,-1,-1
42,8,841,1273,105,93,69,-1,-1
42,8,842,1278,103,93,69,-1,-1
42,8,843,1280,100,93,69,-1,-1
42,8,844,1285,99,93,69,-1,-1
42,8,845,1291,98,88,64,-1,-1
42,8,846,1294,95,88,64,-1,-1
42,8,847,1298,91,88,64,-1,-1
42,8,848,1304,90,83,58,-1,-1
42,8,849,1303,89,83,58,-1,-1
42,8,850,1311,88,83,58,-1,-1
42,8,851,1311,84,83,58,-1,-1
42,8,852,1318,84,79,56,-1,-1
42,8,853,1321,79,74,56,-1,-1
42,8,854,1326,79,74,56,-1,-1
42,8,855,1327,77,74,56,-1,-1
42,8,856,1332,75,74,56,-1,-1
42,8,857,1334,73,74,56,-1,-1
42,8,858,1336,71,74,56,-1,-1
42,8,859,1339,68,74,56,-1,-1
42,8,860,1342,67,74,56,-1,-1
42,8,861,1343,64,74,56,-1,-1
42,8,862,1346,65,74,56,-1,-1
42,8,863,1349,64,74,56,-1,-1
42,8,864,1353,62,67,50,-1,-1
42,8,865,1356,60,67,50,-1,-1
42,8,866,1356,59,67,50,-1,-1
42,8,867,1360,57,67,50,-1,-1
42,8,868,1363,58,67,50,-1,-1
42,8,869,1364,57,61,46,-1,-1
42,8,870,1368,57,61,46,-1,-1
42,8,871,1370,56,61,46,-1,-1
42,8,872,1370,55,61,46,-1,-1
42,8,873,1373,53,61,46,-1,-1
42,8,874,1374,53,61,46,-1,-1
42,8,875,1377,51,61,46,-1,-1
42,8,876,1380,52,58,44,-1,-1
42,8,877,1384,49,55,42,-1,-1
42,8,878,1384,48,55,42,-1,-1
42,8,879,1387,47,55,42,-1,-1
42,8,880,1389,46,55,42,-1,-1
42,8,881,1390,44,55,42,-1,-1
42,8,882,1391,43,55,42,-1,-1
42,8,883,1393,43,55,42,-1,-1
42,8,884,1394,41,55,42,-1,-1
42,8,885,1396,41,55,42,-1,-1
42,8,886,1398,40,55,42,-1,-1
42,8,887,1400,37,55,42,-1,-1
42,8,888,1400,38,55,42,-1,-1
42,8,889,1402,36,55,42,-1,-1
42,8,890,1404,36,55,42,-1,-1
42,8,891,1405,34,55,42,-1,-1
42,8,892,1407,33,53,40,-1,-1
42,8,893,1411,33,50,38,-1,-1
42,8,894,1411,33,50,38,-1,-1
42,8,895,1412,32,50,38,-1,-1
42,8,896,1415,32,48,36,-1,-1
42,8,897,1416,33,48,36,-1,-1
42,8,898,1418,32,48,36,-1,-1
42,8,899,1420,31,48,36,-1,-1
42,8,900,1420,30,48,36,-1,-1
42,8,901,1421,28,48,36,-1,-1
42,8,902,1422,29,46,34,-1,-1
42,8,903,1427,29,43,33,-1,-1
42,8,904,1428,28,43,33,-1,-1
42,8,905,1428,26,43,33,-1,-1
42,8,906,1429,25,43,33,-1,-1
42,8,907,1431,25,43,33,-1,-1
42,8,908,1433,24,43,33,-1,-1
42,9,833,415,460,538,381,-1,-1
42,9,834,478,427,499,360,-1,-1
42,9,835,543,401,455,332,-1,-1
42,9,836,602,381,418,308,-1,-1
42,9,837,641,367,398,293,-1,-1
42,9,838,685,343,378,275,-1,-1
42,9,839,729,325,352,253,-1,-1
42,9,840,771,311,326,238,-1,-1
42,9,841,801,298,316,232,-1,-1
42,9,842,829,285,301,218,-1,-1
42,9,843,859,271,284,211,-1,-1
42,9,844,882,265,277,197,-1,-1
42,9,845,908,252,259,200,-1,-1
42,9,846,929,241,251,191,-1,-1
42,9,847,955,231,238,176,-1,-1
42,9,848,971,221,234,175,-1,-1
42,9,849,993,215,218,163,-1,-1
42,9,850,1005,208,218,163,-1,-1
42,9,851,1023,202,208,157,-1,-1
42,9,852,1040,196,199,159,-1,-1
42,9,853,1051,188,193,147,-1,-1
42,9,854,1066,182,186,149,-1,-1
42,9,855,1081,176,181,147,-1,-1
42,9,856,1094,171,177,138,-1,-1
42,9,857,1108,163,167,135,-1,-1
42,9,858,1112,160,167,135,-1,-1
42,9,859,1123,152,167,135,-1,-1
42,9,860,1136,149,158,131,-1,-1
42,9,861,1144,145,152,126,-1,-1
42,9,862,1159,143,143,117,-1,-1
42,9,863,1167,139,139,118,-1,-1
42,9,864,1177,136,133,112,-1,-1
42,9,865,1182,131,134,118,-1,-1
42,9,866,1191,125,130,115,-1,-1
42,9,867,1199,123,127,112,-1,-1
42,9,868,1208,122,123,108,-1,-1
42,9,869,1214,115,121,110,-1,-1
42,9,870,1218,112,120,106,-1,-1
42,9,871,1224,112,120,99,-1,-1
42,9,872,1233,109,114,94,-1,-1
42,9,873,1238,106,112,97,-1,-1
42,9,874,1243,106,110,96,-1,-1
42,9,875,1250,103,107,97,-1,-1
42,9,876,1254,98,107,98,-1,-1
42,9,877,1257,98,107,95,-1,-1
42,9,878,1264,95,102,92,-1,-1
42,9,879,1271,89,100,91,-1,-1
42,9,880,1275,88,99,91,-1,-1
42,9,881,1281,86,93,87,-1,-1
42,9,882,1285,86,95,84,-1,-1
42,9,883,1287,81,94,83,-1,-1
42,9,884,1292,83,93,81,-1,-1
42,9,885,1298,78,91,81,-1,-1
42,9,886,1299,76,93,82,-1,-1
42,9,887,1298,82,99,81,-1,-1
42,9,888,1308,72,88,78,-1,-1
42,9,889,1312,72,87,79,-1,-1
42,9,890,1315,72,86,79,-1,-1
42,9,891,1317,69,84,77,-1,-1
42,9,892,1322,67,81,75,-1,-1
42,9,893,1326,67,81,71,-1,-1
42,9,894,1331,64,79,74,-1,-1
42,9,895,1332,65,80,74,-1,-1
42,9,896,1333,61,80,73,-1,-1
42,9,897,1337,61,79,70,-1,-1
42,9,898,1340,59,79,70,-1,-1
42,9,899,1340,61,77,64,-1,-1
42,9,900,1345,60,77,64,-1,-1
42,9,901,1347,56,76,69,-1,-1
42,9,902,1349,55,75,64,-1,-1
42,9,903,1352,54,73,64,-1,-1
42,9,904,1359,53,70,64,-1,-1
42,9,905,1361,52,68,64,-1,-1
42,9,906,1359,47,71,68,-1,-1
42,9,907,1362,49,72,63,-1,-1
42,9,908,1365,45,71,66,-1,-1
42,9,909,1366,46,67,61,-1,-1
42,9,910,1368,46,70,58,-1,-1
42,9,911,1372,46,67,60,-1,-1
42,9,912,1373,43,66,57,-1,-1
42,9,913,1377,42,65,59,-1,-1
42,9,914,1379,41,63,59,-1,-1
42,9,915,1380,42,63,56,-1,-1
42,9,916,1381,39,65,60,-1,-1
42,9,917,1385,37,62,58,-1,-1
42,9,918,1388,39,61,55,-1,-1
42,9,919,1391,35,58,55,-1,-1
42,9,920,1389,34,62,57,-1,-1
42,9,921,1391,35,60,55,-1,-1
42,9,922,1393,33,61,54,-1,-1
42,9,923,1397,33,58,54,-1,-1
42,9,924,1397,31,58,55,-1,-1
42,9,925,1398,30,58,56,-1,-1
42,9,926,1401,30,56,53,-1,-1
42,9,927,1402,30,57,54,-1,-1
42,9,928,1404,26,58,55,-1,-1
42,9,929,1405,27,56,53,-1,-1
42,9,930,1405,27,58,52,-1,-1
42,9,931,1409,24,54,51,-1,-1
42,9,932,1409,24,56,52,-1,-1
42,9,933,1409,26,58,48,-1,-1
42,9,934,1411,18,54,55,-1,-1
42,9,935,1413,21,51,49,-1,-1
42,9,936,1416,25,51,50,-1,-1
42,9,937,1419,26,48,47,-1,-1
42,9,938,1417,23,52,49,-1,-1
42,9,939,1418,20,52,48,-1,-1
42,9,940,1418,20,53,49,-1,-1
42,9,941,1420,19,52,49,-1,-1
42,9,942,1422,19,53,48,-1,-1
42,9,943,1422,18,53,47,-1,-1
42,9,944,1422,18,53,49,-1,-1
42,9,945,1425,18,50,46,-1,-1
42,9,946,1426,17,48,46,-1,-1
42,9,947,1428,18,50,44,-1,-1
42,9,948,1430,17,48,44,-1,-1
42,9,949,1430,16,50,45,-1,-1
42,10,1263,274,620,618,460,-1,-1
42,10,1264,390,565,548,399,-1,-1
42,10,1265,494,530,488,339,-1,-1
42,10,1266,584,490,433,297,-1,-1
42,10,1267,655,458,394,262,-1,-1
42,10,1268,719,427,362,234,-1,-1
42,10,1269,773,403,338,210,-1,-1
42,10,1270,821,379,305,197,-1,-1
42,10,1271,861,351,287,185,-1,-1
42,10,1272,901,335,263,176,-1,-1
42,10,1273,933,313,252,163,-1,-1
42,10,1274,964,301,240,155,-1,-1
42,10,1275,994,286,222,139,-1,-1
42,10,1276,1018,269,211,132,-1,-1
42,10,1277,1041,256,202,125,-1,-1
42,10,1278,1062,247,192,119,-1,-1
42,10,1279,1080,238,183,113,-1,-1
42,10,1280,1100,226,183,113,-1,-1
42,10,1281,1114,213,170,114,-1,-1
42,10,1282,1130,203,162,113,-1,-1
42,10,1283,1143,195,159,106,-1,-1
42,10,1284,1158,189,153,95,-1,-1
42,10,1285,1170,184,145,94,-1,-1
42,10,1286,1184,178,139,89,-1,-1
42,10,1287,1196,171,131,85,-1,-1
42,10,1288,1208,163,124,86,-1,-1
42,10,1289,1218,157,124,86,-1,-1
42,10,1290,1223,151,124,86,-1,-1
42,10,1291,1233,143,124,86,-1,-1
42,10,1292,1238,139,117,86,-1,-1
42,10,1293,1247,133,115,86,-1,-1
42,10,1294,1256,131,112,78,-1,-1
42,10,1295,1265,125,106,79,-1,-1
42,10,1296,1271,121,106,79,-1,-1
42,10,1297,1276,122,105,74,-1,-1
42,10,1298,1283,117,102,75,-1,-1
42,10,1299,1289,113,98,71,-1,-1
42,10,1300,1295,107,97,69,-1,-1
42,10,1301,1302,107,93,64,-1,-1
42,10,1302,1309,102,88,66,-1,-1
42,10,1303,1312,98,87,69,-1,-1
42,10,1304,1316,95,87,69,-1,-1
42,10,1305,1322,93,87,69,-1,-1
42,10,1306,1324,90,84,69,-1,-1
42,10,1307,1332,87,80,66,-1,-1
42,10,1308,1334,85,80,66,-1,-1
42,10,1309,1339,82,80,66,-1,-1
42,10,1310,1342,80,80,66,-1,-1
42,10,1311,1346,76,76,63,-1,-1
42,10,1312,1350,75,76,63,-1,-1
42,10,1313,1353,72,76,63,-1,-1
42,10,1314,1358,71,74,58,-1,-1
42,10,1315,1362,70,68,58,-1,-1
42,10,1316,1366,69,68,58,-1,-1
42,10,1317,1370,65,68,58,-1,-1
42,10,1318,1370,65,68,58,-1,-1
42,10,1319,1372,61,68,58,-1,-1
42,10,1320,1376,58,68,58,-1,-1
42,10,1321,1379,59,68,58,-1,-1
42,10,1322,1380,56,68,58,-1,-1
42,10,1323,1384,55,66,56,-1,-1
42,10,1324,1387,54,66,56,-1,-1
42,10,1325,1388,51,66,56,-1,-1
42,10,1326,1389,52,66,56,-1,-1
42,10,1327,1391,51,64,51,-1,-1
42,10,1328,1395,48,64,51,-1,-1
42,10,1329,1397,49,64,51,-1,-1
42,10,1330,1398,44,64,51,-1,-1
42,10,1331,1402,45,60,49,-1,-1
42,10,1332,1405,44,60,49,-1,-1
42,10,1333,1407,42,60,49,-1,-1
42,10,1334,1407,39,60,49,-1,-1
42,10,1335,1410,37,56,49,-1,-1
42,10,1336,1414,36,56,49,-1,-1
42,10,1337,1416,38,55,47,-1,-1
42,10,1338,1417,38,54,45,-1,-1
42,10,1339,1417,37,56,45,-1,-1
42,10,1340,1420,36,56,44,-1,-1
42,10,1341,1421,35,56,46,-1,-1
42,10,1342,1424,35,53,42,-1,-1
42,10,1343,1426,30,52,43,-1,-1
42,10,1344,1428,31,52,43,-1,-1
42,10,1345,1429,31,52,43,-1,-1
42,10,1346,1431,32,50,41,-1,-1
42,10,1347,1432,29,50,41,-1,-1
42,10,1348,1433,29,50,41,-1,-1
42,10,1349,1434,28,50,41,-1,-1
42,10,1350,1436,27,50,41,-1,-1
42,10,1351,1438,25,50,41,-1,-1
42,10,1352,1439,24,50,41,-1,-1
42,10,1353,1440,23,50,41,-1,-1
42,11,1488,311,645,599,401,-1,-1
42,11,1489,421,590,521,370,-1,-1
42,11,1490,520,544,470,338,-1,-1
42,11,1491,606,509,430,295,-1,-1
42,11,1492,673,477,388,255,-1,-1
42,11,1493,736,446,351,231,-1,-1
42,11,1494,790,418,325,218,-1,-1
42,11,1495,833,387,298,212,-1,-1
42,11,1496,877,369,283,196,-1,-1
42,11,1497,912,345,259,186,-1,-1
42,11,1498,946,325,246,182,-1,-1
42,11,1499,976,309,234,173,-1,-1
42,11,1500,1001,293,216,150,-1,-1
42,11,1501,1027,279,206,143,-1,-1
42,11,1502,1051,269,196,136,-1,-1
42,11,1503,1073,254,182,132,-1,-1
42,11,1504,1091,240,175,131,-1,-1
42,11,1505,1108,230,170,126,-1,-1
42,11,1506,1124,221,160,119,-1,-1
42,11,1507,1141,212,150,114,-1,-1
42,11,1508,1156,203,147,111,-1,-1
42,11,1509,1167,196,143,107,-1,-1
42,11,1510,1180,186,138,104,-1,-1
42,11,1511,1189,182,138,104,-1,-1
42,11,1512,1202,173,128,98,-1,-1
42,11,1513,1211,169,126,95,-1,-1
42,11,1514,1220,161,126,95,-1,-1
42,11,1515,1230,154,116,86,-1,-1
42,11,1516,1238,148,116,86,-1,-1
42,11,1517,1245,144,116,86,-1,-1
42,11,1518,1253,141,106,76,-1,-1
42,11,1519,1261,133,106,76,-1,-1
42,11,1520,1273,130,96,71,-1,-1
42,11,1521,1279,129,96,71,-1,-1
42,11,1522,1283,124,96,71,-1,-1
42,11,1523,1287,120,96,71,-1,-1
42,11,1524,1295,116,96,71,-1,-1
42,11,1525,1303,112,90,69,-1,-1
42,11,1526,1306,108,90,69,-1,-1
42,11,1527,1311,105,90,69,-1,-1
42,11,1528,1316,102,90,69,-1,-1
42,11,1529,1322,99,84,66,-1,-1
42,11,1530,1325,96,84,66,-1,-1
42,11,1531,1332,96,80,59,-1,-1
42,11,1532,1332,91,80,59,-1,-1
42,11,1533,1336,88,80,59,-1,-1
42,11,1534,1342,85,80,59,-1,-1
42,11,1535,1345,85,80,59,-1,-1
42,11,1536,1350,80,77,56,-1,-1
42,11,1537,1351,81,77,56,-1,-1
42,11,1538,1355,79,73,53,-1,-1
42,11,1539,1359,77,73,53,-1,-1
42,11,1540,1365,72,73,53,-1,-1
42,11,1541,1365,69,73,53,-1,-1
42,11,1542,1369,70,68,51,-1,-1
42,11,1543,1370,66,68,51,-1,-1
42,11,1544,1375,64,68,51,-1,-1
42,11,1545,1374,64,68,51,-1,-1
42,11,1546,1381,61,65,51,-1,-1
42,11,1547,1385,59,60,49,-1,-1
42,11,1548,1389,57,60,49,-1,-1
42,11,1549,1391,56,60,49,-1,-1
42,11,1550,1393,56,60,49,-1,-1
42,11,1551,1395,53,60,49,-1,-1
42,11,1552,1397,52,57,47,-1,-1
42,11,1553,1398,50,57,47,-1,-1
42,11,1554,1400,49,57,47,-1,-1
42,11,1555,1403,46,57,47,-1,-1
42,11,1556,1406,46,56,44,-1,-1
42,11,1557,1407,45,58,40,-1,-1
42,11,1558,1407,45,56,41,-1,-1
42,11,1559,1413,42,52,41,-1,-1
42,11,1560,1414,41,54,44,-1,-1
42,11,1561,1414,39,54,44,-1,-1
42,11,1562,1417,38,52,42,-1,-1
42,11,1563,1418,37,52,42,-1,-1
42,11,1564,1421,37,47,40,-1,-1
42,11,1565,1421,35,50,42,-1,-1
42,11,1566,1423,36,47,38,-1,-1
42,11,1567,1424,34,48,38,-1,-1
42,11,1568,1428,31,45,42,-1,-1
42,11,1569,1428,32,49,40,-1,-1
42,11,1570,1429,29,49,40,-1,-1
42,12,1874,290,615,612,465,-1,-1
42,12,1875,388,585,550,442,-1,-1
42,12,1876,460,541,513,410,-1,-1
42,12,1877,537,501,463,370,-1,-1
42,12,1878,600,468,432,339,-1,-1
42,12,1879,657,445,398,313,-1,-1
42,12,1880,700,420,378,287,-1,-1
42,12,1881,746,396,354,271,-1,-1
42,12,1882,782,376,333,250,-1,-1
42,12,1883,823,356,306,233,-1,-1
42,12,1884,855,340,298,222,-1,-1
42,12,1885,887,316,278,215,-1,-1
42,12,1886,909,303,268,202,-1,-1
42,12,1887,933,294,262,186,-1,-1
42,12,1888,961,277,242,186,-1,-1
42,12,1889,982,266,233,187,-1,-1
42,12,1890,1005,258,223,165,-1,-1
42,12,1891,1024,251,215,160,-1,-1
42,12,1892,1038,237,211,155,-1,-1
42,12,1893,1053,223,203,158,-1,-1
42,12,1894,1074,218,189,145,-1,-1
42,12,1895,1086,210,181,143,-1,-1
42,12,1896,1101,203,181,143,-1,-1
42,12,1897,1117,195,167,131,-1,-1
42,12,1898,1126,190,167,131,-1,-1
42,12,1899,1141,181,161,128,-1,-1
42,12,1900,1147,177,157,125,-1,-1
42,12,1901,1160,172,152,116,-1,-1
42,12,1902,1171,166,147,117,-1,-1
42,12,1903,1179,163,147,108,-1,-1
42,12,1904,1188,159,138,107,-1,-1
42,12,1905,1197,150,136,111,-1,-1
42,12,1906,1206,147,133,104,-1,-1
42,12,1907,1213,141,131,104,-1,-1
42,12,1908,1224,139,122,100,-1,-1
42,12,1909,1229,133,122,100,-1,-1
42,12,1910,1235,131,122,100,-1,-1
42,12,1911,1241,127,119,95,-1,-1
42,12,1912,1249,122,119,95,-1,-1
42,12,1913,1257,119,113,91,-1,-1
42,12,1914,1261,117,113,91,-1,-1
42,12,1915,1265,116,113,86,-1,-1
42,12,1916,1271,111,111,87,-1,-1
42,12,1917,1278,108,104,85,-1,-1
42,12,1918,1282,106,104,85,-1,-1
42,12,1919,1287,101,104,85,-1,-1
42,12,1920,1295,98,98,85,-1,-1
42,12,1921,1298,97,98,78,-1,-1
42,12,1922,1301,95,98,78,-1,-1
42,12,1923,1304,92,98,78,-1,-1
42,12,1924,1308,92,98,78,-1,-1
42,12,1925,1313,88,98,78,-1,-1
42,12,1926,1319,86,90,73,-1,-1
42,12,1927,1322,84,90,73,-1,-1
42,12,1928,1326,83,90,73,-1,-1
42,12,1929,1330,81,85,69,-1,-1
42,12,1930,1333,77,86,69,-1,-1
42,12,1931,1338,79,83,63,-1,-1
42,12,1932,1340,79,83,63,-1,-1
42,12,1933,1343,75,83,63,-1,-1
42,12,1934,1347,73,83,63,-1,-1
42,12,1935,1350,70,77,66,-1,-1
42,12,1936,1354,68,77,66,-1,-1
42,12,1937,1355,66,77,66,-1,-1
42,12,1938,1360,65,77,66,-1,-1
42,12,1939,1360,62,77,66,-1,-1
42,12,1940,1364,59,77,66,-1,-1
42,12,1941,1367,57,73,61,-1,-1
42,12,1942,1370,57,73,61,-1,-1
42,12,1943,1372,57,73,61,-1,-1
42,12,1944,1374,54,73,61,-1,-1
42,12,1945,1375,53,73,61,-1,-1
42,12,1946,1379,52,73,61,-1,-1
42,12,1947,1382,52,68,57,-1,-1
42,12,1948,1384,51,68,57,-1,-1
42,12,1949,1385,49,68,57,-1,-1
42,12,1950,1387,48,68,57,-1,-1
42,12,1951,1388,46,68,57,-1,-1
42,12,1952,1390,44,68,57,-1,-1
42,12,1953,1391,42,68,57,-1,-1
42,12,1954,1392,43,68,57,-1,-1
42,12,1955,1394,40,68,57,-1,-1
42,12,1956,1400,41,63,54,-1,-1
42,12,1957,1401,39,63,54,-1,-1
42,12,1958,1401,37,63,54,-1,-1
42,12,1959,1405,37,63,54,-1,-1
42,12,1960,1406,36,63,54,-1,-1
42,12,1961,1407,33,63,54,-1,-1
42,12,1962,1410,34,61,50,-1,-1
42,12,1963,1412,35,61,50,-1,-1
42,12,1964,1414,33,61,50,-1,-1
42,12,1965,1415,33,61,50,-1,-1
42,12,1966,1416,32,61,50,-1,-1
42,12,1967,1419,31,61,50,-1,-1
42,12,1968,1420,29,57,49,-1,-1
42,12,1969,1423,29,57,49,-1,-1
42,12,1970,1423,27,57,49,-1,-1
42,12,1971,1424,27,57,49,-1,-1
42,12,1972,1425,28,57,46,-1,-1
42,12,1973,1427,26,57,46,-1,-1
42,12,1974,1429,27,53,46,-1,-1
42,13,2009,230,654,629,426,-1,-1
42,13,2010,325,614,565,415,-1,-1
42,13,2011,418,555,515,369,-1,-1
42,13,2012,515,523,457,322,-1,-1
42,13,2013,600,495,404,278,-1,-1
42,13,2014,656,462,376,255,-1,-1
42,13,2015,702,434,359,233,-1,-1
42,13,2016,744,409,339,230,-1,-1
42,13,2017,794,385,308,203,-1,-1
42,13,2018,839,357,286,196,-1,-1
42,13,2019,876,347,272,187,-1,-1
42,13,2020,898,327,259,178,-1,-1
42,13,2021,930,314,247,169,-1,-1
42,13,2022,968,299,215,155,-1,-1
42,13,2023,985,279,215,155,-1,-1
42,13,2024,1002,268,215,155,-1,-1
42,13,2025,1041,257,183,134,-1,-1
42,13,2026,1054,243,183,134,-1,-1
42,13,2027,1070,232,174,128,-1,-1
42,13,2028,1089,227,166,122,-1,-1
42,13,2029,1106,220,158,116,-1,-1
42,13,2030,1114,208,158,116,-1,-1
42,13,2031,1133,200,147,113,-1,-1
42,13,2032,1143,192,147,113,-1,-1
42,13,2033,1157,186,135,102,-1,-1
42,13,2034,1167,181,135,102,-1,-1
42,13,2035,1174,178,135,95,-1,-1
42,13,2036,1185,170,127,94,-1,-1
42,13,2037,1196,164,123,85,-1,-1
42,13,2038,1202,162,123,85,-1,-1
42,13,2039,1211,157,123,85,-1,-1
42,13,2040,1220,146,116,84,-1,-1
42,13,2041,1227,142,116,84,-1,-1
42,13,2042,1236,138,109,84,-1,-1
42,13,2043,1245,133,105,81,-1,-1
42,13,2044,1250,129,105,81,-1,-1
42,13,2045,1255,125,105,81,-1,-1
42,13,2046,1261,124,102,76,-1,-1
42,13,2047,1268,118,102,74,-1,-1
42,13,2048,1276,117,95,69,-1,-1
42,13,2049,1278,111,95,69,-1,-1
42,13,2050,1285,112,95,69,-1,-1
42,13,2051,1289,106,95,69,-1,-1
42,13,2052,1295,104,89,65,-1,-1
42,13,2053,1300,101,89,65,-1,-1
42,13,2054,1303,98,89,65,-1,-1
42,13,2055,1307,96,89,65,-1,-1
42,13,2056,1311,94,83,61,-1,-1
42,13,2057,1315,92,83,61,-1,-1
42,13,2058,1319,89,83,61,-1,-1
42,13,2059,1326,87,76,57,-1,-1
42,13,2060,1329,86,76,57,-1,-1
42,13,2061,1332,82,76,57,-1,-1
42,13,2062,1336,79,76,57,-1,-1
42,13,2063,1338,75,76,57,-1,-1
42,13,2064,1341,76,76,57,-1,-1
42,13,2065,1346,76,73,51,-1,-1
42,13,2066,1348,73,73,51,-1,-1
42,13,2067,1350,74,73,51,-1,-1
42,13,2068,1355,67,70,55,-1,-1
42,13,2069,1358,66,68,52,-1,-1
42,13,2070,1361,66,65,48,-1,-1
42,13,2071,1363,66,65,48,-1,-1
42,13,2072,1364,67,65,48,-1,-1
42,13,2073,1368,62,65,48,-1,-1
42,13,2074,1370,58,65,48,-1,-1
42,13,2075,1374,59,65,48,-1,-1
42,13,2076,1375,55,65,48,-1,-1
42,13,2077,1378,53,65,48,-1,-1
42,13,2078,1378,52,65,48,-1,-1
42,13,2079,1385,52,59,47,-1,-1
42,13,2080,1386,48,59,47,-1,-1
42,13,2081,1389,48,59,47,-1,-1
42,13,2082,1390,49,53,41,-1,-1
42,13,2083,1392,49,53,41,-1,-1
42,13,2084,1394,48,53,41,-1,-1
42,13,2085,1396,45,53,41,-1,-1
42,13,2086,1397,44,53,41,-1,-1
42,13,2087,1399,42,53,41,-1,-1
42,13,2088,1401,41,53,41,-1,-1
42,13,2089,1405,40,53,41,-1,-1
42,13,2090,1405,40,53,41,-1,-1
42,13,2091,1407,37,53,41,-1,-1
42,13,2092,1407,38,53,41,-1,-1
42,13,2093,1409,37,53,41,-1,-1
42,13,2094,1412,36,53,41,-1,-1
42,13,2095,1413,37,53,37,-1,-1
42,13,2096,1414,35,53,37,-1,-1
42,13,2097,1418,34,49,37,-1,-1
42,13,2098,1418,33,49,37,-1,-1
42,13,2099,1420,32,49,37,-1,-1
42,13,2100,1419,29,49,37,-1,-1
42,13,2101,1422,31,49,37,-1,-1
42,13,2102,1423,30,49,37,-1,-1
42,13,2103,1426,30,48,33,-1,-1
42,13,2104,1428,30,48,33,-1,-1
42,13,2105,1428,28,48,33,-1,-1
42,14,2133,171,642,655,438,-1,-1
42,14,2134,294,590,580,408,-1,-1
42,14,2135,409,551,504,353,-1,-1
42,14,2136,494,508,461,314,-1,-1
42,14,2137,576,480,414,271,-1,-1
42,14,2138,644,441,373,254,-1,-1
42,14,2139,698,413,355,234,-1,-1
42,14,2140,754,390,321,212,-1,-1
42,14,2141,799,364,300,200,-1,-1
42,14,2142,842,343,275,186,-1,-1
42,14,2143,869,327,271,175,-1,-1
42,14,2144,897,311,258,167,-1,-1
42,14,2145,933,296,246,159,-1,-1
42,14,2146,963,282,227,152,-1,-1
42,14,2147,995,267,210,142,-1,-1
42,14,2148,1013,257,200,135,-1,-1
42,14,2149,1034,245,190,129,-1,-1
42,14,2150,1053,235,181,123,-1,-1
42,14,2151,1069,225,181,123,-1,-1
42,14,2152,1087,216,173,117,-1,-1
42,14,2153,1103,208,165,111,-1,-1
42,14,2154,1118,200,157,106,-1,-1
42,14,2155,1129,192,157,106,-1,-1
42,14,2156,1139,183,157,106,-1,-1
42,14,2157,1153,178,149,101,-1,-1
42,14,2158,1161,170,149,101,-1,-1
42,14,2159,1175,163,142,96,-1,-1
42,14,2160,1185,158,135,92,-1,-1
42,14,2161,1193,151,135,92,-1,-1
42,14,2162,1204,147,129,87,-1,-1
42,14,2163,1211,143,129,87,-1,-1
42,14,2164,1226,142,119,83,-1,-1
42,14,2165,1230,137,119,83,-1,-1
42,14,2166,1241,131,114,83,-1,-1
42,14,2167,1244,128,114,83,-1,-1
42,14,2168,1256,126,106,79,-1,-1
42,14,2169,1260,122,106,79,-1,-1
42,14,2170,1267,116,106,79,-1,-1
42,14,2171,1269,112,106,79,-1,-1
42,14,2172,1280,111,99,77,-1,-1
42,14,2173,1285,105,99,77,-1,-1
42,14,2174,1291,102,93,76,-1,-1
42,14,2175,1298,99,89,75,-1,-1
42,14,2176,1301,96,89,75,-1,-1
42,14,2177,1307,96,88,69,-1,-1
42,14,2178,1309,92,88,69,-1,-1
42,14,2179,1311,89,88,69,-1,-1
42,14,2180,1313,87,88,69,-1,-1
42,14,2181,1320,84,83,62,-1,-1
42,14,2182,1325,84,83,62,-1,-1
42,14,2183,1328,82,83,62,-1,-1
42,14,2184,1334,78,77,60,-1,-1
42,14,2185,1336,78,75,58,-1,-1
42,14,2186,1342,74,75,58,-1,-1
42,14,2187,1345,73,75,58,-1,-1
42,14,2188,1346,69,75,58,-1,-1
42,14,2189,1350,69,71,54,-1,-1
42,14,2190,1354,67,71,54,-1,-1
42,14,2191,1356,64,71,54,-1,-1
42,14,2192,1358,64,71,54,-1,-1
42,14,2193,1360,61,71,54,-1,-1
42,14,2194,1364,61,71,54,-1,-1
42,14,2195,1367,57,71,54,-1,-1
42,14,2196,1368,56,71,54,-1,-1
42,14,2197,1369,54,71,54,-1,-1
42,14,2198,1372,57,68,47,-1,-1
42,14,2199,1377,55,68,47,-1,-1
42,14,2200,1380,50,62,50,-1,-1
42,14,2201,1382,50,62,50,-1,-1
42,14,2202,1384,49,62,50,-1,-1
42,14,2203,1387,46,62,50,-1,-1
42,14,2204,1389,45,62,50,-1,-1
42,14,2205,1389,43,62,50,-1,-1
42,14,2206,1391,44,62,47,-1,-1
42,14,2207,1393,43,62,47,-1,-1
42,14,2208,1396,40,56,46,-1,-1
42,14,2209,1399,38,56,46,-1,-1
42,14,2210,1401,40,56,46,-1,-1
42,14,2211,1402,40,56,46,-1,-1
42,14,2212,1403,37,56,46,-1,-1
42,14,2213,1404,37,56,46,-1,-1
42,14,2214,1409,37,53,44,-1,-1
42,14,2215,1410,36,53,44,-1,-1
42,14,2216,1411,35,53,44,-1,-1
42,14,2217,1412,34,53,44,-1,-1
42,14,2218,1414,33,53,44,-1,-1
42,14,2219,1417,33,51,42,-1,-1
42,14,2220,1418,32,51,42,-1,-1
42,14,2221,1418,30,51,42,-1,-1
42,14,2222,1419,29,51,42,-1,-1
42,14,2223,1421,28,51,42,-1,-1
42,14,2224,1423,28,51,42,-1,-1
42,14,2225,1424,27,51,42,-1,-1
42,14,2226,1425,25,51,42,-1,-1
42,14,2227,1426,24,51,42,-1,-1
42,14,2228,1427,23,51,42,-1,-1
42,14,2229,1429,23,51,42,-1,-1
42,14,2230,1431,22,51,42,-1,-1
42,14,2231,1433,21,48,40,-1,-1
42,14,2232,1434,22,46,38,-1,-1
42,14,2233,1436,20,46,38,-1,-1
42,15,2143,887,601,459,479,-1,-1
42,15,2144,958,553,407,406,-1,-1
42,15,2145,1011,505,364,347,-1,-1
42,15,2146,1057,466,326,310,-1,-1
42,15,2147,1097,433,305,281,-1,-1
42,15,2148,1133,404,279,243,-1,-1
42,15,2149,1157,378,260,225,-1,-1
42,15,2150,1182,357,247,211,-1,-1
42,15,2151,1203,339,231,193,-1,-1
42,15,2152,1223,316,217,181,-1,-1
42,15,2153,1241,294,202,168,-1,-1
42,15,2154,1256,275,195,169,-1,-1
42,15,2155,1271,262,186,161,-1,-1
42,15,2156,1286,256,174,141,-1,-1
42,15,2157,1297,246,166,134,-1,-1
42,15,2158,1306,234,158,128,-1,-1
42,15,2159,1313,225,158,128,-1,-1
42,15,2160,1318,211,158,128,-1,-1
42,15,2161,1329,201,147,124,-1,-1
42,15,2162,1339,197,140,111,-1,-1
42,15,2163,1342,187,142,104,-1,-1
42,15,2164,1355,184,129,94,-1,-1
42,15,2165,1358,174,129,94,-1,-1
42,15,2166,1366,168,121,93,-1,-1
42,15,2167,1374,162,116,91,-1,-1
42,15,2168,1377,156,116,91,-1,-1
42,15,2169,1380,150,116,91,-1,-1
42,15,2170,1386,148,110,81,-1,-1
42,15,2171,1391,141,110,81,-1,-1
42,15,2172,1392,134,110,81,-1,-1
42,15,2173,1400,131,101,75,-1,-1
42,15,2174,1401,127,101,75,-1,-1
42,15,2175,1404,122,101,75,-1,-1
42,15,2176,1409,117,101,75,-1,-1
42,15,2177,1411,114,99,70,-1,-1
42,15,2178,1412,110,99,70,-1,-1
42,15,2179,1419,109,91,65,-1,-1
42,15,2180,1421,105,91,65,-1,-1
42,15,2181,1422,99,91,65,-1,-1
42,15,2182,1425,98,91,65,-1,-1
42,15,2183,1430,93,85,65,-1,-1
42,15,2184,1433,89,85,65,-1,-1
42,15,2185,1435,89,84,60,-1,-1
42,15,2186,1435,86,84,60,-1,-1
42,15,2187,1440,86,79,55,-1,-1
42,15,2188,1441,85,79,55,-1,-1
42,15,2189,1443,80,79,55,-1,-1
42,15,2190,1444,79,79,55,-1,-1
42,15,2191,1449,77,73,52,-1,-1
42,15,2192,1450,73,73,52,-1,-1
42,15,2193,1451,70,73,52,-1,-1
42,15,2194,1453,68,73,52,-1,-1
42,15,2195,1455,68,73,52,-1,-1
42,15,2196,1455,62,73,52,-1,-1
42,15,2197,1456,62,73,52,-1,-1
42,15,2198,1459,59,66,48,-1,-1
42,15,2199,1463,61,66,48,-1,-1
42,15,2200,1463,57,66,48,-1,-1
42,15,2201,1466,54,66,48,-1,-1
42,15,2202,1465,54,66,48,-1,-1
42,15,2203,1466,50,66,48,-1,-1
42,15,2204,1468,48,66,48,-1,-1
42,15,2205,1472,49,61,44,-1,-1
42,15,2206,1471,50,61,44,-1,-1
42,15,2207,1473,47,61,44,-1,-1
42,15,2208,1474,44,61,44,-1,-1
42,15,2209,1475,45,61,44,-1,-1
42,15,2210,1476,44,61,44,-1,-1
42,15,2211,1477,43,61,44,-1,-1
42,15,2212,1477,41,61,44,-1,-1
42,15,2213,1478,41,61,44,-1,-1
42,15,2214,1479,40,61,44,-1,-1
42,15,2215,1480,37,61,44,-1,-1
42,15,2216,1481,37,58,42,-1,-1
42,15,2217,1483,37,55,40,-1,-1
42,15,2218,1485,36,55,40,-1,-1
42,15,2219,1485,35,55,40,-1,-1
42,15,2220,1486,33,55,40,-1,-1
42,15,2221,1486,33,55,40,-1,-1
42,15,2222,1487,31,55,40,-1,-1
42,15,2223,1489,29,55,40,-1,-1
42,15,2224,1491,30,53,38,-1,-1
42,15,2225,1490,29,53,38,-1,-1
42,15,2226,1491,29,50,36,-1,-1
42,15,2227,1493,27,50,36,-1,-1
42,15,2228,1493,27,50,36,-1,-1
42,15,2229,1493,25,50,36,-1,-1
42,15,2230,1494,26,50,36,-1,-1
42,15,2231,1493,24,50,36,-1,-1
42,15,2232,1495,24,50,36,-1,-1
42,15,2233,1496,24,50,36,-1,-1
42,16,2305,981,495,456,537,-1,-1
42,16,2306,1055,444,390,455,-1,-1
42,16,2307,1108,403,348,398,-1,-1
42,16,2308,1152,372,309,347,-1,-1
42,16,2309,1180,340,285,306,-1,-1
42,16,2310,1208,314,262,277,-1,-1
42,16,2311,1234,290,241,256,-1,-1
42,16,2312,1256,270,224,235,-1,-1
42,16,2313,1274,248,220,221,-1,-1
42,16,2314,1288,237,203,208,-1,-1
42,16,2315,1298,225,200,192,-1,-1
42,16,2316,1314,209,184,181,-1,-1
42,16,2317,1324,198,177,172,-1,-1
42,16,2318,1337,189,169,163,-1,-1
42,16,2319,1342,179,165,154,-1,-1
42,16,2320,1356,174,149,141,-1,-1
42,16,2321,1363,165,150,133,-1,-1
42,16,2322,1371,160,140,128,-1,-1
42,16,2323,1378,146,133,129,-1,-1
42,16,2324,1385,141,133,129,-1,-1
42,16,2325,1385,138,133,116,-1,-1
42,16,2326,1395,131,120,112,-1,-1
42,16,2327,1401,126,120,112,-1,-1
42,16,2328,1402,116,113,107,-1,-1
42,16,2329,1407,115,112,100,-1,-1
42,16,2330,1416,112,112,100,-1,-1
42,16,2331,1414,108,107,94,-1,-1
42,16,2332,1420,102,105,91,-1,-1
42,16,2333,1426,96,99,89,-1,-1
42,16,2334,1430,92,99,89,-1,-1
42,16,2335,1430,92,97,84,-1,-1
42,16,2336,1435,88,92,80,-1,-1
42,16,2337,1438,86,92,80,-1,-1
42,16,2338,1443,82,87,79,-1,-1
42,16,2339,1444,77,87,79,-1,-1
42,16,2340,1447,72,87,79,-1,-1
42,16,2341,1448,67,87,79,-1,-1
42,16,2342,1453,67,82,72,-1,-1
42,16,2343,1450,66,82,72,-1,-1
42,16,2344,1459,67,77,65,-1,-1
42,16,2345,1459,66,77,65,-1,-1
42,16,2346,1459,60,77,65,-1,-1
42,16,2347,1461,59,77,65,-1,-1
42,16,2348,1462,57,77,65,-1,-1
42,16,2349,1465,55,73,62,-1,-1
42,16,2350,1467,53,73,62,-1,-1
42,16,2351,1468,50,73,62,-1,-1
42,16,2352,1471,49,70,59,-1,-1
42,16,2353,1473,48,70,59,-1,-1
42,16,2354,1473,46,70,59,-1,-1
42,16,2355,1474,42,70,59,-1,-1
42,16,2356,1477,42,67,56,-1,-1
42,16,2357,1478,41,67,56,-1,-1
42,16,2358,1480,40,67,56,-1,-1
42,16,2359,1481,38,67,56,-1,-1
42,16,2360,1484,38,63,53,-1,-1
42,16,2361,1487,38,60,51,-1,-1
42,16,2362,1489,36,60,51,-1,-1
42,16,2363,1488,35,60,51,-1,-1
42,16,2364,1490,32,60,51,-1,-1
42,16,2365,1492,32,57,49,-1,-1
42,16,2366,1493,30,57,49,-1,-1
42,16,2367,1494,28,57,49,-1,-1
42,16,2368,1493,27,57,49,-1,-1
42,16,2369,1495,27,57,49,-1,-1
42,16,2370,1496,26,55,46,-1,-1
42,16,2371,1497,25,55,46,-1,-1
42,16,2372,1500,26,52,44,-1,-1
42,16,2373,1503,23,52,44,-1,-1
42,16,2374,1503,23,52,44,-1,-1
42,16,2375,1503,22,52,44,-1,-1
42,16,2376,1505,21,50,42,-1,-1
42,16,2377,1506,20,50,42,-1,-1
42,21,0,1370,50,68,52,-1,-1
42,21,1,1371,49,68,52,-1,-1
42,21,2,1373,49,68,52,-1,-1
42,21,3,1376,48,68,52,-1,-1
42,21,4,1377,45,68,52,-1,-1
42,21,5,1378,44,65,50,-1,-1
42,21,6,1383,43,65,50,-1,-1
42,21,7,1387,42,65,50,-1,-1
42,21,8,1389,40,65,50,-1,-1
42,21,9,1389,38,65,50,-1,-1
42,21,10,1391,38,65,50,-1,-1
42,21,11,1396,36,62,47,-1,-1
42,21,12,1400,38,62,47,-1,-1
42,21,13,1398,34,62,47,-1,-1
42,21,14,1400,35,62,47,-1,-1
42,21,15,1402,33,62,47,-1,-1
42,21,16,1405,33,62,47,-1,-1
42,21,17,1406,30,59,47,-1,-1
42,21,18,1410,31,56,45,-1,-1
42,21,19,1410,30,57,46,-1,-1
42,21,20,1411,26,59,46,-1,-1
42,21,21,1415,27,55,45,-1,-1
42,21,22,1416,26,55,46,-1,-1
42,21,23,1418,24,54,44,-1,-1
42,21,24,1417,25,52,44,-1,-1
42,21,25,1419,24,54,44,-1,-1
42,21,26,1419,22,56,43,-1,-1
42,21,27,1424,22,53,41,-1,-1
42,21,28,1424,23,53,41,-1,-1
42,21,29,1426,22,51,39,-1,-1
42,21,30,1428,24,48,37,-1,-1
42,21,31,1430,25,48,37,-1,-1
42,21,32,1430,24,48,37,-1,-1
42,21,33,1431,21,48,37,-1,-1
42,21,34,1432,20,48,37,-1,-1
42,21,35,1433,20,48,37,-1,-1
42,21,36,1435,20,48,37,-1,-1
