43,1,295,215,658,605,392,-1,-1
43,1,296,318,601,542,388,-1,-1
43,1,297,388,563,492,379,-1,-1
43,1,298,474,541,450,327,-1,-1
43,1,299,545,502,408,301,-1,-1
43,1,300,608,477,367,265,-1,-1
43,1,301,655,454,345,245,-1,-1
43,1,302,701,425,324,232,-1,-1
43,1,303,746,402,300,223,-1,-1
43,1,304,778,387,291,214,-1,-1
43,1,305,813,372,277,204,-1,-1
43,1,306,842,358,257,195,-1,-1
43,1,307,869,348,245,186,-1,-1
43,1,308,896,336,233,177,-1,-1
43,1,309,917,313,222,169,-1,-1
43,1,310,943,314,209,153,-1,-1
43,1,311,969,298,195,148,-1,-1
43,1,312,985,290,189,142,-1,-1
43,1,313,1000,278,180,141,-1,-1
43,1,314,1016,273,173,134,-1,-1
43,1,315,1033,270,163,120,-1,-1
43,1,316,1047,261,160,120,-1,-1
43,1,317,1063,250,152,124,-1,-1
43,1,318,1074,247,145,118,-1,-1
43,1,319,1087,241,140,107,-1,-1
43,1,320,1099,235,138,104,-1,-1
43,1,321,1109,231,132,110,-1,-1
43,1,322,1115,227,131,101,-1,-1
43,1,323,1129,217,125,105,-1,-1
43,1,324,1139,209,115,106,-1,-1
43,1,325,1146,212,116,105,-1,-1
43,1,326,1153,208,114,99,-1,-1
43,1,327,1162,204,106,94,-1,-1
43,1,328,1168,199,102,91,-1,-1
43,1,329,1178,195,99,89,-1,-1
43,1,330,1183,190,99,91,-1,-1
43,1,331,1190,189,94,85,-1,-1
43,1,332,1196,188,92,80,-1,-1
43,1,333,1202,181,91,81,-1,-1
43,1,334,1207,178,92,81,-1,-1
43,1,335,1213,174,90,81,-1,-1
43,1,336,1218,170,90,80,-1,-1
43,1,337,1222,166,89,79,-1,-1
43,1,338,1226,165,86,77,-1,-1
43,1,339,1232,161,86,76,-1,-1
43,1,340,1237,157,84,74,-1,-1
43,1,341,1241,156,82,71,-1,-1
43,1,342,1246,156,79,66,-1,-1
43,1,343,1249,153,80,66,-1,-1
43,1,344,1254,149,77,67,-1,-1
43,1,345,1257,146,81,68,-1,-1
43,1,346,1262,145,76,64,-1,-1
43,1,347,1266,144,73,64,-1,-1
43,1,348,1269,142,76,62,-1,-1
43,1,349,1270,140,78,61,-1,-1
43,1,350,1274,137,78,61,-1,-1
43,1,351,1277,136,78,61,-1,-1
43,1,352,1281,134,73,59,-1,-1
43,1,353,1285,131,72,59,-1,-1
43,1,354,1287,130,74,59,-1,-1
43,1,355,1292,130,69,61,-1,-1
43,1,356,1294,128,70,61,-1,-1
43,1,357,1297,127,65,58,-1,-1
43,1,358,1299,125,67,57,-1,-1
43,1,359,1301,124,67,58,-1,-1
43,1,360,1306,122,63,55,-1,-1
43,1,361,1308,122,62,55,-1,-1
43,1,362,1311,124,60,51,-1,-1
43,1,363,1312,120,61,52,-1,-1
43,1,364,1317,122,58,49,-1,-1
43,1,365,1317,120,59,50,-1,-1
43,1,366,1319,118,60,50,-1,-1
43,1,367,1321,118,56,46,-1,-1
43,1,368,1325,115,55,47,-1,-1
43,1,369,1325,116,55,46,-1,-1
43,1,370,1328,114,53,44,-1,-1
43,1,371,1329,111,54,46,-1,-1
43,1,372,1331,111,53,46,-1,-1
43,1,373,1333,110,52,43,-1,-1
43,1,374,1331,108,54,46,-1,-1
43,1,375,1334,108,55,43,-1,-1
43,1,376,1335,108,55,43,-1,-1
43,1,377,1336,106,55,43,-1,-1
43,1,378,1339,106,55,43,-1,-1
43,1,379,1341,107,53,41,-1,-1
43,1,380,1342,105,53,41,-1,-1
43,1,381,1344,103,53,41,-1,-1
43,1,382,1347,102,53,41,-1,-1
43,1,383,1349,101,53,41,-1,-1
43,1,384,1351,100,50,39,-1,-1
43,1,385,1352,99,50,39,-1,-1
43,1,386,1352,100,50,39,-1,-1
43,1,387,1355,99,48,37,-1,-1
43,1,388,1355,97,48,37,-1,-1
43,1,389,1356,96,50,39,-1,-1
43,1,390,1358,95,50,39,-1,-1
43,1,391,1359,95,50,39,-1,-1
43,1,392,1360,92,50,39,-1,-1
43,1,393,1361,93,48,37,-1,-1
43,1,394,1363,93,48,37,-1,-1
43,1,395,1364,92,48,37,-1,-1
43,1,396,1364,92,48,37,-1,-1
43,1,397,1365,89,48,37,-1,-1
43,1,398,1366,88,48,37,-1,-1
43,1,399,1368,87,48,37,-1,-1
43,1,400,1367,87,48,37,-1,-1
43,1,401,1370,86,48,37,-1,-1
43,1,402,1369,84,48,37,-1,-1
43,1,403,1374,85,45,35,-1,-1
43,1,404,1375,86,43,34,-1,-1
43,1,405,1376,83,43,34,-1,-1
43,2,318,715,666,526,414,-1,-1
43,2,319,795,616,463,408,-1,-1
43,2,320,866,578,412,384,-1,-1
43,2,321,925,551,365,335,-1,-1
43,2,322,963,518,343,299,-1,-1
43,2,323,1003,485,312,272,-1,-1
43,2,324,1032,455,286,250,-1,-1
43,2,325,1058,434,274,226,-1,-1
43,2,326,1081,407,257,216,-1,-1
43,2,327,1096,391,244,199,-1,-1
43,2,328,1125,371,227,185,-1,-1
43,2,329,1141,356,210,173,-1,-1
43,2,330,1161,336,195,165,-1,-1
43,2,331,1175,322,186,157,-1,-1
43,2,332,1187,311,177,150,-1,-1
43,2,333,1199,296,177,150,-1,-1
43,2,334,1207,291,172,140,-1,-1
43,2,335,1217,280,172,140,-1,-1
43,2,336,1229,271,164,130,-1,-1
43,2,337,1242,263,152,117,-1,-1
43,2,338,1247,257,152,117,-1,-1
43,2,339,1252,244,152,117,-1,-1
43,2,340,1265,236,135,104,-1,-1
43,2,341,1270,231,129,93,-1,-1
43,2,342,1269,229,129,93,-1,-1
43,2,343,1278,221,119,94,-1,-1
43,2,344,1285,214,119,94,-1,-1
43,2,345,1286,211,119,94,-1,-1
43,2,346,1294,206,109,83,-1,-1
43,2,347,1301,201,102,81,-1,-1
43,2,348,1307,195,102,81,-1,-1
43,2,349,1311,191,102,81,-1,-1
43,2,350,1315,187,102,81,-1,-1
43,2,351,1319,181,102,81,-1,-1
43,2,352,1323,180,102,81,-1,-1
43,2,353,1324,179,102,81,-1,-1
43,2,354,1328,175,95,77,-1,-1
43,2,355,1335,170,95,77,-1,-1
43,2,356,1338,169,95,77,-1,-1
43,2,357,1340,165,91,72,-1,-1
43,2,358,1339,161,91,72,-1,-1
43,2,359,1349,154,85,71,-1,-1
43,2,360,1352,152,80,66,-1,-1
43,2,361,1355,153,80,66,-1,-1
43,2,362,1354,151,80,66,-1,-1
43,2,363,1357,147,80,66,-1,-1
43,2,364,1358,145,80,66,-1,-1
43,2,365,1362,142,80,66,-1,-1
43,2,366,1362,141,80,66,-1,-1
43,2,367,1365,136,77,67,-1,-1
43,2,368,1370,134,73,64,-1,-1
43,2,369,1371,133,73,64,-1,-1
43,2,370,1377,135,69,57,-1,-1
43,2,371,1377,133,69,57,-1,-1
43,2,372,1378,131,69,54,-1,-1
43,2,373,1379,128,68,54,-1,-1
43,2,374,1379,126,68,54,-1,-1
43,2,375,1383,124,65,54,-1,-1
43,2,376,1385,122,65,54,-1,-1
43,2,377,1386,121,66,50,-1,-1
43,2,378,1387,120,66,50,-1,-1
43,2,379,1388,120,66,50,-1,-1
43,2,380,1391,118,66,50,-1,-1
43,2,381,1391,117,64,50,-1,-1
43,2,382,1394,118,58,45,-1,-1
43,2,383,1397,115,58,45,-1,-1
43,2,384,1398,112,58,45,-1,-1
43,2,385,1400,112,58,45,-1,-1
43,2,386,1400,109,58,45,-1,-1
43,2,387,1399,108,58,45,-1,-1
43,2,388,1402,107,58,45,-1,-1
43,2,389,1402,107,58,45,-1,-1
43,2,390,1406,105,54,43,-1,-1
43,2,391,1409,107,52,41,-1,-1
43,2,392,1410,103,52,41,-1,-1
43,2,393,1411,104,52,41,-1,-1
43,2,394,1412,102,52,41,-1,-1
43,2,395,1411,100,52,41,-1,-1
43,2,396,1414,99,52,41,-1,-1
43,2,397,1415,98,52,41,-1,-1
43,3,646,740,144,701,936,-1,-1
43,3,647,780,140,661,905,-1,-1
43,3,648,843,138,593,809,-1,-1
43,3,649,894,133,547,747,-1,-1
43,3,650,930,127,512,708,-1,-1
43,3,651,958,122,489,680,-1,-1
43,3,652,982,120,465,631,-1,-1
43,3,653,1013,118,436,601,-1,-1
43,3,654,1039,114,410,566,-1,-1
43,3,655,1056,117,397,538,-1,-1
43,3,656,1073,113,382,509,-1,-1
43,3,657,1090,109,364,480,-1,-1
43,3,658,1109,105,342,461,-1,-1
43,3,659,1123,102,332,441,-1,-1
43,3,660,1136,103,319,421,-1,-1
43,3,661,1149,102,306,403,-1,-1
43,3,662,1164,97,291,389,-1,-1
43,3,663,1176,96,281,374,-1,-1
43,3,664,1182,94,273,362,-1,-1
43,3,665,1193,95,262,350,-1,-1
43,3,666,1204,92,251,338,-1,-1
43,3,667,1209,91,248,330,-1,-1
43,3,668,1217,88,242,329,-1,-1
43,3,669,1226,88,235,311,-1,-1
43,3,670,1231,87,230,304,-1,-1
43,3,671,1237,84,223,299,-1,-1
43,3,672,1244,83,217,289,-1,-1
43,3,673,1256,81,206,284,-1,-1
43,3,674,1262,81,198,271,-1,-1
43,3,675,1271,79,192,267,-1,-1
43,3,676,1275,78,188,259,-1,-1
43,3,677,1273,79,192,253,-1,-1
43,3,678,1278,74,183,247,-1,-1
43,3,679,1281,75,182,243,-1,-1
43,3,680,1285,73,180,244,-1,-1
43,3,681,1287,74,177,236,-1,-1
43,3,682,1295,75,168,229,-1,-1
43,3,683,1300,74,164,223,-1,-1
43,3,684,1307,71,156,216,-1,-1
43,3,685,1307,71,157,208,-1,-1
43,3,686,1316,69,149,206,-1,-1
43,3,687,1315,67,149,206,-1,-1
43,3,688,1319,65,149,206,-1,-1
43,3,689,1318,64,149,206,-1,-1
43,3,690,1316,64,152,195,-1,-1
43,3,691,1325,63,143,191,-1,-1
43,3,692,1326,65,143,191,-1,-1
43,3,693,1330,63,136,185,-1,-1
43,3,694,1329,63,138,181,-1,-1
43,3,695,1328,60,138,181,-1,-1
43,3,696,1329,59,138,181,-1,-1
43,3,697,1331,59,136,171,-1,-1
43,3,698,1336,62,132,167,-1,-1
43,3,699,1339,60,132,167,-1,-1
43,3,700,1341,59,129,166,-1,-1
43,3,701,1345,58,123,161,-1,-1
43,3,702,1346,59,126,157,-1,-1
43,3,703,1346,58,126,157,-1,-1
43,3,704,1345,58,126,157,-1,-1
43,3,705,1351,59,120,151,-1,-1
43,3,706,1351,58,120,151,-1,-1
43,3,707,1349,58,123,147,-1,-1
43,3,708,1354,57,119,146,-1,-1
43,3,709,1355,56,118,142,-1,-1
43,3,710,1359,56,115,142,-1,-1
43,3,711,1361,57,111,140,-1,-1
43,3,712,1364,55,108,140,-1,-1
43,3,713,1365,56,110,134,-1,-1
43,3,714,1365,56,110,134,-1,-1
43,3,715,1365,56,110,134,-1,-1
43,3,716,1370,57,107,133,-1,-1
43,3,717,1368,53,107,133,-1,-1
43,3,718,1367,55,107,133,-1,-1
43,3,719,1369,53,107,133,-1,-1
43,3,720,1371,52,105,126,-1,-1
43,3,721,1372,53,105,126,-1,-1
43,3,722,1373,52,105,126,-1,-1
43,3,723,1377,52,101,126,-1,-1
43,3,724,1377,50,99,126,-1,-1
43,3,725,1378,52,100,118,-1,-1
43,3,726,1380,51,100,118,-1,-1
43,3,727,1382,52,95,116,-1,-1
43,3,728,1382,49,95,116,-1,-1
43,3,729,1382,51,95,112,-1,-1
43,4,725,136,696,633,383,-1,-1
43,4,726,215,650,600,370,-1,-1
43,4,727,328,614,522,324,-1,-1
43,4,728,403,580,478,299,-1,-1
43,4,729,474,544,437,285,-1,-1
43,4,730,526,505,420,255,-1,-1
43,4,731,577,488,384,243,-1,-1
43,4,732,627,474,359,233,-1,-1
43,4,733,674,441,335,233,-1,-1
43,4,734,713,422,320,216,-1,-1
43,4,735,744,403,308,207,-1,-1
43,4,736,777,392,283,193,-1,-1
43,4,737,813,373,268,192,-1,-1
43,4,738,836,359,256,190,-1,-1
43,4,739,862,351,244,181,-1,-1
43,4,740,882,333,234,184,-1,-1
43,4,741,900,326,234,184,-1,-1
43,4,742,927,316,215,156,-1,-1
43,4,743,944,309,208,143,-1,-1
43,4,744,961,298,197,134,-1,-1
43,4,745,977,287,192,135,-1,-1
43,4,746,997,282,187,139,-1,-1
43,4,747,1010,277,179,127,-1,-1
43,4,748,1020,267,177,124,-1,-1
43,4,749,1033,263,169,117,-1,-1
43,4,750,1045,254,168,119,-1,-1
43,4,751,1058,248,161,115,-1,-1
43,4,752,1070,240,153,116,-1,-1
43,4,753,1083,237,145,114,-1,-1
43,4,754,1089,231,147,109,-1,-1
43,4,755,1098,227,143,103,-1,-1
43,4,756,1111,221,139,104,-1,-1
43,4,757,1119,215,134,105,-1,-1
43,4,758,1125,210,134,105,-1,-1
43,4,759,1135,206,127,101,-1,-1
43,4,760,1143,204,124,93,-1,-1
43,4,761,1151,199,124,93,-1,-1
43,4,762,1157,201,121,88,-1,-1
43,4,763,1162,198,119,88,-1,-1
43,4,764,1169,193,117,86,-1,-1
43,4,765,1178,189,112,87,-1,-1
43,4,766,1182,181,112,87,-1,-1
43,4,767,1184,178,112,87,-1,-1
43,4,768,1190,177,105,80,-1,-1
43,4,769,1195,175,105,80,-1,-1
43,4,770,1200,171,105,80,-1,-1
43,4,771,1203,164,105,80,-1,-1
43,4,772,1210,165,105,80,-1,-1
43,4,773,1214,163,99,81,-1,-1
43,4,774,1220,160,99,81,-1,-1
43,4,775,1223,157,99,81,-1,-1
43,4,776,1227,154,99,81,-1,-1
43,4,777,1231,152,95,79,-1,-1
43,4,778,1236,150,89,75,-1,-1
43,4,779,1241,147,89,75,-1,-1
43,4,780,1244,146,89,75,-1,-1
43,4,781,1249,146,89,75,-1,-1
43,4,782,1250,143,89,75,-1,-1
43,4,783,1256,143,84,68,-1,-1
43,4,784,1260,142,84,68,-1,-1
43,4,785,1262,139,84,68,-1,-1
43,4,786,1263,135,84,68,-1,-1
43,4,787,1264,134,84,68,-1,-1
43,4,788,1271,133,81,66,-1,-1
43,4,789,1275,131,81,66,-1,-1
43,4,790,1277,128,81,66,-1,-1
43,4,791,1278,128,80,62,-1,-1
43,4,792,1283,129,75,60,-1,-1
43,4,793,1284,126,75,60,-1,-1
43,4,794,1287,123,75,60,-1,-1
43,4,795,1288,122,75,60,-1,-1
43,4,796,1288,121,75,60,-1,-1
43,4,797,1293,121,75,60,-1,-1
43,4,798,1293,120,75,60,-1,-1
43,4,799,1298,118,75,60,-1,-1
43,4,800,1301,117,72,57,-1,-1
43,4,801,1309,118,65,56,-1,-1
43,4,802,1310,116,65,56,-1,-1
43,4,803,1311,114,65,56,-1,-1
43,4,804,1312,113,65,56,-1,-1
43,4,805,1314,112,65,56,-1,-1
43,4,806,1317,115,63,50,-1,-1
43,4,807,1318,114,63,50,-1,-1
43,4,808,1320,112,63,50,-1,-1
43,4,809,1321,111,63,50,-1,-1
43,4,810,1323,109,63,50,-1,-1
43,4,811,1324,109,63,50,-1,-1
43,4,812,1325,108,63,50,-1,-1
43,4,813,1328,107,63,50,-1,-1
43,4,814,1329,104,63,50,-1,-1
43,4,815,1331,104,63,50,-1,-1
43,4,816,1332,103,63,50,-1,-1
43,4,817,1335,101,61,50,-1,-1
43,4,818,1339,101,56,47,-1,-1
43,4,819,1340,101,56,47,-1,-1
43,4,820,1340,101,56,47,-1,-1
43,4,821,1342,99,56,47,-1,-1
43,4,822,1342,98,56,47,-1,-1
43,4,823,1344,97,56,47,-1,-1
43,4,824,1347,95,56,47,-1,-1
43,4,825,1347,94,56,47,-1,-1
43,4,826,1349,96,56,47,-1,-1
43,4,827,1349,94,56,47,-1,-1
43,4,828,1349,94,56,47,-1,-1
43,4,829,1351,92,56,47,-1,-1
43,4,830,1354,94,53,43,-1,-1
43,4,831,1354,93,53,43,-1,-1
43,4,832,1355,92,53,43,-1,-1
43,4,833,1357,93,52,41,-1,-1
43,4,834,1360,92,52,41,-1,-1
43,4,835,1360,92,52,41,-1,-1
43,4,836,1361,91,51,38,-1,-1
43,4,837,1361,91,51,38,-1,-1
43,4,838,1363,90,51,38,-1,-1
43,4,839,1365,90,51,38,-1,-1
43,4,840,1364,90,51,38,-1,-1
43,4,841,1366,90,51,38,-1,-1
43,4,842,1366,87,51,38,-1,-1
43,4,843,1368,88,51,38,-1,-1
43,4,844,1369,88,51,38,-1,-1
43,4,845,1368,86,51,38,-1,-1
43,4,846,1370,86,51,38,-1,-1
43,4,847,1370,86,51,38,-1,-1
43,4,848,1372,85,50,35,-1,-1
43,4,849,1372,88,50,35,-1,-1
43,4,850,1374,85,50,35,-1,-1
43,4,851,1376,84,50,35,-1,-1
43,4,852,1377,85,50,35,-1,-1
43,4,853,1377,84,50,35,-1,-1
43,4,854,1377,85,50,35,-1,-1
43,4,855,1377,84,50,35,-1,-1
43,4,856,1379,84,50,35,-1,-1
43,4,857,1381,85,48,33,-1,-1
43,4,858,1385,86,45,32,-1,-1
43,4,859,1387,85,43,30,-1,-1
43,4,860,1386,84,43,30,-1,-1
43,4,861,1388,84,43,30,-1,-1
43,4,862,1387,83,43,30,-1,-1
43,4,863,1389,82,43,30,-1,-1
43,4,864,1389,81,43,30,-1,-1
43,4,865,1390,79,43,30,-1,-1
43,4,866,1390,79,43,30,-1,-1
43,4,867,1392,79,43,30,-1,-1
43,4,868,1394,79,41,29,-1,-1
43,4,869,1396,79,41,29,-1,-1
43,4,870,1395,78,41,29,-1,-1
43,4,871,1394,78,43,30,-1,-1
43,4,872,1397,77,43,30,-1,-1
43,4,873,1398,78,43,30,-1,-1
43,4,874,1398,77,43,30,-1,-1
43,4,875,1398,76,43,30,-1,-1
43,4,876,1399,75,43,30,-1,-1
43,4,877,1399,75,43,30,-1,-1
43,4,878,1401,74,41,29,-1,-1
43,4,879,1403,74,41,29,-1,-1
43,4,880,1403,74,41,29,-1,-1
43,4,881,1402,75,43,30,-1,-1
43,4,882,1403,74,41,29,-1,-1
43,4,883,1404,74,41,29,-1,-1
43,4,884,1404,73,41,29,-1,-1
43,4,885,1405,73,41,29,-1,-1
43,4,886,1406,73,41,29,-1,-1
43,4,887,1406,73,39,27,-1,-1
43,5,882,792,622,510,458,-1,-1
43,5,883,821,615,486,436,-1,-1
43,5,884,909,585,430,341,-1,-1
43,5,885,950,535,384,385,-1,-1
43,5,886,984,490,364,385,-1,-1
43,5,887,1021,476,327,331,-1,-1
43,5,888,1045,449,315,305,-1,-1
43,5,889,1074,427,293,304,-1,-1
43,5,890,1088,404,280,302,-1,-1
43,5,891,1112,389,260,252,-1,-1
43,5,892,1132,371,240,235,-1,-1
43,5,893,1149,356,224,226,-1,-1
43,5,894,1164,343,213,210,-1,-1
43,5,895,1175,335,206,204,-1,-1
43,5,896,1186,321,206,204,-1,-1
43,5,897,1204,312,193,194,-1,-1
43,5,898,1217,299,178,177,-1,-1
43,5,899,1223,284,178,177,-1,-1
43,5,900,1227,272,178,177,-1,-1
43,5,901,1235,274,177,157,-1,-1
43,5,902,1240,260,177,157,-1,-1
43,5,903,1250,260,167,156,-1,-1
43,5,904,1256,249,167,156,-1,-1
43,5,905,1265,242,158,155,-1,-1
43,5,906,1269,241,150,130,-1,-1
43,5,907,1274,232,150,130,-1,-1
43,5,908,1279,229,142,125,-1,-1
43,5,909,1286,232,138,120,-1,-1
43,5,910,1294,235,129,95,-1,-1
43,5,911,1296,225,129,95,-1,-1
43,5,912,1300,222,124,99,-1,-1
43,5,913,1302,213,124,99,-1,-1
43,5,914,1305,210,124,99,-1,-1
43,5,915,1311,206,119,98,-1,-1
43,5,916,1314,196,119,99,-1,-1
43,5,917,1319,193,110,99,-1,-1
43,5,918,1322,190,110,99,-1,-1
43,5,919,1328,188,110,99,-1,-1
43,5,920,1328,187,110,99,-1,-1
43,5,921,1330,183,105,95,-1,-1
43,5,922,1335,181,106,84,-1,-1
43,5,923,1335,179,106,84,-1,-1
43,5,924,1344,175,96,84,-1,-1
43,5,925,1345,171,96,84,-1,-1
43,5,926,1347,170,96,84,-1,-1
43,5,927,1346,164,96,84,-1,-1
43,5,928,1356,161,90,83,-1,-1
43,5,929,1356,160,90,83,-1,-1
43,5,930,1358,160,90,83,-1,-1
43,5,931,1358,158,86,74,-1,-1
43,5,932,1361,157,86,74,-1,-1
43,5,933,1362,151,86,74,-1,-1
43,5,934,1365,150,86,74,-1,-1
43,5,935,1364,148,85,66,-1,-1
43,5,936,1365,146,85,66,-1,-1
43,5,937,1365,144,85,66,-1,-1
43,5,938,1366,140,85,66,-1,-1
43,5,939,1370,142,85,66,-1,-1
43,5,940,1374,137,85,66,-1,-1
43,5,941,1376,137,79,66,-1,-1
43,5,942,1377,135,79,66,-1,-1
43,5,943,1378,133,79,66,-1,-1
43,5,944,1380,130,79,66,-1,-1
43,5,945,1379,129,79,66,-1,-1
43,5,946,1385,130,70,59,-1,-1
43,5,947,1385,130,70,59,-1,-1
43,5,948,1388,126,70,59,-1,-1
43,5,949,1388,127,70,59,-1,-1
43,5,950,1387,125,70,59,-1,-1
43,5,951,1388,123,70,59,-1,-1
43,5,952,1389,122,70,59,-1,-1
43,5,953,1391,122,67,56,-1,-1
43,5,954,1397,120,67,56,-1,-1
43,5,955,1395,115,67,56,-1,-1
43,5,956,1393,117,67,56,-1,-1
43,5,957,1395,113,67,56,-1,-1
43,5,958,1398,110,67,56,-1,-1
43,5,959,1401,112,62,53,-1,-1
43,5,960,1401,107,62,53,-1,-1
43,5,961,1404,107,62,53,-1,-1
43,5,962,1405,105,62,53,-1,-1
43,5,963,1406,104,62,53,-1,-1
43,5,964,1405,104,62,53,-1,-1
43,5,965,1405,104,62,53,-1,-1
43,5,966,1407,104,62,53,-1,-1
43,5,967,1406,103,62,53,-1,-1
43,5,968,1407,101,62,53,-1,-1
43,5,969,1408,101,62,53,-1,-1
43,5,970,1409,100,62,53,-1,-1
43,6,883,248,695,521,366,-1,-1
43,6,884,311,654,521,366,-1,-1
43,6,885,380,617,491,380,-1,-1
43,6,886,449,580,428,312,-1,-1
43,6,887,530,552,386,298,-1,-1
43,6,888,587,517,373,282,-1,-1
43,6,889,627,493,358,281,-1,-1
43,6,890,676,464,324,231,-1,-1
43,6,891,712,447,309,220,-1,-1
43,6,892,756,427,294,210,-1,-1
43,6,893,786,409,276,215,-1,-1
43,6,894,822,389,253,216,-1,-1
43,6,895,854,380,234,197,-1,-1
43,6,896,875,358,227,194,-1,-1
43,6,897,904,344,212,172,-1,-1
43,6,898,925,331,212,172,-1,-1
43,6,899,942,323,202,155,-1,-1
43,6,900,956,316,202,155,-1,-1
43,6,901,978,304,184,135,-1,-1
43,6,902,988,301,184,135,-1,-1
43,6,903,1014,293,168,133,-1,-1
43,6,904,1025,284,168,133,-1,-1
43,6,905,1040,271,161,124,-1,-1
43,6,906,1048,262,161,124,-1,-1
43,6,907,1064,258,154,116,-1,-1
43,6,908,1077,249,145,113,-1,-1
43,6,909,1091,245,145,113,-1,-1
43,6,910,1095,240,144,103,-1,-1
43,6,911,1104,236,141,95,-1,-1
43,6,912,1113,231,136,96,-1,-1
43,6,913,1131,222,125,96,-1,-1
43,6,914,1140,217,122,91,-1,-1
43,6,915,1147,213,122,91,-1,-1
43,6,916,1150,206,122,91,-1,-1
43,6,917,1162,206,112,85,-1,-1
43,6,918,1170,200,112,85,-1,-1
43,6,919,1173,193,112,85,-1,-1
43,6,920,1182,192,108,79,-1,-1
43,6,921,1190,190,101,80,-1,-1
43,6,922,1195,186,101,80,-1,-1
43,6,923,1199,183,101,80,-1,-1
43,6,924,1207,179,96,71,-1,-1
43,6,925,1211,177,96,71,-1,-1
43,6,926,1216,175,96,71,-1,-1
43,6,927,1221,170,96,71,-1,-1
43,6,928,1227,170,89,67,-1,-1
43,6,929,1233,163,89,67,-1,-1
43,6,930,1236,164,89,67,-1,-1
43,6,931,1238,162,89,67,-1,-1
43,6,932,1244,160,89,67,-1,-1
43,6,933,1251,154,83,68,-1,-1
43,6,934,1253,153,85,63,-1,-1
43,6,935,1253,155,86,58,-1,-1
43,6,936,1257,152,86,58,-1,-1
43,6,937,1259,147,86,58,-1,-1
43,6,938,1263,145,86,58,-1,-1
43,6,939,1268,145,86,58,-1,-1
43,6,940,1278,143,73,57,-1,-1
43,6,941,1277,140,73,57,-1,-1
43,6,942,1281,138,73,57,-1,-1
43,6,943,1284,137,73,57,-1,-1
43,6,944,1289,134,73,57,-1,-1
43,6,945,1289,130,73,57,-1,-1
43,6,946,1292,128,73,57,-1,-1
43,6,947,1295,132,72,51,-1,-1
43,6,948,1298,130,72,51,-1,-1
43,6,949,1303,127,72,51,-1,-1
43,6,950,1299,124,72,51,-1,-1
43,6,951,1302,126,72,51,-1,-1
43,6,952,1305,122,72,51,-1,-1
43,6,953,1310,118,72,51,-1,-1
43,6,954,1311,117,68,52,-1,-1
43,6,955,1315,117,68,52,-1,-1
43,6,956,1314,114,68,52,-1,-1
43,6,957,1314,117,67,47,-1,-1
43,6,958,1320,115,67,47,-1,-1
43,6,959,1325,114,60,43,-1,-1
43,6,960,1325,110,60,43,-1,-1
43,6,961,1328,112,60,43,-1,-1
43,6,962,1330,113,60,43,-1,-1
43,6,963,1335,113,54,43,-1,-1
43,6,964,1335,110,54,43,-1,-1
43,6,965,1336,109,54,43,-1,-1
43,6,966,1338,108,54,43,-1,-1
43,6,967,1338,105,54,43,-1,-1
43,6,968,1340,103,54,43,-1,-1
43,6,969,1343,102,54,43,-1,-1
43,6,970,1344,101,54,43,-1,-1
43,7,904,115,612,666,468,-1,-1
43,7,905,217,576,600,442,-1,-1
43,7,906,307,530,552,404,-1,-1
43,7,907,393,510,495,345,-1,-1
43,7,908,462,488,454,304,-1,-1
43,7,909,528,463,421,290,-1,-1
43,7,910,584,438,392,270,-1,-1
43,7,911,633,418,371,243,-1,-1
43,7,912,672,396,345,238,-1,-1
43,7,913,708,376,333,226,-1,-1
43,7,914,748,363,304,209,-1,-1
43,7,915,785,348,288,193,-1,-1
43,7,916,815,338,271,185,-1,-1
43,7,917,841,322,255,177,-1,-1
43,7,918,870,311,244,168,-1,-1
43,7,919,892,303,232,160,-1,-1
43,7,920,913,291,225,161,-1,-1
43,7,921,934,281,210,157,-1,-1
43,7,922,955,276,202,145,-1,-1
43,7,923,975,269,192,138,-1,-1
43,7,924,986,257,192,138,-1,-1
43,7,925,1001,248,186,136,-1,-1
43,7,926,1016,248,173,123,-1,-1
43,7,927,1031,239,166,124,-1,-1
43,7,928,1043,235,159,119,-1,-1
43,7,929,1056,226,159,119,-1,-1
43,7,930,1067,222,151,117,-1,-1
43,7,931,1075,217,147,112,-1,-1
43,7,932,1085,211,147,112,-1,-1
43,7,933,1095,205,141,112,-1,-1
43,7,934,1108,202,133,103,-1,-1
43,7,935,1113,199,133,103,-1,-1
43,7,936,1119,195,130,96,-1,-1
43,7,937,1127,190,130,96,-1,-1
43,7,938,1137,189,130,96,-1,-1
43,7,939,1143,181,130,96,-1,-1
43,7,940,1154,179,118,90,-1,-1
43,7,941,1161,177,113,87,-1,-1
43,7,942,1166,174,113,87,-1,-1
43,7,943,1172,169,113,87,-1,-1
43,7,944,1177,168,113,87,-1,-1
43,7,945,1184,167,108,84,-1,-1
43,7,946,1190,163,104,80,-1,-1
43,7,947,1195,160,104,80,-1,-1
43,7,948,1199,157,104,80,-1,-1
43,7,949,1196,152,104,80,-1,-1
43,7,950,1210,152,97,80,-1,-1
43,7,951,1214,149,93,78,-1,-1
43,7,952,1216,147,93,78,-1,-1
43,7,953,1224,143,93,78,-1,-1
43,7,954,1229,144,88,73,-1,-1
43,7,955,1231,142,88,73,-1,-1
43,7,956,1235,139,88,73,-1,-1
43,7,957,1242,135,88,73,-1,-1
43,7,958,1243,134,88,73,-1,-1
43,7,959,1250,135,82,67,-1,-1
43,7,960,1254,132,82,67,-1,-1
43,7,961,1255,131,82,67,-1,-1
43,7,962,1263,130,82,67,-1,-1
43,7,963,1266,129,77,59,-1,-1
43,7,964,1265,127,77,59,-1,-1
43,7,965,1271,124,73,60,-1,-1
43,7,966,1271,126,73,60,-1,-1
43,7,967,1272,123,73,60,-1,-1
43,7,968,1278,121,73,60,-1,-1
43,7,969,1283,118,73,60,-1,-1
43,7,970,1286,119,68,58,-1,-1
43,7,971,1286,119,68,58,-1,-1
43,7,972,1289,115,68,58,-1,-1
43,7,973,1293,118,68,58,-1,-1
43,7,974,1298,114,60,56,-1,-1
43,7,975,1300,112,60,56,-1,-1
43,7,976,1301,112,60,56,-1,-1
43,7,977,1305,111,60,56,-1,-1
43,7,978,1308,111,59,48,-1,-1
43,7,979,1311,110,59,48,-1,-1
43,7,980,1312,109,59,48,-1,-1
43,7,981,1313,106,59,48,-1,-1
43,7,982,1317,107,59,48,-1,-1
43,7,983,1318,106,59,48,-1,-1
43,7,984,1320,105,59,48,-1,-1
43,7,985,1322,104,59,48,-1,-1
43,7,986,1322,103,59,48,-1,-1
43,7,987,1327,100,59,48,-1,-1
43,7,988,1328,101,59,48,-1,-1
43,7,989,1330,98,59,48,-1,-1
43,7,990,1331,101,59,43,-1,-1
43,7,991,1330,98,59,43,-1,-1
43,7,992,1330,95,59,43,-1,-1
43,7,993,1334,92,59,43,-1,-1
43,7,994,1335,93,59,43,-1,-1
43,7,995,1336,94,59,43,-1,-1
43,7,996,1341,93,54,42,-1,-1
43,7,997,1343,92,54,42,-1,-1
43,7,998,1345,94,54,42,-1,-1
43,7,999,1347,94,54,42,-1,-1
43,7,1000,1347,94,54,42,-1,-1
43,7,1001,1348,92,54,42,-1,-1
43,7,1002,1346,90,54,42,-1,-1
43,7,1003,1351,89,54,42,-1,-1
43,7,1004,1353,88,54,42,-1,-1
43,7,1005,1354,87,54,42,-1,-1
43,7,1006,1353,86,54,42,-1,-1
43,7,1007,1355,86,54,42,-1,-1
43,7,1008,1357,86,54,42,-1,-1
43,7,1009,1359,87,52,40,-1,-1
43,7,1010,1360,86,52,40,-1,-1
43,7,1011,1359,84,52,40,-1,-1
43,7,1012,1362,85,48,35,-1,-1
43,7,1013,1366,85,48,35,-1,-1
43,7,1014,1367,86,48,35,-1,-1
43,7,1015,1366,84,48,35,-1,-1
43,7,1016,1365,83,48,35,-1,-1
43,7,1017,1369,84,48,35,-1,-1
43,7,1018,1370,83,48,35,-1,-1
43,7,1019,1369,80,48,35,-1,-1
43,7,1020,1371,82,48,35,-1,-1
43,7,1021,1374,80,48,35,-1,-1
43,8,925,13,713,643,367,-1,-1
43,8,926,57,670,657,412,-1,-1
43,8,927,160,630,592,424,-1,-1
43,8,928,255,592,534,382,-1,-1
43,8,929,345,560,482,341,-1,-1
43,8,930,424,530,434,312,-1,-1
43,8,931,485,509,403,277,-1,-1
43,8,932,535,487,382,253,-1,-1
43,8,933,588,461,355,241,-1,-1
43,8,934,634,438,331,227,-1,-1
43,8,935,676,416,306,214,-1,-1
43,8,936,709,402,291,204,-1,-1
43,8,937,749,389,272,186,-1,-1
43,8,938,783,372,259,177,-1,-1
43,8,939,811,361,247,169,-1,-1
43,8,940,834,349,235,161,-1,-1
43,8,941,858,339,224,153,-1,-1
43,8,942,886,327,207,142,-1,-1
43,8,943,904,316,207,142,-1,-1
43,8,944,925,309,195,134,-1,-1
43,8,945,941,298,188,132,-1,-1
43,8,946,955,290,184,122,-1,-1
43,8,947,976,282,173,118,-1,-1
43,8,948,990,273,173,118,-1,-1
43,8,949,1002,264,173,118,-1,-1
43,8,950,1018,257,160,112,-1,-1
43,8,951,1028,253,154,103,-1,-1
43,8,952,1039,244,154,103,-1,-1
43,8,953,1050,241,149,104,-1,-1
43,8,954,1063,235,144,99,-1,-1
43,8,955,1076,230,138,96,-1,-1
43,8,956,1085,223,129,95,-1,-1
43,8,957,1094,220,129,95,-1,-1
43,8,958,1102,216,129,95,-1,-1
43,8,959,1108,213,126,87,-1,-1
43,8,960,1115,207,126,87,-1,-1
43,8,961,1127,205,119,84,-1,-1
43,8,962,1134,198,119,84,-1,-1
43,8,963,1142,197,114,78,-1,-1
43,8,964,1149,192,114,78,-1,-1
43,8,965,1155,189,113,76,-1,-1
43,8,966,1162,188,107,74,-1,-1
43,8,967,1165,183,107,74,-1,-1
43,8,968,1178,181,101,71,-1,-1
43,8,969,1182,177,101,71,-1,-1
43,8,970,1184,177,98,68,-1,-1
43,8,971,1190,171,98,68,-1,-1
43,8,972,1193,171,98,68,-1,-1
43,8,973,1199,169,98,68,-1,-1
43,8,974,1208,168,89,59,-1,-1
43,8,975,1213,164,89,59,-1,-1
43,8,976,1215,162,89,59,-1,-1
43,8,977,1220,160,89,59,-1,-1
43,8,978,1223,157,89,59,-1,-1
43,8,979,1229,154,83,59,-1,-1
43,8,980,1232,151,83,59,-1,-1
43,8,981,1234,149,83,59,-1,-1
43,8,982,1236,147,83,59,-1,-1
43,8,983,1245,146,78,58,-1,-1
43,8,984,1249,143,78,58,-1,-1
43,8,985,1251,140,73,54,-1,-1
43,8,986,1252,141,73,54,-1,-1
43,8,987,1257,139,73,54,-1,-1
43,8,988,1260,136,73,54,-1,-1
43,8,989,1263,135,73,54,-1,-1
43,8,990,1267,133,73,54,-1,-1
43,8,991,1270,133,73,54,-1,-1
43,8,992,1273,133,69,49,-1,-1
43,8,993,1274,131,69,49,-1,-1
43,8,994,1279,130,69,49,-1,-1
43,8,995,1281,129,69,49,-1,-1
43,8,996,1287,127,63,46,-1,-1
43,8,997,1287,125,63,46,-1,-1
43,8,998,1290,126,63,46,-1,-1
43,8,999,1294,124,63,46,-1,-1
43,8,1000,1296,124,63,46,-1,-1
43,8,1001,1297,123,63,46,-1,-1
43,8,1002,1300,120,60,44,-1,-1
43,8,1003,1302,120,60,44,-1,-1
43,8,1004,1305,117,60,44,-1,-1
43,8,1005,1304,115,60,44,-1,-1
43,8,1006,1306,114,60,44,-1,-1
43,8,1007,1308,113,60,44,-1,-1
43,8,1008,1310,112,60,44,-1,-1
43,8,1009,1315,112,60,44,-1,-1
43,8,1010,1313,110,60,44,-1,-1
43,8,1011,1314,109,60,44,-1,-1
43,8,1012,1320,109,56,42,-1,-1
43,8,1013,1323,108,56,42,-1,-1
43,8,1014,1324,107,56,42,-1,-1
43,8,1015,1326,106,56,42,-1,-1
43,8,1016,1328,106,56,42,-1,-1
43,8,1017,1329,105,56,42,-1,-1
43,8,1018,1331,106,56,42,-1,-1
43,8,1019,1331,102,56,42,-1,-1
43,8,1020,1333,103,56,42,-1,-1
43,8,1021,1334,102,56,42,-1,-1
43,8,1022,1338,99,48,38,-1,-1
43,8,1023,1341,99,48,38,-1,-1
43,8,1024,1341,98,48,38,-1,-1
43,8,1025,1342,100,48,38,-1,-1
43,8,1026,1344,99,48,38,-1,-1
43,8,1027,1346,97,48,38,-1,-1
43,8,1028,1347,97,48,38,-1,-1
43,8,1029,1349,98,46,36,-1,-1
43,8,1030,1350,97,46,36,-1,-1
43,8,1031,1351,96,46,36,-1,-1
43,8,1032,1353,93,46,36,-1,-1
43,8,1033,1355,92,46,36,-1,-1
43,8,1034,1355,94,46,36,-1,-1
43,8,1035,1356,91,48,38,-1,-1
43,9,973,41,624,703,454,-1,-1
43,9,974,141,596,648,483,-1,-1
43,9,975,232,558,592,417,-1,-1
43,9,976,326,529,532,389,-1,-1
43,9,977,392,502,493,355,-1,-1
43,9,978,452,470,461,334,-1,-1
43,9,979,505,449,428,311,-1,-1
43,9,980,558,426,404,289,-1,-1
43,9,981,607,410,373,268,-1,-1
43,9,982,644,388,355,255,-1,-1
43,9,983,672,369,355,255,-1,-1
43,9,984,726,360,313,232,-1,-1
43,9,985,758,348,296,218,-1,-1
43,9,986,786,333,279,215,-1,-1
43,9,987,815,320,266,205,-1,-1
43,9,988,838,312,254,191,-1,-1
43,9,989,857,298,247,188,-1,-1
43,9,990,878,290,235,176,-1,-1
43,9,991,901,283,224,167,-1,-1
43,9,992,918,275,217,161,-1,-1
43,9,993,936,265,208,164,-1,-1
43,9,994,948,256,208,164,-1,-1
43,9,995,965,251,196,149,-1,-1
43,9,996,982,245,189,150,-1,-1
43,9,997,1004,241,173,140,-1,-1
43,9,998,1014,235,173,140,-1,-1
43,9,999,1022,229,173,140,-1,-1
43,9,1000,1037,223,161,128,-1,-1
43,9,1001,1046,217,161,128,-1,-1
43,9,1002,1060,211,151,128,-1,-1
43,9,1003,1069,209,151,125,-1,-1
43,9,1004,1082,205,142,113,-1,-1
43,9,1005,1088,200,142,113,-1,-1
43,9,1006,1098,200,135,106,-1,-1
43,9,1007,1105,197,135,106,-1,-1
43,9,1008,1109,190,135,106,-1,-1
43,9,1009,1114,187,135,106,-1,-1
43,9,1010,1128,183,123,105,-1,-1
43,9,1011,1136,175,123,105,-1,-1
43,9,1012,1143,176,119,95,-1,-1
43,9,1013,1149,172,118,97,-1,-1
43,9,1014,1156,170,115,99,-1,-1
43,9,1015,1159,166,115,99,-1,-1
43,9,1016,1165,166,111,101,-1,-1
43,9,1017,1175,163,106,100,-1,-1
43,9,1018,1180,159,106,100,-1,-1
43,9,1019,1175,160,106,100,-1,-1
43,9,1020,1189,153,102,96,-1,-1
43,9,1021,1184,156,102,96,-1,-1
43,9,1022,1198,152,102,96,-1,-1
43,9,1023,1204,146,102,96,-1,-1
43,9,1024,1203,146,102,96,-1,-1
43,9,1025,1214,145,93,86,-1,-1
43,9,1026,1216,143,93,86,-1,-1
43,9,1027,1223,140,93,86,-1,-1
43,9,1028,1229,138,87,83,-1,-1
43,9,1029,1233,137,87,83,-1,-1
43,9,1030,1235,138,87,83,-1,-1
43,9,1031,1238,134,87,83,-1,-1
43,9,1032,1238,135,87,83,-1,-1
43,9,1033,1243,132,87,83,-1,-1
43,9,1034,1246,124,87,83,-1,-1
43,9,1035,1248,129,85,79,-1,-1
43,9,1036,1255,126,81,72,-1,-1
43,9,1037,1256,129,81,72,-1,-1
43,9,1038,1260,128,81,72,-1,-1
43,9,1039,1262,127,81,72,-1,-1
43,9,1040,1263,124,81,72,-1,-1
43,9,1041,1265,124,81,72,-1,-1
43,9,1042,1269,122,81,72,-1,-1
43,9,1043,1271,121,81,72,-1,-1
43,9,1044,1273,118,81,72,-1,-1
43,9,1045,1276,117,77,69,-1,-1
43,9,1046,1281,117,73,65,-1,-1
43,9,1047,1283,119,70,62,-1,-1
43,9,1048,1286,117,70,62,-1,-1
43,9,1049,1289,116,70,62,-1,-1
43,9,1050,1291,116,67,59,-1,-1
43,9,1051,1294,114,67,59,-1,-1
43,9,1052,1297,114,67,59,-1,-1
43,9,1053,1300,113,67,59,-1,-1
43,9,1054,1301,110,67,59,-1,-1
43,9,1055,1305,111,63,56,-1,-1
43,9,1056,1308,111,60,54,-1,-1
43,9,1057,1311,109,60,54,-1,-1
43,9,1058,1314,109,60,54,-1,-1
43,9,1059,1316,108,60,54,-1,-1
43,9,1060,1318,105,60,54,-1,-1
43,9,1061,1319,105,60,54,-1,-1
43,9,1062,1322,105,58,51,-1,-1
43,9,1063,1325,104,58,51,-1,-1
43,9,1064,1325,103,58,51,-1,-1
43,9,1065,1326,103,58,51,-1,-1
43,9,1066,1326,101,58,51,-1,-1
43,9,1067,1330,99,58,51,-1,-1
43,9,1068,1332,100,55,49,-1,-1
43,9,1069,1332,99,55,49,-1,-1
43,9,1070,1333,98,55,49,-1,-1
43,9,1071,1335,97,55,49,-1,-1
43,9,1072,1339,97,55,49,-1,-1
43,9,1073,1340,96,55,49,-1,-1
43,9,1074,1340,96,55,49,-1,-1
43,9,1075,1340,95,55,49,-1,-1
43,9,1076,1343,94,55,49,-1,-1
43,9,1077,1347,93,55,49,-1,-1
43,9,1078,1347,93,55,49,-1,-1
43,9,1079,1350,95,52,46,-1,-1
43,9,1080,1351,92,52,46,-1,-1
43,9,1081,1352,91,52,46,-1,-1
43,9,1082,1354,88,52,46,-1,-1
43,10,1375,309,645,558,401,-1,-1
43,10,1376,415,601,498,343,-1,-1
43,10,1377,498,553,452,308,-1,-1
43,10,1378,573,518,412,273,-1,-1
43,10,1379,643,491,371,242,-1,-1
43,10,1380,697,455,343,226,-1,-1
43,10,1381,753,444,304,198,-1,-1
43,10,1382,794,421,287,180,-1,-1
43,10,1383,825,401,273,171,-1,-1
43,10,1384,864,384,254,162,-1,-1
43,10,1385,895,359,240,158,-1,-1
43,10,1386,927,343,227,149,-1,-1
43,10,1387,953,334,216,142,-1,-1
43,10,1388,972,320,206,135,-1,-1
43,10,1389,996,305,198,131,-1,-1
43,10,1390,1013,296,189,125,-1,-1
43,10,1391,1036,286,180,119,-1,-1
43,10,1392,1049,277,171,113,-1,-1
43,10,1393,1067,269,163,108,-1,-1
43,10,1394,1078,259,163,108,-1,-1
43,10,1395,1095,253,152,108,-1,-1
43,10,1396,1109,248,146,95,-1,-1
43,10,1397,1120,240,139,96,-1,-1
43,10,1398,1127,232,140,100,-1,-1
43,10,1399,1142,222,132,101,-1,-1
43,10,1400,1155,219,121,94,-1,-1
43,10,1401,1163,215,118,84,-1,-1
43,10,1402,1172,207,114,87,-1,-1
43,10,1403,1182,203,109,80,-1,-1
43,10,1404,1186,202,109,80,-1,-1
43,10,1405,1193,195,109,80,-1,-1
43,10,1406,1200,189,109,80,-1,-1
43,10,1407,1207,186,102,74,-1,-1
43,10,1408,1216,181,96,73,-1,-1
43,10,1409,1219,178,96,73,-1,-1
43,10,1410,1223,176,96,73,-1,-1
43,10,1411,1227,174,96,73,-1,-1
43,10,1412,1237,170,91,70,-1,-1
43,10,1413,1240,165,91,70,-1,-1
43,10,1414,1246,160,91,70,-1,-1
43,10,1415,1252,160,86,63,-1,-1
43,10,1416,1253,159,86,63,-1,-1
43,10,1417,1256,158,86,63,-1,-1
43,10,1418,1265,153,81,61,-1,-1
43,10,1419,1270,151,81,61,-1,-1
43,10,1420,1272,149,81,61,-1,-1
43,10,1421,1275,147,81,61,-1,-1
43,10,1422,1279,144,81,61,-1,-1
43,10,1423,1280,141,81,61,-1,-1
43,10,1424,1283,140,81,61,-1,-1
43,10,1425,1290,135,74,59,-1,-1
43,10,1426,1293,134,74,59,-1,-1
43,10,1427,1296,133,74,59,-1,-1
43,10,1428,1301,134,69,52,-1,-1
43,10,1429,1303,131,69,52,-1,-1
43,10,1430,1307,129,69,52,-1,-1
43,10,1431,1311,128,69,52,-1,-1
43,10,1432,1311,126,69,52,-1,-1
43,10,1433,1315,124,69,52,-1,-1
43,10,1434,1318,123,69,52,-1,-1
43,10,1435,1319,119,69,52,-1,-1
43,10,1436,1323,118,61,51,-1,-1
43,10,1437,1325,117,61,51,-1,-1
43,10,1438,1326,113,61,51,-1,-1
43,10,1439,1330,113,59,50,-1,-1
43,10,1440,1331,116,60,44,-1,-1
43,10,1441,1334,115,59,44,-1,-1
43,10,1442,1334,113,58,43,-1,-1
43,10,1443,1337,111,59,43,-1,-1
43,10,1444,1338,111,58,44,-1,-1
43,10,1445,1340,109,59,41,-1,-1
43,10,1446,1345,108,55,40,-1,-1
43,10,1447,1345,107,58,42,-1,-1
43,10,1448,1347,109,55,40,-1,-1
43,10,1449,1350,103,53,44,-1,-1
43,10,1450,1352,107,53,36,-1,-1
43,10,1451,1354,105,53,39,-1,-1
43,10,1452,1355,103,53,38,-1,-1
43,10,1453,1355,102,53,39,-1,-1
43,10,1454,1358,102,53,37,-1,-1
43,10,1455,1360,101,53,36,-1,-1
43,10,1456,1362,101,50,33,-1,-1
43,10,1457,1362,98,50,35,-1,-1
43,10,1458,1364,97,50,37,-1,-1
43,10,1459,1366,98,48,34,-1,-1
43,10,1460,1368,97,48,34,-1,-1
43,10,1461,1368,94,48,34,-1,-1
43,10,1462,1372,94,44,30,-1,-1
43,10,1463,1372,90,48,40,-1,-1
43,10,1464,1372,91,46,38,-1,-1
43,10,1465,1376,91,46,38,-1,-1
43,10,1466,1376,90,46,38,-1,-1
43,10,1467,1376,90,46,32,-1,-1
43,10,1468,1378,89,46,34,-1,-1
43,10,1469,1380,86,46,33,-1,-1
43,10,1470,1381,86,46,35,-1,-1
43,10,1471,1381,89,46,32,-1,-1
43,10,1472,1385,86,46,32,-1,-1
43,10,1473,1386,87,43,28,-1,-1
43,10,1474,1388,84,43,31,-1,-1
43,10,1475,1390,85,41,29,-1,-1
43,10,1476,1390,83,41,33,-1,-1
43,10,1477,1390,82,41,32,-1,-1
43,10,1478,1390,82,41,30,-1,-1
43,10,1479,1393,82,41,31,-1,-1
43,10,1480,1394,80,41,31,-1,-1
43,10,1481,1396,84,40,29,-1,-1
43,10,1482,1395,82,41,28,-1,-1
43,10,1483,1396,81,42,31,-1,-1
43,10,1484,1398,81,41,30,-1,-1
43,10,1485,1398,80,41,28,-1,-1
43,10,1486,1399,80,40,28,-1,-1
43,10,1487,1400,76,40,28,-1,-1
43,10,1488,1401,74,38,31,-1,-1
43,10,1489,1402,74,41,35,-1,-1
43,10,1490,1405,74,39,33,-1,-1
43,10,1491,1404,75,37,31,-1,-1
43,10,1492,1406,73,37,31,-1,-1
43,10,1493,1407,72,37,31,-1,-1
43,10,1494,1408,73,36,30,-1,-1
43,10,1495,1408,73,36,30,-1,-1
43,10,1496,1410,72,36,30,-1,-1
43,10,1497,1410,70,36,30,-1,-1
43,10,1498,1413,72,34,28,-1,-1
43,11,1606,836,400,249,179,-1,-1
43,11,1607,870,383,227,151,-1,-1
43,11,1608,900,368,221,151,-1,-1
43,11,1609,928,352,205,141,-1,-1
43,11,1610,952,341,198,126,-1,-1
43,11,1611,976,328,187,115,-1,-1
43,11,1612,982,318,187,115,-1,-1
43,11,1613,1016,307,168,109,-1,-1
43,11,1614,1033,295,161,109,-1,-1
43,11,1615,1049,286,155,98,-1,-1
43,11,1616,1064,275,148,101,-1,-1
43,11,1617,1076,264,144,101,-1,-1
43,11,1618,1089,261,137,96,-1,-1
43,11,1619,1097,251,137,96,-1,-1
43,11,1620,1112,242,133,99,-1,-1
43,11,1621,1126,238,123,92,-1,-1
43,11,1622,1132,227,123,92,-1,-1
43,11,1623,1141,222,123,92,-1,-1
43,11,1624,1151,217,123,92,-1,-1
43,11,1625,1162,209,111,86,-1,-1
43,11,1626,1170,205,111,86,-1,-1
43,11,1627,1175,200,111,86,-1,-1
43,11,1628,1183,196,111,86,-1,-1
43,11,1629,1191,192,105,76,-1,-1
43,11,1630,1195,189,105,76,-1,-1
43,11,1631,1204,186,97,74,-1,-1
43,11,1632,1213,181,93,71,-1,-1
43,11,1633,1221,179,88,67,-1,-1
43,11,1634,1226,175,88,67,-1,-1
43,11,1635,1229,171,88,67,-1,-1
43,11,1636,1233,170,88,67,-1,-1
43,11,1637,1236,165,88,67,-1,-1
43,11,1638,1243,163,88,67,-1,-1
43,11,1639,1247,159,88,67,-1,-1
43,11,1640,1251,156,83,61,-1,-1
43,11,1641,1258,156,83,61,-1,-1
43,11,1642,1258,152,83,61,-1,-1
43,11,1643,1264,152,78,55,-1,-1
43,11,1644,1267,149,78,55,-1,-1
43,11,1645,1271,147,72,55,-1,-1
43,11,1646,1277,142,72,55,-1,-1
43,11,1647,1279,142,72,55,-1,-1
43,11,1648,1282,141,72,55,-1,-1
43,11,1649,1286,137,72,55,-1,-1
43,11,1650,1290,137,68,51,-1,-1
43,11,1651,1294,134,68,51,-1,-1
43,11,1652,1294,133,68,51,-1,-1
43,11,1653,1297,130,68,51,-1,-1
43,11,1654,1304,129,64,51,-1,-1
43,11,1655,1302,128,64,51,-1,-1
43,11,1656,1306,127,60,45,-1,-1
43,11,1657,1309,124,60,45,-1,-1
43,11,1658,1313,122,60,45,-1,-1
43,11,1659,1313,124,60,45,-1,-1
43,11,1660,1315,120,60,45,-1,-1
43,11,1661,1319,119,60,45,-1,-1
43,11,1662,1320,118,60,45,-1,-1
43,11,1663,1321,116,60,45,-1,-1
43,11,1664,1324,114,60,45,-1,-1
43,11,1665,1326,112,58,45,-1,-1
43,11,1666,1327,109,58,45,-1,-1
43,11,1667,1330,110,58,45,-1,-1
43,11,1668,1331,108,58,43,-1,-1
43,11,1669,1335,109,55,41,-1,-1
43,11,1670,1336,108,55,41,-1,-1
43,11,1671,1336,106,55,41,-1,-1
43,11,1672,1341,104,52,40,-1,-1
43,11,1673,1341,104,52,40,-1,-1
43,11,1674,1344,103,52,40,-1,-1
43,11,1675,1345,101,52,40,-1,-1
43,11,1676,1346,102,52,40,-1,-1
43,11,1677,1349,98,48,39,-1,-1
43,11,1678,1352,99,48,39,-1,-1
43,11,1679,1353,98,48,39,-1,-1
43,11,1680,1354,97,48,39,-1,-1
43,11,1681,1355,95,48,39,-1,-1
43,11,1682,1358,95,48,39,-1,-1
43,11,1683,1360,93,48,39,-1,-1
43,11,1684,1362,94,48,39,-1,-1
43,11,1685,1361,91,48,39,-1,-1
43,11,1686,1363,94,48,33,-1,-1
43,11,1687,1365,95,48,33,-1,-1
43,11,1688,1366,93,48,33,-1,-1
43,11,1689,1366,92,48,33,-1,-1
43,11,1690,1368,91,48,33,-1,-1
43,11,1691,1368,92,48,33,-1,-1
43,11,1692,1370,89,48,33,-1,-1
43,11,1693,1372,87,43,33,-1,-1
43,11,1694,1374,85,43,33,-1,-1
43,11,1695,1374,85,43,33,-1,-1
43,11,1696,1375,86,43,33,-1,-1
43,11,1697,1378,85,43,33,-1,-1
43,11,1698,1379,84,43,33,-1,-1
43,11,1699,1380,85,43,33,-1,-1
43,11,1700,1381,85,41,28,-1,-1
43,11,1701,1381,84,41,28,-1,-1
43,11,1702,1384,83,41,28,-1,-1
43,11,1703,1386,83,41,28,-1,-1
43,11,1704,1387,83,41,28,-1,-1
43,11,1705,1387,81,41,28,-1,-1
43,11,1706,1387,81,41,28,-1,-1
43,11,1707,1388,79,41,28,-1,-1
43,11,1708,1390,80,41,28,-1,-1
43,11,1709,1392,79,41,28,-1,-1
43,11,1710,1392,78,41,28,-1,-1
43,11,1711,1391,75,41,28,-1,-1
43,11,1712,1394,74,41,28,-1,-1
43,11,1713,1395,76,41,28,-1,-1
43,11,1714,1397,76,41,28,-1,-1
43,11,1715,1398,75,41,28,-1,-1
43,11,1716,1399,73,41,28,-1,-1
43,11,1717,1398,74,41,28,-1,-1
43,11,1718,1399,74,41,28,-1,-1
43,11,1719,1399,74,41,28,-1,-1
43,11,1720,1401,72,41,28,-1,-1
43,11,1721,1401,71,41,28,-1,-1
43,11,1722,1404,71,41,28,-1,-1
43,11,1723,1404,71,41,28,-1,-1
43,11,1724,1406,71,39,27,-1,-1
43,11,1725,1407,71,37,25,-1,-1
43,11,1726,1409,71,35,24,-1,-1
43,11,1727,1411,70,35,24,-1,-1
43,12,2020,859,363,256,195,-1,-1
43,12,2021,887,351,245,195,-1,-1
43,12,2022,905,332,236,195,-1,-1
43,12,2023,927,325,225,186,-1,-1
43,12,2024,942,320,225,175,-1,-1
43,12,2025,970,303,201,171,-1,-1
43,12,2026,985,298,200,157,-1,-1
43,12,2027,1002,284,190,158,-1,-1
43,12,2028,1017,274,182,152,-1,-1
43,12,2029,1032,267,177,146,-1,-1
43,12,2030,1047,261,166,140,-1,-1
43,12,2031,1060,253,164,138,-1,-1
43,12,2032,1071,248,157,128,-1,-1
43,12,2033,1081,241,157,122,-1,-1
43,12,2034,1093,239,149,117,-1,-1
43,12,2035,1101,230,149,117,-1,-1
43,12,2036,1111,228,142,117,-1,-1
43,12,2037,1120,222,139,119,-1,-1
43,12,2038,1128,219,136,110,-1,-1
43,12,2039,1137,211,131,111,-1,-1
43,12,2040,1145,208,127,102,-1,-1
43,12,2041,1153,202,124,103,-1,-1
43,12,2042,1161,198,119,104,-1,-1
43,12,2043,1165,198,121,94,-1,-1
43,12,2044,1173,196,116,97,-1,-1
43,12,2045,1179,191,114,91,-1,-1
43,12,2046,1186,188,110,92,-1,-1
43,12,2047,1191,181,110,92,-1,-1
43,12,2048,1192,178,110,92,-1,-1
43,12,2049,1197,176,110,92,-1,-1
43,12,2050,1205,173,105,86,-1,-1
43,12,2051,1210,169,105,86,-1,-1
43,12,2052,1215,167,100,86,-1,-1
43,12,2053,1217,163,100,86,-1,-1
43,12,2054,1219,160,102,82,-1,-1
43,12,2055,1226,161,99,79,-1,-1
43,12,2056,1230,160,98,75,-1,-1
43,12,2057,1237,156,91,73,-1,-1
43,12,2058,1241,156,93,73,-1,-1
43,12,2059,1244,152,90,74,-1,-1
43,12,2060,1246,148,90,74,-1,-1
43,12,2061,1248,148,90,74,-1,-1
43,12,2062,1255,144,90,74,-1,-1
43,12,2063,1258,145,83,68,-1,-1
43,12,2064,1262,143,84,67,-1,-1
43,12,2065,1263,141,84,67,-1,-1
43,12,2066,1267,139,84,67,-1,-1
43,12,2067,1271,138,80,65,-1,-1
43,12,2068,1273,136,80,65,-1,-1
43,12,2069,1277,133,80,65,-1,-1
43,12,2070,1280,131,80,65,-1,-1
43,12,2071,1283,131,80,62,-1,-1
43,12,2072,1285,130,75,62,-1,-1
43,12,2073,1289,130,75,62,-1,-1
43,12,2074,1291,128,75,62,-1,-1
43,12,2075,1292,125,75,62,-1,-1
43,12,2076,1294,120,75,62,-1,-1
43,12,2077,1295,123,75,58,-1,-1
43,12,2078,1298,122,75,57,-1,-1
43,12,2079,1301,122,75,57,-1,-1
43,12,2080,1304,120,75,57,-1,-1
43,12,2081,1307,117,69,57,-1,-1
43,12,2082,1309,117,69,57,-1,-1
43,12,2083,1310,117,69,57,-1,-1
43,12,2084,1313,114,69,57,-1,-1
43,12,2085,1316,112,69,57,-1,-1
43,12,2086,1319,113,65,52,-1,-1
43,12,2087,1320,112,65,52,-1,-1
43,12,2088,1321,112,65,52,-1,-1
43,12,2089,1323,111,65,52,-1,-1
43,12,2090,1325,108,65,52,-1,-1
43,12,2091,1327,108,65,52,-1,-1
43,12,2092,1328,105,65,52,-1,-1
43,12,2093,1332,106,62,49,-1,-1
43,12,2094,1334,104,62,49,-1,-1
43,12,2095,1335,103,62,49,-1,-1
43,12,2096,1337,103,62,49,-1,-1
43,12,2097,1338,102,62,49,-1,-1
43,12,2098,1339,102,62,49,-1,-1
43,12,2099,1339,101,62,49,-1,-1
43,12,2100,1345,100,58,49,-1,-1
43,12,2101,1346,99,58,49,-1,-1
43,12,2102,1345,97,58,49,-1,-1
43,12,2103,1346,98,58,45,-1,-1
43,12,2104,1348,98,58,45,-1,-1
43,12,2105,1349,100,58,42,-1,-1
43,12,2106,1352,97,58,42,-1,-1
43,12,2107,1355,97,55,42,-1,-1
43,12,2108,1356,95,55,42,-1,-1
43,12,2109,1357,95,55,42,-1,-1
43,12,2110,1358,94,55,42,-1,-1
43,12,2111,1361,94,55,42,-1,-1
43,12,2112,1362,91,55,42,-1,-1
43,12,2113,1360,90,55,42,-1,-1
43,12,2114,1364,90,55,42,-1,-1
43,12,2115,1365,90,52,41,-1,-1
43,12,2116,1365,90,52,41,-1,-1
43,12,2117,1366,89,52,40,-1,-1
43,12,2118,1368,87,52,40,-1,-1
43,12,2119,1368,88,52,40,-1,-1
43,12,2120,1370,88,52,40,-1,-1
43,12,2121,1371,87,52,40,-1,-1
43,12,2122,1372,86,52,40,-1,-1
43,12,2123,1374,86,50,38,-1,-1
43,12,2124,1376,85,50,38,-1,-1
43,12,2125,1375,85,50,38,-1,-1
43,12,2126,1377,85,50,38,-1,-1
43,12,2127,1378,82,50,38,-1,-1
43,12,2128,1379,83,50,38,-1,-1
43,12,2129,1381,81,50,38,-1,-1
43,12,2130,1381,81,50,38,-1,-1
43,12,2131,1382,80,50,38,-1,-1
43,12,2132,1381,80,50,38,-1,-1
43,12,2133,1382,78,50,38,-1,-1
43,12,2134,1386,78,44,37,-1,-1
43,12,2135,1387,81,44,37,-1,-1
43,12,2136,1388,79,44,37,-1,-1
43,12,2137,1387,79,44,37,-1,-1
43,12,2138,1389,78,44,37,-1,-1
43,12,2139,1389,77,44,37,-1,-1
43,12,2140,1391,76,44,37,-1,-1
43,12,2141,1392,75,44,37,-1,-1
43,12,2142,1392,76,44,37,-1,-1
43,12,2143,1393,75,44,37,-1,-1
43,12,2144,1394,74,44,37,-1,-1
43,12,2145,1395,74,44,37,-1,-1
43,12,2146,1395,73,44,37,-1,-1
43,12,2147,1396,73,44,37,-1,-1
43,12,2148,1396,73,44,37,-1,-1
43,12,2149,1397,73,44,37,-1,-1
43,12,2150,1399,72,42,35,-1,-1
43,12,2151,1400,72,42,35,-1,-1
43,12,2152,1402,72,40,34,-1,-1
43,12,2153,1403,73,40,34,-1,-1
43,12,2154,1404,72,40,34,-1,-1
43,12,2155,1404,72,40,34,-1,-1
43,12,2156,1405,71,40,34,-1,-1
43,12,2157,1404,70,40,34,-1,-1
43,12,2158,1403,69,42,35,-1,-1
43,12,2159,1404,68,42,35,-1,-1
43,12,2160,1405,67,42,35,-1,-1
43,12,2161,1407,68,42,35,-1,-1
43,13,2138,787,396,255,176,-1,-1
43,13,2139,815,380,243,168,-1,-1
43,13,2140,844,360,232,169,-1,-1
43,13,2141,874,349,215,162,-1,-1
43,13,2142,903,338,201,156,-1,-1
43,13,2143,925,330,189,143,-1,-1
43,13,2144,939,310,189,143,-1,-1
43,13,2145,961,302,181,133,-1,-1
43,13,2146,979,293,173,127,-1,-1
43,13,2147,994,281,163,121,-1,-1
43,13,2148,1008,271,163,121,-1,-1
43,13,2149,1019,264,163,117,-1,-1
43,13,2150,1033,262,156,107,-1,-1
43,13,2151,1047,254,150,103,-1,-1
43,13,2152,1063,249,140,100,-1,-1
43,13,2153,1075,244,134,93,-1,-1
43,13,2154,1084,235,134,93,-1,-1
43,13,2155,1093,232,134,93,-1,-1
43,13,2156,1104,226,129,91,-1,-1
43,13,2157,1119,221,119,85,-1,-1
43,13,2158,1124,215,119,85,-1,-1
43,13,2159,1130,210,119,85,-1,-1
43,13,2160,1142,206,113,79,-1,-1
43,13,2161,1150,202,109,77,-1,-1
43,13,2162,1158,198,105,74,-1,-1
43,13,2163,1165,198,105,74,-1,-1
43,13,2164,1173,191,99,74,-1,-1
43,13,2165,1178,188,99,72,-1,-1
43,13,2166,1186,186,95,66,-1,-1
43,13,2167,1189,182,95,66,-1,-1
43,13,2168,1196,178,95,66,-1,-1
43,13,2169,1200,175,95,66,-1,-1
43,13,2170,1204,172,94,67,-1,-1
43,13,2171,1211,168,91,66,-1,-1
43,13,2172,1215,165,88,66,-1,-1
43,13,2173,1221,163,86,66,-1,-1
43,13,2174,1224,161,86,66,-1,-1
43,13,2175,1231,158,81,63,-1,-1
43,13,2176,1238,156,78,59,-1,-1
43,13,2177,1239,153,82,60,-1,-1
43,13,2178,1241,150,82,60,-1,-1
43,13,2179,1249,148,76,59,-1,-1
43,13,2180,1252,145,76,59,-1,-1
43,13,2181,1256,145,75,56,-1,-1
43,13,2182,1258,142,75,56,-1,-1
43,13,2183,1263,141,72,53,-1,-1
43,13,2184,1266,139,72,53,-1,-1
43,13,2185,1269,139,72,53,-1,-1
43,13,2186,1270,136,72,53,-1,-1
43,13,2187,1274,134,72,53,-1,-1
43,13,2188,1279,133,68,50,-1,-1
43,13,2189,1281,133,68,50,-1,-1
43,13,2190,1285,132,68,50,-1,-1
43,13,2191,1287,129,68,50,-1,-1
43,13,2192,1289,125,68,50,-1,-1
43,13,2193,1292,125,66,49,-1,-1
43,13,2194,1295,123,66,49,-1,-1
43,13,2195,1296,121,66,49,-1,-1
43,13,2196,1300,119,66,49,-1,-1
43,13,2197,1302,119,63,47,-1,-1
43,13,2198,1303,118,63,47,-1,-1
43,13,2199,1307,117,63,47,-1,-1
43,13,2200,1311,117,59,42,-1,-1
43,13,2201,1313,116,59,42,-1,-1
43,13,2202,1315,115,59,42,-1,-1
43,13,2203,1317,114,59,42,-1,-1
43,13,2204,1318,114,59,42,-1,-1
43,13,2205,1321,112,59,42,-1,-1
43,13,2206,1322,111,59,42,-1,-1
43,13,2207,1326,109,55,42,-1,-1
43,13,2208,1328,107,55,42,-1,-1
43,13,2209,1329,107,55,42,-1,-1
43,13,2210,1331,105,55,42,-1,-1
43,13,2211,1333,104,55,42,-1,-1
43,13,2212,1335,103,55,42,-1,-1
43,13,2213,1338,102,53,40,-1,-1
43,13,2214,1338,100,53,40,-1,-1
43,13,2215,1340,102,49,37,-1,-1
43,13,2216,1343,101,49,37,-1,-1
43,13,2217,1345,99,49,37,-1,-1
43,13,2218,1347,99,49,37,-1,-1
43,13,2219,1349,98,49,37,-1,-1
43,13,2220,1349,98,49,37,-1,-1
43,13,2221,1351,97,49,37,-1,-1
43,13,2222,1352,96,49,34,-1,-1
43,13,2223,1353,95,49,34,-1,-1
43,13,2224,1357,96,49,34,-1,-1
43,13,2225,1356,93,49,34,-1,-1
43,13,2226,1357,94,49,34,-1,-1
43,13,2227,1357,94,49,34,-1,-1
43,13,2228,1362,92,49,34,-1,-1
43,13,2229,1362,91,49,34,-1,-1
43,13,2230,1363,90,49,34,-1,-1
43,13,2231,1363,89,49,34,-1,-1
43,13,2232,1364,89,49,34,-1,-1
43,13,2233,1368,89,44,33,-1,-1
43,13,2234,1370,88,44,33,-1,-1
43,13,2235,1369,85,44,33,-1,-1
43,13,2236,1371,85,44,33,-1,-1
43,13,2237,1374,85,44,33,-1,-1
43,13,2238,1375,87,44,31,-1,-1
43,13,2239,1376,86,44,31,-1,-1
43,13,2240,1376,86,44,31,-1,-1
43,13,2241,1379,87,44,31,-1,-1
43,13,2242,1379,85,44,31,-1,-1
43,13,2243,1381,85,42,31,-1,-1
43,13,2244,1384,82,42,31,-1,-1
43,13,2245,1383,83,42,31,-1,-1
43,13,2246,1385,80,42,31,-1,-1
43,13,2247,1386,79,38,30,-1,-1
43,13,2248,1388,80,39,30,-1,-1
43,13,2249,1390,81,38,30,-1,-1
43,13,2250,1390,80,39,29,-1,-1
43,13,2251,1392,79,38,28,-1,-1
43,13,2252,1390,79,40,28,-1,-1
43,13,2253,1393,77,40,31,-1,-1
43,13,2254,1393,78,39,28,-1,-1
43,13,2255,1394,77,39,28,-1,-1
43,13,2256,1395,78,39,28,-1,-1
43,13,2257,1396,76,39,28,-1,-1
43,13,2258,1399,75,37,27,-1,-1
43,13,2259,1402,77,35,25,-1,-1
43,13,2260,1401,78,35,25,-1,-1
43,13,2261,1400,77,35,25,-1,-1
43,13,2262,1402,76,35,25,-1,-1
43,14,2260,798,381,248,161,-1,-1
43,14,2261,819,364,236,153,-1,-1
43,14,2262,844,346,236,153,-1,-1
43,14,2263,881,332,216,146,-1,-1
43,14,2264,906,322,206,139,-1,-1
43,14,2265,927,311,197,131,-1,-1
43,14,2266,950,302,188,125,-1,-1
43,14,2267,968,288,180,128,-1,-1
43,14,2268,984,282,175,115,-1,-1
43,14,2269,1002,273,169,114,-1,-1
43,14,2270,1019,266,161,109,-1,-1
43,14,2271,1032,258,161,109,-1,-1
43,14,2272,1046,253,153,106,-1,-1
43,14,2273,1059,244,146,105,-1,-1
43,14,2274,1069,238,146,105,-1,-1
43,14,2275,1084,231,138,98,-1,-1
43,14,2276,1093,227,135,97,-1,-1
43,14,2277,1104,222,130,95,-1,-1
43,14,2278,1116,215,124,93,-1,-1
43,14,2279,1125,211,124,93,-1,-1
43,14,2280,1135,205,118,88,-1,-1
43,14,2281,1142,202,114,82,-1,-1
43,14,2282,1146,198,114,82,-1,-1
43,14,2283,1152,192,114,82,-1,-1
43,14,2284,1163,190,111,73,-1,-1
43,14,2285,1172,185,105,74,-1,-1
43,14,2286,1178,183,105,74,-1,-1
43,14,2287,1184,181,102,72,-1,-1
43,14,2288,1188,176,104,74,-1,-1
43,14,2289,1191,172,104,74,-1,-1
43,14,2290,1202,170,98,73,-1,-1
43,14,2291,1208,168,93,66,-1,-1
43,14,2292,1212,165,93,66,-1,-1
43,14,2293,1216,163,93,66,-1,-1
43,14,2294,1224,160,88,66,-1,-1
43,14,2295,1229,157,88,66,-1,-1
43,14,2296,1234,155,84,63,-1,-1
43,14,2297,1237,153,84,63,-1,-1
43,14,2298,1243,149,84,63,-1,-1
43,14,2299,1248,147,79,60,-1,-1
43,14,2300,1253,145,79,60,-1,-1
43,14,2301,1254,143,79,60,-1,-1
43,14,2302,1256,141,79,60,-1,-1
43,14,2303,1263,138,79,60,-1,-1
43,14,2304,1268,137,75,56,-1,-1
43,14,2305,1271,135,75,56,-1,-1
43,14,2306,1271,134,75,56,-1,-1
43,14,2307,1274,132,75,56,-1,-1
43,14,2308,1281,129,69,54,-1,-1
43,14,2309,1284,128,69,54,-1,-1
43,14,2310,1289,128,66,52,-1,-1
43,14,2311,1290,126,66,52,-1,-1
43,14,2312,1292,125,66,52,-1,-1
43,14,2313,1295,123,66,52,-1,-1
43,14,2314,1301,122,62,49,-1,-1
43,14,2315,1302,122,62,49,-1,-1
43,14,2316,1304,120,62,49,-1,-1
43,14,2317,1306,119,62,49,-1,-1
43,14,2318,1311,116,62,49,-1,-1
43,14,2319,1314,116,58,45,-1,-1
43,14,2320,1315,115,58,45,-1,-1
43,14,2321,1318,115,58,45,-1,-1
43,14,2322,1320,113,58,45,-1,-1
43,14,2323,1322,112,58,45,-1,-1
43,14,2324,1325,109,58,45,-1,-1
43,14,2325,1327,107,58,45,-1,-1
43,14,2326,1328,107,58,45,-1,-1
43,14,2327,1328,104,58,45,-1,-1
43,14,2328,1333,103,55,44,-1,-1
43,14,2329,1336,102,55,44,-1,-1
43,14,2330,1337,102,55,44,-1,-1
43,14,2331,1339,102,55,44,-1,-1
43,14,2332,1340,101,51,42,-1,-1
43,14,2333,1344,101,51,42,-1,-1
43,14,2334,1346,99,51,42,-1,-1
43,14,2335,1346,99,51,42,-1,-1
43,14,2336,1346,98,51,42,-1,-1
43,14,2337,1350,98,51,42,-1,-1
43,14,2338,1350,97,51,42,-1,-1
43,14,2339,1352,94,51,42,-1,-1
43,14,2340,1354,94,51,42,-1,-1
43,14,2341,1354,92,51,42,-1,-1
43,14,2342,1358,92,51,42,-1,-1
43,14,2343,1360,92,49,40,-1,-1
43,14,2344,1362,92,46,38,-1,-1
43,14,2345,1363,93,46,38,-1,-1
43,14,2346,1366,91,46,38,-1,-1
43,14,2347,1365,90,46,38,-1,-1
43,14,2348,1365,90,46,38,-1,-1
43,14,2349,1369,89,46,36,-1,-1
43,14,2350,1370,88,46,35,-1,-1
43,14,2351,1370,85,46,36,-1,-1
43,14,2352,1372,87,46,35,-1,-1
43,14,2353,1373,86,46,34,-1,-1
43,14,2354,1375,85,46,34,-1,-1
43,14,2355,1377,83,43,35,-1,-1
43,14,2356,1377,83,44,32,-1,-1
43,14,2357,1379,81,44,36,-1,-1
43,14,2358,1380,81,44,36,-1,-1
43,14,2359,1382,81,42,35,-1,-1
43,14,2360,1383,82,40,31,-1,-1
43,14,2361,1383,81,42,35,-1,-1
43,14,2362,1386,80,42,35,-1,-1
43,14,2363,1386,78,40,32,-1,-1
43,14,2364,1386,77,42,35,-1,-1
43,14,2365,1388,76,42,35,-1,-1
43,14,2366,1389,77,40,33,-1,-1
43,14,2367,1391,75,40,33,-1,-1
43,14,2368,1392,76,40,33,-1,-1
43,14,2369,1393,75,40,33,-1,-1
43,14,2370,1393,76,40,33,-1,-1
43,14,2371,1396,77,38,31,-1,-1
43,14,2372,1398,76,36,30,-1,-1
43,14,2373,1399,76,36,30,-1,-1
43,14,2374,1399,76,36,30,-1,-1
43,14,2375,1400,75,36,30,-1,-1
43,14,2376,1401,75,36,30,-1,-1
43,14,2377,1403,75,36,30,-1,-1
43,14,2378,1404,76,35,28,-1,-1
43,14,2379,1404,75,35,28,-1,-1
43,14,2380,1404,75,35,28,-1,-1
43,14,2381,1406,74,35,28,-1,-1
43,14,2382,1407,75,35,28,-1,-1
43,15,2261,1118,385,215,174,-1,-1
43,15,2262,1125,364,215,174,-1,-1
43,15,2263,1155,349,193,163,-1,-1
43,15,2264,1165,334,190,153,-1,-1
43,15,2265,1182,326,179,141,-1,-1
43,15,2266,1189,309,179,141,-1,-1
43,15,2267,1208,299,163,125,-1,-1
43,15,2268,1220,286,154,124,-1,-1
43,15,2269,1230,278,149,125,-1,-1
43,15,2270,1241,274,141,108,-1,-1
43,15,2271,1249,265,136,107,-1,-1
43,15,2272,1255,254,136,107,-1,-1
43,15,2273,1262,245,131,104,-1,-1
43,15,2274,1270,240,127,96,-1,-1
43,15,2275,1273,234,127,96,-1,-1
43,15,2276,1283,226,118,89,-1,-1
43,15,2277,1286,223,118,86,-1,-1
43,15,2278,1297,216,109,83,-1,-1
43,15,2279,1303,211,109,83,-1,-1
43,15,2280,1307,207,103,77,-1,-1
43,15,2281,1309,201,103,77,-1,-1
43,15,2282,1314,194,103,77,-1,-1
43,15,2283,1317,192,102,74,-1,-1
43,15,2284,1324,187,96,74,-1,-1
43,15,2285,1328,184,96,74,-1,-1
43,15,2286,1332,180,91,71,-1,-1
43,15,2287,1336,177,88,65,-1,-1
43,15,2288,1337,173,88,65,-1,-1
43,15,2289,1342,170,88,65,-1,-1
43,15,2290,1348,168,81,63,-1,-1
43,15,2291,1350,165,79,59,-1,-1
43,15,2292,1353,160,79,59,-1,-1
43,15,2293,1354,158,79,59,-1,-1
43,15,2294,1358,154,79,59,-1,-1
43,15,2295,1360,153,79,59,-1,-1
43,15,2296,1363,151,75,58,-1,-1
43,15,2297,1365,149,75,58,-1,-1
43,15,2298,1366,145,75,58,-1,-1
43,15,2299,1369,142,75,58,-1,-1
43,15,2300,1368,140,75,58,-1,-1
43,15,2301,1376,139,68,55,-1,-1
43,15,2302,1376,137,68,55,-1,-1
43,15,2303,1378,135,68,55,-1,-1
43,15,2304,1380,133,68,55,-1,-1
43,15,2305,1382,130,63,50,-1,-1
43,15,2306,1385,129,63,50,-1,-1
43,15,2307,1386,127,63,50,-1,-1
43,15,2308,1388,128,63,50,-1,-1
43,15,2309,1388,126,63,50,-1,-1
43,15,2310,1390,124,63,50,-1,-1
43,15,2311,1390,121,63,50,-1,-1
43,15,2312,1392,119,63,50,-1,-1
43,15,2313,1399,119,56,43,-1,-1
43,15,2314,1398,118,56,43,-1,-1
43,15,2315,1399,117,56,43,-1,-1
43,15,2316,1401,116,56,43,-1,-1
43,15,2317,1401,114,56,43,-1,-1
43,15,2318,1404,112,56,43,-1,-1
43,15,2319,1406,111,53,40,-1,-1
43,15,2320,1406,110,53,40,-1,-1
43,15,2321,1407,109,53,40,-1,-1
43,15,2322,1408,107,53,40,-1,-1
43,15,2323,1411,105,53,40,-1,-1
43,15,2324,1412,105,53,40,-1,-1
43,15,2325,1411,104,53,40,-1,-1
43,15,2326,1411,103,53,40,-1,-1
43,15,2327,1413,101,53,40,-1,-1
43,15,2328,1412,100,53,40,-1,-1
43,15,2329,1414,98,50,39,-1,-1
43,15,2330,1416,100,50,39,-1,-1
43,15,2331,1418,99,48,37,-1,-1
43,15,2332,1420,98,48,37,-1,-1
43,15,2333,1421,98,48,37,-1,-1
43,15,2334,1422,96,48,37,-1,-1
43,15,2335,1422,94,48,37,-1,-1
43,15,2336,1424,95,45,35,-1,-1
43,15,2337,1426,93,45,35,-1,-1
43,15,2338,1426,93,45,35,-1,-1
43,15,2339,1427,93,45,35,-1,-1
43,15,2340,1428,91,43,34,-1,-1
43,15,2341,1429,91,43,34,-1,-1
43,15,2342,1430,90,43,34,-1,-1
43,15,2343,1433,88,43,34,-1,-1
43,15,2344,1433,86,43,34,-1,-1
43,15,2345,1434,85,43,34,-1,-1
43,15,2346,1435,86,43,34,-1,-1
43,15,2347,1436,84,43,34,-1,-1
43,15,2348,1437,85,43,34,-1,-1
43,15,2349,1439,86,41,32,-1,-1
43,15,2350,1438,84,41,32,-1,-1
43,15,2351,1441,84,41,32,-1,-1
43,15,2352,1440,82,41,32,-1,-1
43,15,2353,1440,81,41,32,-1,-1
43,15,2354,1442,81,41,32,-1,-1
43,15,2355,1442,81,39,31,-1,-1
43,15,2356,1444,80,39,31,-1,-1
43,15,2357,1444,80,39,31,-1,-1
43,15,2358,1444,80,37,29,-1,-1
43,15,2359,1445,79,37,29,-1,-1
43,15,2360,1445,79,36,28,-1,-1
43,15,2361,1447,78,36,28,-1,-1
43,15,2362,1448,78,36,28,-1,-1
43,15,2363,1449,79,34,26,-1,-1
43,15,2364,1449,79,34,26,-1,-1
43,15,2365,1452,77,32,25,-1,-1
43,15,2366,1452,78,32,25,-1,-1
43,15,2367,1453,76,32,25,-1,-1
43,15,2368,1453,76,34,26,-1,-1
43,15,2369,1455,76,32,25,-1,-1
43,15,2370,1455,75,32,25,-1,-1
43,15,2371,1455,75,32,25,-1,-1
43,15,2372,1453,74,32,25,-1,-1
43,15,2373,1453,74,34,26,-1,-1
43,15,2374,1454,73,34,26,-1,-1
43,15,2375,1454,75,34,26,-1,-1
43,15,2376,1454,73,34,26,-1,-1
43,15,2377,1456,72,34,26,-1,-1
43,15,2378,1457,73,32,25,-1,-1
43,15,2379,1457,72,32,25,-1,-1
43,15,2380,1457,71,32,25,-1,-1
43,15,2381,1457,71,32,25,-1,-1
43,15,2382,1459,70,32,25,-1,-1
43,16,2399,950,546,434,513,-1,-1
43,16,2400,1016,499,377,451,-1,-1
43,16,2401,1061,463,341,391,-1,-1
43,16,2402,1091,436,308,334,-1,-1
43,16,2403,1126,407,278,302,-1,-1
43,16,2404,1158,376,255,283,-1,-1
43,16,2405,1178,357,237,251,-1,-1
43,16,2406,1194,340,225,228,-1,-1
43,16,2407,1214,321,207,214,-1,-1
43,16,2408,1226,308,199,198,-1,-1
43,16,2409,1238,291,190,189,-1,-1
43,16,2410,1253,282,178,171,-1,-1
43,16,2411,1263,271,172,171,-1,-1
43,16,2412,1270,261,168,152,-1,-1
43,16,2413,1281,252,157,149,-1,-1
43,16,2414,1286,238,155,152,-1,-1
43,16,2415,1297,232,144,138,-1,-1
43,16,2416,1306,227,138,133,-1,-1
43,16,2417,1312,220,134,129,-1,-1
43,16,2418,1319,213,127,127,-1,-1
43,16,2419,1325,204,119,121,-1,-1
43,16,2420,1328,200,119,113,-1,-1
43,16,2421,1333,194,115,108,-1,-1
43,16,2422,1334,191,115,108,-1,-1
43,16,2423,1334,186,115,108,-1,-1
43,16,2424,1341,179,110,103,-1,-1
43,16,2425,1342,176,110,103,-1,-1
43,16,2426,1347,169,110,103,-1,-1
43,16,2427,1354,166,104,98,-1,-1
43,16,2428,1356,163,104,98,-1,-1
43,16,2429,1358,158,99,93,-1,-1
43,16,2430,1362,154,99,93,-1,-1
43,16,2431,1365,150,95,89,-1,-1
43,16,2432,1368,147,95,89,-1,-1
43,16,2433,1372,146,90,85,-1,-1
43,16,2434,1376,142,86,81,-1,-1
43,16,2435,1380,141,80,73,-1,-1
43,16,2436,1384,140,80,73,-1,-1
43,16,2437,1384,135,80,73,-1,-1
43,16,2438,1387,134,76,70,-1,-1
43,16,2439,1388,129,76,70,-1,-1
43,16,2440,1391,127,76,70,-1,-1
43,16,2441,1391,126,76,70,-1,-1
43,16,2442,1392,123,76,70,-1,-1
43,16,2443,1393,121,76,70,-1,-1
43,16,2444,1397,121,73,66,-1,-1
43,16,2445,1399,120,69,63,-1,-1
43,16,2446,1400,118,69,63,-1,-1
43,16,2447,1403,117,66,60,-1,-1
43,16,2448,1403,115,66,60,-1,-1
43,16,2449,1406,114,63,57,-1,-1
43,16,2450,1407,112,63,57,-1,-1
43,16,2451,1408,111,63,57,-1,-1
43,16,2452,1410,109,63,57,-1,-1
43,16,2453,1411,108,63,57,-1,-1
43,16,2454,1413,108,60,54,-1,-1
43,16,2455,1413,105,60,54,-1,-1
43,16,2456,1414,105,60,54,-1,-1
43,16,2457,1417,103,57,52,-1,-1
43,16,2458,1417,100,57,52,-1,-1
43,16,2459,1418,99,57,52,-1,-1
43,16,2460,1420,98,57,52,-1,-1
43,16,2461,1420,97,57,52,-1,-1
43,16,2462,1420,96,57,52,-1,-1
43,16,2463,1422,94,57,52,-1,-1
43,16,2464,1423,93,57,52,-1,-1
43,16,2465,1424,92,57,52,-1,-1
43,16,2466,1424,91,54,49,-1,-1
43,16,2467,1430,92,48,42,-1,-1
43,16,2468,1429,91,48,42,-1,-1
43,16,2469,1431,90,48,42,-1,-1
43,16,2470,1432,89,48,42,-1,-1
43,16,2471,1432,89,48,42,-1,-1
43,16,2472,1436,87,48,42,-1,-1
43,16,2473,1437,89,46,40,-1,-1
43,16,2474,1438,87,46,40,-1,-1
43,16,2475,1438,86,46,40,-1,-1
43,16,2476,1438,84,46,40,-1,-1
43,16,2477,1439,83,46,40,-1,-1
43,16,2478,1441,82,46,40,-1,-1
43,16,2479,1441,82,46,40,-1,-1
43,16,2480,1441,81,46,40,-1,-1
43,16,2481,1441,81,46,40,-1,-1
43,16,2482,1443,79,46,40,-1,-1
43,16,2483,1443,79,46,40,-1,-1
43,16,2484,1445,80,44,38,-1,-1
43,16,2485,1444,80,44,38,-1,-1
43,16,2486,1446,79,41,36,-1,-1
43,16,2487,1447,78,41,36,-1,-1
43,16,2488,1447,77,41,36,-1,-1
43,16,2489,1448,77,41,36,-1,-1
43,16,2490,1447,75,41,36,-1,-1
43,16,2491,1448,76,39,35,-1,-1
43,16,2492,1450,75,39,35,-1,-1
43,16,2493,1450,74,39,35,-1,-1
43,16,2494,1451,74,38,33,-1,-1
43,16,2495,1451,74,38,33,-1,-1
43,16,2496,1452,73,38,33,-1,-1
43,16,2497,1452,73,38,33,-1,-1
43,16,2498,1454,72,38,33,-1,-1
43,16,2499,1453,72,38,33,-1,-1
43,16,2500,1455,71,36,31,-1,-1
43,16,2501,1456,71,34,30,-1,-1
43,16,2502,1457,72,34,30,-1,-1
43,16,2503,1457,70,34,30,-1,-1
43,16,2504,1459,70,34,30,-1,-1
43,16,2505,1461,71,32,28,-1,-1
43,16,2506,1460,71,32,28,-1,-1
43,16,2507,1461,69,32,28,-1,-1
43,16,2508,1461,69,32,28,-1,-1
43,16,2509,1461,68,32,28,-1,-1
43,16,2510,1464,68,32,28,-1,-1
43,16,2511,1464,68,32,28,-1,-1
43,16,2512,1463,67,32,28,-1,-1
43,16,2513,1464,67,32,28,-1,-1
43,16,2514,1464,66,32,28,-1,-1
43,16,2515,1465,65,32,28,-1,-1
43,16,2516,1465,65,32,28,-1,-1
43,16,2517,1465,64,32,28,-1,-1
43,16,2518,1466,64,32,28,-1,-1
43,16,2519,1466,63,32,28,-1,-1
43,16,2520,1467,62,32,28,-1,-1
43,16,2521,1466,62,32,28,-1,-1
43,16,2522,1469,62,32,28,-1,-1
43,16,2523,1470,62,32,28,-1,-1
43,16,2524,1471,61,32,28,-1,-1
43,16,2525,1472,60,32,28,-1,-1
43,16,2526,1472,60,32,28,-1,-1
43,16,2527,1472,60,31,27,-1,-1
43,16,2528,1473,59,31,27,-1,-1
43,16,2529,1474,59,31,27,-1,-1
43,20,6,133,657,667,423,-1,-1
43,20,7,263,602,575,407,-1,-1
43,20,8,363,563,518,360,-1,-1
43,20,9,447,531,464,323,-1,-1
43,20,10,514,502,429,292,-1,-1
43,20,11,578,487,390,249,-1,-1
43,20,12,626,453,373,235,-1,-1
43,20,13,681,432,340,214,-1,-1
43,20,14,719,399,324,204,-1,-1
43,20,15,754,381,309,194,-1,-1
43,20,16,799,367,279,186,-1,-1
43,20,17,830,351,262,174,-1,-1
43,20,18,857,338,250,166,-1,-1
43,20,19,882,325,238,158,-1,-1
43,20,20,910,315,227,150,-1,-1
43,20,21,930,298,227,150,-1,-1
43,20,22,948,290,211,143,-1,-1
43,20,23,964,282,211,143,-1,-1
43,20,24,984,271,199,135,-1,-1
43,20,25,1002,268,189,125,-1,-1
43,20,26,1016,257,178,117,-1,-1
43,20,27,1034,250,171,110,-1,-1
43,20,28,1048,246,168,108,-1,-1
43,20,29,1062,238,157,110,-1,-1
43,20,30,1074,232,157,110,-1,-1
43,20,31,1085,224,151,108,-1,-1
43,20,32,1095,219,146,105,-1,-1
43,20,33,1106,215,143,97,-1,-1
43,20,34,1118,211,134,93,-1,-1
43,20,35,1125,205,134,93,-1,-1
43,20,36,1132,199,134,93,-1,-1
43,20,37,1144,195,126,87,-1,-1
43,20,38,1151,193,124,82,-1,-1
43,20,39,1159,189,120,80,-1,-1
43,20,40,1170,185,111,77,-1,-1
43,20,41,1173,183,111,77,-1,-1
43,20,42,1176,180,111,77,-1,-1
43,20,43,1184,178,106,73,-1,-1
43,20,44,1189,173,106,73,-1,-1
43,20,45,1196,172,101,70,-1,-1
43,20,46,1202,169,101,70,-1,-1
43,20,47,1209,167,96,67,-1,-1
43,20,48,1213,164,96,67,-1,-1
43,20,49,1220,163,91,63,-1,-1
43,20,50,1223,158,91,63,-1,-1
43,20,51,1228,155,91,63,-1,-1
43,20,52,1232,152,91,63,-1,-1
43,20,53,1236,150,91,63,-1,-1
43,20,54,1240,147,91,63,-1,-1
43,20,55,1244,146,91,63,-1,-1
43,20,56,1246,141,91,63,-1,-1
43,20,57,1251,141,91,63,-1,-1
43,20,58,1254,140,87,60,-1,-1
43,20,59,1258,138,83,57,-1,-1
43,20,60,1262,138,79,55,-1,-1
43,20,61,1267,136,79,55,-1,-1
43,20,62,1273,134,75,52,-1,-1
43,20,63,1275,133,75,52,-1,-1
43,20,64,1279,131,72,50,-1,-1
43,20,65,1281,129,72,50,-1,-1
43,20,66,1286,128,72,50,-1,-1
43,20,67,1288,127,72,50,-1,-1
43,20,68,1290,124,72,50,-1,-1
43,20,69,1290,122,72,50,-1,-1
43,20,70,1292,121,72,50,-1,-1
43,20,71,1296,120,72,50,-1,-1
43,20,72,1301,120,68,47,-1,-1
43,20,73,1304,121,65,45,-1,-1
43,20,74,1306,118,65,45,-1,-1
43,20,75,1311,118,62,43,-1,-1
43,20,76,1312,117,62,43,-1,-1
43,20,77,1318,115,59,41,-1,-1
43,20,78,1318,115,59,41,-1,-1
43,20,79,1321,114,59,41,-1,-1
43,20,80,1323,111,59,41,-1,-1
43,20,81,1325,110,59,41,-1,-1
43,20,82,1328,110,59,41,-1,-1
43,20,83,1330,109,56,39,-1,-1
43,20,84,1333,109,53,37,-1,-1
43,20,85,1334,107,53,37,-1,-1
43,20,86,1337,107,53,37,-1,-1
43,20,87,1340,105,53,37,-1,-1
43,20,88,1341,105,51,35,-1,-1
43,20,89,1342,104,51,35,-1,-1
43,20,90,1344,103,51,35,-1,-1
43,20,91,1348,102,51,35,-1,-1
43,20,92,1349,102,51,35,-1,-1
43,20,93,1350,102,51,35,-1,-1
43,20,94,1352,100,51,35,-1,-1
43,20,95,1353,99,51,35,-1,-1
43,20,96,1354,99,51,35,-1,-1
43,20,97,1357,98,48,34,-1,-1
43,20,98,1357,97,48,34,-1,-1
43,20,99,1360,97,48,34,-1,-1
43,20,100,1361,95,48,34,-1,-1
43,20,101,1363,94,48,34,-1,-1
43,20,102,1365,93,48,34,-1,-1
43,20,103,1364,93,48,34,-1,-1
43,20,104,1366,92,48,34,-1,-1
43,20,105,1367,92,46,32,-1,-1
43,20,106,1369,92,44,30,-1,-1
43,20,107,1371,91,44,30,-1,-1
43,20,108,1371,91,44,30,-1,-1
43,20,109,1373,89,44,30,-1,-1
43,20,110,1376,88,42,29,-1,-1
43,20,111,1377,87,42,29,-1,-1
43,20,112,1380,88,40,28,-1,-1
43,20,113,1383,88,38,26,-1,-1
43,20,114,1383,87,38,26,-1,-1
43,20,115,1383,87,40,28,-1,-1
43,20,116,1385,86,38,26,-1,-1
43,20,117,1386,84,38,26,-1,-1
43,20,118,1386,83,40,28,-1,-1
43,20,119,1387,82,40,28,-1,-1
43,20,120,1389,83,40,28,-1,-1
43,20,121,1391,82,38,26,-1,-1
43,20,122,1392,82,38,26,-1,-1
43,20,123,1393,82,38,26,-1,-1
43,20,124,1393,82,38,26,-1,-1
43,20,125,1395,80,38,26,-1,-1
43,20,126,1396,80,38,26,-1,-1
43,20,127,1398,79,38,26,-1,-1
43,20,128,1399,79,36,25,-1,-1
43,20,129,1401,80,34,24,-1,-1
43,20,130,1402,80,34,24,-1,-1
43,20,131,1405,79,33,23,-1,-1
43,20,132,1405,78,33,23,-1,-1
43,20,133,1406,77,33,23,-1,-1
43,20,134,1408,77,34,24,-1,-1
43,20,135,1409,78,34,24,-1,-1
43,20,136,1410,77,33,23,-1,-1
43,20,137,1410,78,33,23,-1,-1
43,20,138,1412,78,31,22,-1,-1
43,20,139,1412,77,31,22,-1,-1
43,20,140,1413,76,31,22,-1,-1
43,20,141,1415,76,31,22,-1,-1
43,20,142,1414,76,31,22,-1,-1
43,20,143,1416,74,31,22,-1,-1
43,20,144,1416,74,31,22,-1,-1
43,20,145,1417,74,31,22,-1,-1
43,20,146,1419,75,30,21,-1,-1
43,20,147,1419,73,31,22,-1,-1
43,20,148,1419,71,33,23,-1,-1
43,20,149,1418,72,33,23,-1,-1
43,20,150,1420,70,31,22,-1,-1
43,20,151,1422,70,31,22,-1,-1
43,20,152,1422,70,31,22,-1,-1
43,20,153,1423,71,30,21,-1,-1
43,20,154,1424,70,30,21,-1,-1
43,20,155,1423,70,30,21,-1,-1
43,20,156,1426,70,30,21,-1,-1
43,20,157,1428,70,28,20,-1,-1
43,20,158,1428,69,28,20,-1,-1
43,21,54,128,626,668,454,-1,-1
43,21,55,248,583,591,438,-1,-1
43,21,56,345,549,535,400,-1,-1
43,21,57,433,514,485,350,-1,-1
43,21,58,508,476,440,328,-1,-1
43,21,59,571,451,399,303,-1,-1
43,21,60,624,419,388,285,-1,-1
43,21,61,675,405,357,267,-1,-1
43,21,62,725,390,322,237,-1,-1
43,21,63,756,370,307,225,-1,-1
43,21,64,797,355,285,212,-1,-1
43,21,65,832,344,266,193,-1,-1
43,21,66,860,329,254,183,-1,-1
43,21,67,888,321,240,170,-1,-1
43,21,68,911,305,228,172,-1,-1
43,21,69,930,298,223,160,-1,-1
43,21,70,958,286,202,153,-1,-1
43,21,71,976,277,197,152,-1,-1
43,21,72,993,265,191,153,-1,-1
43,21,73,1010,259,182,145,-1,-1
43,21,74,1027,253,172,135,-1,-1
43,21,75,1040,247,170,128,-1,-1
43,21,76,1053,238,163,123,-1,-1
43,21,77,1063,231,163,123,-1,-1
43,21,78,1077,227,151,116,-1,-1
43,21,79,1085,219,151,116,-1,-1
43,21,80,1097,217,151,116,-1,-1
43,21,81,1110,207,141,109,-1,-1
43,21,82,1118,205,136,103,-1,-1
43,21,83,1130,202,130,104,-1,-1
43,21,84,1136,197,131,98,-1,-1
43,21,85,1145,194,126,92,-1,-1
43,21,86,1153,191,125,97,-1,-1
43,21,87,1160,185,122,90,-1,-1
43,21,88,1167,181,119,90,-1,-1
43,21,89,1171,178,117,91,-1,-1
43,21,90,1184,173,107,85,-1,-1
43,21,91,1191,172,107,85,-1,-1
43,21,92,1197,169,107,85,-1,-1
43,21,93,1202,165,107,85,-1,-1
43,21,94,1210,165,101,78,-1,-1
43,21,95,1212,161,101,78,-1,-1
43,21,96,1217,157,101,78,-1,-1
43,21,97,1220,154,101,78,-1,-1
43,21,98,1225,152,101,78,-1,-1
43,21,99,1229,150,95,73,-1,-1
43,21,100,1240,149,87,73,-1,-1
43,21,101,1245,147,84,70,-1,-1
43,21,102,1248,144,84,70,-1,-1
43,21,103,1251,141,84,70,-1,-1
43,21,104,1255,140,82,66,-1,-1
43,21,105,1257,140,82,66,-1,-1
43,21,106,1263,137,82,66,-1,-1
43,21,107,1269,134,77,65,-1,-1
43,21,108,1267,133,77,65,-1,-1
43,21,109,1269,131,77,65,-1,-1
43,21,110,1271,129,77,65,-1,-1
43,21,111,1274,127,77,65,-1,-1
43,21,112,1277,126,77,65,-1,-1
43,21,113,1281,124,73,62,-1,-1
43,21,114,1283,123,73,62,-1,-1
43,21,115,1288,120,73,62,-1,-1
43,21,116,1289,118,73,62,-1,-1
43,21,117,1293,119,70,59,-1,-1
43,21,118,1295,117,70,59,-1,-1
43,21,119,1298,116,67,56,-1,-1
43,21,120,1301,115,67,56,-1,-1
43,21,121,1303,114,67,56,-1,-1
43,21,122,1306,111,67,56,-1,-1
43,21,123,1310,111,63,53,-1,-1
43,21,124,1310,110,63,53,-1,-1
43,21,125,1313,109,63,53,-1,-1
43,21,126,1315,108,63,53,-1,-1
43,21,127,1316,107,63,53,-1,-1
43,21,128,1318,105,63,53,-1,-1
43,21,129,1321,106,60,51,-1,-1
43,21,130,1323,103,60,51,-1,-1
43,21,131,1328,104,57,49,-1,-1
43,21,132,1330,102,57,49,-1,-1
43,21,133,1331,101,57,49,-1,-1
43,21,134,1333,100,57,49,-1,-1
43,21,135,1336,100,55,46,-1,-1
43,21,136,1339,99,55,46,-1,-1
43,21,137,1341,97,55,46,-1,-1
43,21,138,1341,97,55,46,-1,-1
43,21,139,1345,96,52,44,-1,-1
43,21,140,1346,96,52,44,-1,-1
43,21,141,1349,95,52,44,-1,-1
43,21,142,1349,94,52,44,-1,-1
43,21,143,1350,93,52,44,-1,-1
43,21,144,1352,94,50,42,-1,-1
43,21,145,1354,92,50,42,-1,-1
43,21,146,1355,91,50,42,-1,-1
43,21,147,1357,91,50,42,-1,-1
43,21,148,1356,90,50,42,-1,-1
43,21,149,1357,89,50,42,-1,-1
43,21,150,1364,88,47,40,-1,-1
43,21,151,1365,88,47,40,-1,-1
43,21,152,1366,86,47,40,-1,-1
43,21,153,1368,85,47,40,-1,-1
43,21,154,1368,86,47,40,-1,-1
43,21,155,1369,85,47,40,-1,-1
43,21,156,1371,85,47,40,-1,-1
43,21,157,1371,85,47,40,-1,-1
43,21,158,1373,84,47,40,-1,-1
43,21,159,1374,84,45,38,-1,-1
43,21,160,1375,82,45,38,-1,-1
43,21,161,1376,81,45,38,-1,-1
43,21,162,1378,81,45,38,-1,-1
43,21,163,1377,82,45,38,-1,-1
43,21,164,1379,81,45,38,-1,-1
43,21,165,1381,81,45,38,-1,-1
43,21,166,1383,81,45,38,-1,-1
43,21,167,1383,81,43,36,-1,-1
43,21,168,1386,81,41,34,-1,-1
43,21,169,1386,81,41,34,-1,-1
43,21,170,1388,79,41,34,-1,-1
43,21,171,1389,80,41,34,-1,-1
43,21,172,1390,79,41,34,-1,-1
43,21,173,1391,77,41,34,-1,-1
43,21,174,1391,78,39,33,-1,-1
43,21,175,1396,77,37,31,-1,-1
43,21,176,1394,75,40,33,-1,-1
43,21,177,1394,74,40,33,-1,-1
43,21,178,1395,75,40,33,-1,-1
43,21,179,1396,74,40,33,-1,-1
43,21,180,1400,74,40,33,-1,-1
43,21,181,1400,73,40,33,-1,-1
43,21,182,1400,73,40,33,-1,-1
43,21,183,1401,73,40,33,-1,-1
43,21,184,1402,72,40,33,-1,-1
43,21,185,1402,71,40,33,-1,-1
43,21,186,1404,70,40,33,-1,-1
43,21,187,1405,69,40,33,-1,-1
43,21,188,1406,69,40,33,-1,-1
43,21,189,1406,69,40,33,-1,-1
43,21,190,1407,68,40,33,-1,-1
43,21,191,1408,67,40,33,-1,-1
43,21,192,1408,69,40,33,-1,-1
43,21,193,1408,68,40,33,-1,-1
43,21,194,1408,69,40,33,-1,-1
43,21,195,1409,70,38,31,-1,-1
43,21,196,1412,68,36,30,-1,-1
43,21,197,1413,68,36,30,-1,-1
43,21,198,1413,66,36,30,-1,-1
43,21,199,1415,66,36,30,-1,-1
43,21,200,1415,66,36,30,-1,-1
43,21,201,1415,66,36,30,-1,-1
43,21,202,1416,66,36,30,-1,-1
43,21,203,1417,64,36,30,-1,-1
43,21,204,1415,64,36,30,-1,-1
43,21,205,1417,65,36,30,-1,-1
43,21,206,1419,63,36,30,-1,-1
43,21,207,1419,64,35,29,-1,-1
43,21,208,1420,63,35,29,-1,-1
43,21,209,1421,62,35,29,-1,-1
43,21,210,1422,63,35,29,-1,-1
43,21,211,1424,63,35,29,-1,-1
43,21,212,1425,62,33,27,-1,-1
43,21,213,1425,63,33,27,-1,-1
43,21,214,1425,63,33,27,-1,-1
43,21,215,1425,62,33,27,-1,-1
43,21,216,1427,63,33,27,-1,-1
43,21,217,1425,62,33,27,-1,-1
43,21,218,1425,62,33,27,-1,-1
43,21,219,1426,61,33,27,-1,-1
43,21,220,1427,61,33,27,-1,-1
43,21,221,1429,60,33,27,-1,-1
43,21,222,1428,61,33,27,-1,-1
43,21,223,1428,61,33,27,-1,-1
43,21,224,1430,59,31,26,-1,-1
43,21,225,1430,59,31,26,-1,-1
43,21,226,1434,60,30,25,-1,-1
43,21,227,1434,60,30,25,-1,-1
43,21,228,1434,60,30,25,-1,-1
