43,1,934,651,428,302,234,-1,-1
43,1,935,688,405,290,224,-1,-1
43,1,936,724,344,273,258,-1,-1
43,1,938,783,365,249,180,-1,-1
43,1,939,811,353,238,167,-1,-1
43,1,942,889,323,202,142,-1,-1
43,1,943,909,313,195,134,-1,-1
43,1,944,929,303,189,128,-1,-1
43,1,945,946,293,186,123,-1,-1
43,1,946,964,285,175,119,-1,-1
43,1,947,980,277,168,114,-1,-1
43,1,948,996,269,164,110,-1,-1
43,1,949,1010,263,159,106,-1,-1
43,1,950,1022,255,155,104,-1,-1
43,1,951,1035,251,149,100,-1,-1
43,1,952,1045,245,144,97,-1,-1
43,1,953,1057,240,138,94,-1,-1
43,1,954,1068,235,135,91,-1,-1
43,1,955,1079,229,130,89,-1,-1
43,1,956,1090,225,126,86,-1,-1
43,1,957,1098,219,122,84,-1,-1
43,1,958,1106,216,118,82,-1,-1
43,1,959,1117,212,115,79,-1,-1
43,1,960,1126,208,111,77,-1,-1
43,1,961,1132,203,111,75,-1,-1
43,1,962,1140,200,108,73,-1,-1
43,1,963,1146,197,103,71,-1,-1
43,1,964,1154,193,102,71,-1,-1
43,1,965,1160,189,102,70,-1,-1
43,1,966,1168,186,99,69,-1,-1
43,1,967,1172,183,97,67,-1,-1
43,1,968,1178,180,95,66,-1,-1
43,1,969,1185,176,91,66,-1,-1
43,1,970,1190,174,92,65,-1,-1
43,1,971,1195,172,89,63,-1,-1
43,1,972,1199,169,88,61,-1,-1
43,1,973,1205,167,86,60,-1,-1
43,1,974,1211,164,84,60,-1,-1
43,1,975,1215,161,83,59,-1,-1
43,1,976,1219,160,81,58,-1,-1
43,1,977,1222,158,80,56,-1,-1
43,1,978,1227,156,79,55,-1,-1
43,1,979,1231,154,78,54,-1,-1
43,1,980,1236,152,77,53,-1,-1
43,1,981,1239,150,75,52,-1,-1
43,1,982,1242,148,74,51,-1,-1
43,1,983,1246,146,73,50,-1,-1
43,1,984,1250,144,72,51,-1,-1
43,1,985,1254,142,71,51,-1,-1
43,1,986,1257,140,70,50,-1,-1
43,1,987,1260,139,68,49,-1,-1
43,1,988,1263,138,67,48,-1,-1
43,1,989,1266,137,66,47,-1,-1
43,1,990,1270,135,65,47,-1,-1
43,1,991,1273,134,65,46,-1,-1
43,1,992,1275,132,65,46,-1,-1
43,1,993,1278,130,64,46,-1,-1
43,1,994,1281,129,64,45,-1,-1
43,1,995,1284,128,63,44,-1,-1
43,1,996,1287,127,60,43,-1,-1
43,1,997,1288,126,58,42,-1,-1
43,1,998,1291,124,57,43,-1,-1
43,1,999,1295,122,56,43,-1,-1
43,1,1000,1297,122,57,42,-1,-1
43,1,1001,1299,121,57,41,-1,-1
43,1,1002,1301,120,55,40,-1,-1
43,1,1003,1303,119,55,40,-1,-1
43,1,1004,1306,118,55,41,-1,-1
43,1,1005,1309,116,54,41,-1,-1
43,2,353,1325,176,91,67,-1,-1
43,2,354,1331,172,86,66,-1,-1
43,2,355,1336,169,86,65,-1,-1
43,2,358,1347,159,79,60,-1,-1
43,2,359,1350,155,79,60,-1,-1
43,2,360,1353,152,77,60,-1,-1
43,2,361,1357,150,74,59,-1,-1
43,2,362,1359,148,74,57,-1,-1
43,2,363,1361,146,73,57,-1,-1
43,2,364,1362,145,73,55,-1,-1
43,2,365,1364,143,74,56,-1,-1
43,2,366,1367,140,72,54,-1,-1
43,2,367,1370,138,71,54,-1,-1
43,2,368,1371,137,72,54,-1,-1
43,2,369,1373,135,70,52,-1,-1
43,2,370,1376,135,67,51,-1,-1
43,2,371,1379,134,64,50,-1,-1
43,2,372,1382,132,62,48,-1,-1
43,2,373,1383,130,61,47,-1,-1
43,2,374,1385,131,60,45,-1,-1
43,2,375,1388,128,58,45,-1,-1
43,2,376,1392,128,56,45,-1,-1
43,2,377,1391,123,58,46,-1,-1
43,2,378,1393,123,57,44,-1,-1
43,2,379,1396,123,55,43,-1,-1
43,2,380,1398,122,54,42,-1,-1
43,2,381,1398,121,54,42,-1,-1
43,2,382,1399,120,54,41,-1,-1
43,3,21,953,300,191,136,-1,-1
43,3,22,961,289,192,132,-1,-1
43,3,23,979,282,187,124,-1,-1
43,3,24,997,271,180,120,-1,-1
43,3,25,1013,264,172,114,-1,-1
43,3,26,1028,258,167,108,-1,-1
43,3,27,1042,251,162,102,-1,-1
43,3,28,1056,244,157,99,-1,-1
43,3,29,1070,237,151,96,-1,-1
43,3,30,1082,229,145,95,-1,-1
43,3,31,1095,223,139,93,-1,-1
43,3,32,1105,218,134,90,-1,-1
43,3,33,1111,213,137,89,-1,-1
43,3,34,1122,209,130,86,-1,-1
43,3,35,1132,203,126,84,-1,-1
43,3,36,1141,199,124,82,-1,-1
43,3,37,1152,194,117,79,-1,-1
43,3,38,1158,189,114,79,-1,-1
43,3,39,1164,185,114,77,-1,-1
43,3,40,1172,182,110,75,-1,-1
43,3,41,1179,179,107,73,-1,-1
43,3,42,1188,175,103,72,-1,-1
43,3,43,1195,171,102,72,-1,-1
43,3,44,1199,168,100,70,-1,-1
43,3,45,1204,166,98,68,-1,-1
43,3,46,1210,163,96,67,-1,-1
43,3,47,1215,161,95,66,-1,-1
43,3,48,1222,158,93,65,-1,-1
43,3,49,1227,155,89,65,-1,-1
43,3,50,1230,153,88,64,-1,-1
43,3,51,1234,151,88,62,-1,-1
43,3,52,1238,148,87,62,-1,-1
43,3,53,1243,146,86,61,-1,-1
43,3,54,1248,144,83,60,-1,-1
43,3,55,1251,143,82,58,-1,-1
43,3,56,1253,141,82,58,-1,-1
43,3,57,1259,139,80,57,-1,-1
43,3,58,1264,137,78,55,-1,-1
43,3,59,1268,135,75,55,-1,-1
43,3,60,1271,134,75,55,-1,-1
43,3,61,1274,133,74,53,-1,-1
43,3,62,1278,132,73,52,-1,-1
43,3,63,1281,130,72,52,-1,-1
43,3,64,1283,129,72,51,-1,-1
43,3,65,1286,127,71,50,-1,-1
43,3,66,1289,126,69,49,-1,-1
43,3,67,1293,125,68,48,-1,-1
43,3,68,1296,123,66,48,-1,-1
43,3,69,1298,122,65,47,-1,-1
43,3,70,1300,121,64,46,-1,-1
43,3,71,1303,120,63,45,-1,-1
43,3,72,1307,119,62,44,-1,-1
43,3,73,1309,119,62,43,-1,-1
43,3,74,1312,118,60,42,-1,-1
43,3,75,1313,116,59,42,-1,-1
43,3,76,1315,115,58,42,-1,-1
43,3,77,1318,113,57,42,-1,-1
43,3,78,1321,111,57,43,-1,-1
43,3,79,1323,111,57,42,-1,-1
43,3,80,1324,110,56,41,-1,-1
43,3,81,1326,109,56,40,-1,-1
43,3,82,1329,108,55,40,-1,-1
43,3,83,1331,107,54,39,-1,-1
43,3,84,1333,106,54,39,-1,-1
43,3,85,1334,106,54,38,-1,-1
43,5,64,791,347,276,207,-1,-1
43,5,65,825,334,259,194,-1,-1
43,5,67,886,304,233,180,-1,-1
43,5,69,945,288,204,160,-1,-1
43,5,70,964,280,197,151,-1,-1
43,5,71,973,275,196,141,-1,-1
43,5,72,992,265,186,137,-1,-1
43,5,73,1009,255,179,134,-1,-1
43,5,74,1026,251,171,127,-1,-1
43,5,75,1040,242,167,123,-1,-1
43,5,76,1053,237,161,117,-1,-1
43,5,77,1068,229,156,115,-1,-1
43,5,78,1079,224,151,111,-1,-1
43,5,79,1091,219,146,107,-1,-1
43,5,80,1103,213,140,104,-1,-1
43,5,81,1111,208,138,102,-1,-1
43,5,82,1124,202,132,100,-1,-1
43,5,83,1132,198,129,98,-1,-1
43,5,84,1141,195,125,94,-1,-1
43,5,85,1148,191,122,90,-1,-1
43,5,86,1158,187,117,89,-1,-1
43,5,87,1165,183,116,89,-1,-1
43,5,88,1172,180,112,87,-1,-1
43,5,89,1180,176,109,86,-1,-1
43,5,90,1186,172,105,84,-1,-1
43,5,91,1193,169,104,83,-1,-1
43,5,92,1200,167,101,80,-1,-1
43,5,93,1206,164,98,78,-1,-1
43,5,94,1210,161,96,77,-1,-1
43,5,95,1216,158,95,76,-1,-1
43,5,96,1219,155,95,75,-1,-1
43,5,97,1226,153,92,74,-1,-1
43,5,98,1232,151,89,72,-1,-1
43,5,99,1236,148,87,72,-1,-1
43,5,100,1238,145,87,71,-1,-1
43,5,101,1243,143,85,70,-1,-1
43,5,102,1248,141,84,70,-1,-1
43,5,103,1252,139,82,68,-1,-1
43,5,104,1256,137,80,68,-1,-1
43,5,105,1260,135,79,67,-1,-1
43,5,106,1265,134,77,65,-1,-1
43,5,107,1269,132,75,63,-1,-1
43,5,108,1271,130,76,63,-1,-1
43,5,109,1275,129,74,62,-1,-1
43,5,110,1277,128,72,60,-1,-1
43,5,111,1281,127,71,59,-1,-1
43,5,112,1285,125,70,58,-1,-1
43,5,113,1288,124,69,57,-1,-1
43,5,114,1291,123,67,56,-1,-1
43,5,115,1294,121,66,55,-1,-1
43,5,116,1297,120,64,54,-1,-1
43,5,117,1300,119,62,53,-1,-1
43,5,118,1302,118,62,51,-1,-1
43,5,119,1304,117,61,51,-1,-1
43,5,120,1307,116,59,51,-1,-1
43,5,121,1311,114,57,51,-1,-1
43,5,122,1314,113,57,50,-1,-1
43,5,123,1315,112,57,49,-1,-1
43,5,124,1316,111,56,48,-1,-1
43,5,125,1318,110,55,48,-1,-1
43,5,126,1321,109,54,48,-1,-1
43,5,127,1324,107,54,48,-1,-1
43,5,128,1326,107,54,46,-1,-1
43,5,129,1327,106,53,45,-1,-1
43,5,130,1329,105,52,45,-1,-1
43,5,131,1331,104,51,45,-1,-1
43,5,132,1334,103,50,45,-1,-1
43,5,133,1337,102,50,44,-1,-1
43,5,134,1337,102,49,43,-1,-1
43,5,136,1341,100,48,43,-1,-1
43,7,299,545,507,247,238,-1,-1
43,8,1626,1172,206,105,76,-1,-1
43,8,1627,1179,200,102,75,-1,-1
43,8,1628,1187,197,99,72,-1,-1
43,8,1629,1196,193,96,69,-1,-1
43,8,1630,1201,188,96,69,-1,-1
43,8,1631,1208,184,93,67,-1,-1
43,8,1632,1214,181,89,65,-1,-1
43,8,1633,1220,178,87,63,-1,-1
43,8,1634,1226,175,85,62,-1,-1
43,8,1635,1232,172,84,61,-1,-1
43,8,1636,1236,168,82,60,-1,-1
43,8,1637,1241,166,80,59,-1,-1
43,8,1638,1245,163,79,57,-1,-1
43,8,1639,1251,160,77,57,-1,-1
43,8,1640,1256,158,75,56,-1,-1
43,8,1641,1260,155,73,54,-1,-1
43,8,1642,1263,152,72,54,-1,-1
43,8,1643,1267,151,71,52,-1,-1
43,8,1644,1272,149,70,52,-1,-1
43,8,1645,1276,147,68,50,-1,-1
43,8,1646,1279,145,66,49,-1,-1
43,8,1647,1281,142,65,49,-1,-1
43,8,1648,1285,140,64,48,-1,-1
43,8,1649,1289,139,64,47,-1,-1
43,8,1650,1292,137,63,47,-1,-1
43,8,1651,1295,135,62,46,-1,-1
43,8,1652,1297,133,61,45,-1,-1
43,8,1653,1300,131,60,45,-1,-1
43,8,1654,1304,129,59,45,-1,-1
43,8,1655,1307,128,58,44,-1,-1
43,8,1656,1309,127,56,43,-1,-1
43,8,1657,1311,126,53,42,-1,-1
43,8,1658,1314,125,51,42,-1,-1
43,8,1659,1317,123,52,42,-1,-1
43,8,1660,1320,122,51,41,-1,-1
43,8,1661,1321,121,51,40,-1,-1
43,9,736,789,381,267,176,-1,-1
43,9,737,809,370,262,167,-1,-1
43,9,738,840,356,245,160,-1,-1
43,9,739,864,342,234,157,-1,-1
43,9,740,895,335,218,139,-1,-1
43,9,741,912,322,213,136,-1,-1
43,9,742,930,313,210,135,-1,-1
43,9,743,950,303,200,129,-1,-1
43,9,744,970,297,190,122,-1,-1
43,9,745,980,289,186,115,-1,-1
43,9,746,998,283,180,111,-1,-1
43,9,747,1004,273,182,112,-1,-1
43,9,748,1021,265,174,110,-1,-1
43,9,749,1036,258,167,106,-1,-1
43,9,750,1047,255,162,103,-1,-1
43,9,751,1059,250,157,100,-1,-1
43,9,752,1072,243,152,98,-1,-1
43,9,753,1078,239,149,95,-1,-1
43,9,754,1091,232,144,95,-1,-1
43,9,755,1103,225,138,94,-1,-1
43,9,756,1109,220,140,92,-1,-1
43,9,757,1119,214,140,92,-1,-1
43,9,758,1127,209,135,91,-1,-1
43,9,759,1134,206,132,89,-1,-1
43,9,760,1143,201,127,88,-1,-1
43,9,761,1148,197,127,87,-1,-1
43,9,762,1157,195,123,84,-1,-1
43,9,763,1165,191,119,82,-1,-1
43,9,764,1171,187,114,81,-1,-1
43,9,765,1178,184,111,80,-1,-1
43,9,766,1184,181,111,79,-1,-1
43,9,767,1190,178,109,78,-1,-1
43,9,768,1194,174,107,77,-1,-1
43,9,769,1197,171,105,76,-1,-1
43,9,770,1204,168,102,74,-1,-1
43,9,771,1211,166,100,73,-1,-1
43,9,772,1216,165,98,71,-1,-1
43,9,773,1220,162,96,71,-1,-1
43,9,774,1224,159,94,70,-1,-1
43,9,775,1229,157,93,69,-1,-1
43,9,776,1234,156,92,67,-1,-1
43,9,777,1238,154,90,67,-1,-1
43,9,778,1241,151,89,66,-1,-1
43,9,779,1244,150,88,64,-1,-1
43,9,780,1248,148,86,64,-1,-1
43,9,781,1253,146,84,63,-1,-1
43,9,782,1257,144,83,63,-1,-1
43,9,783,1259,142,83,63,-1,-1
43,9,784,1263,140,82,62,-1,-1
43,9,785,1267,139,80,62,-1,-1
43,9,786,1271,137,78,61,-1,-1
43,9,787,1273,136,76,59,-1,-1
43,9,788,1276,135,74,58,-1,-1
43,9,789,1279,134,75,57,-1,-1
43,9,790,1282,133,74,56,-1,-1
43,9,791,1286,131,72,55,-1,-1
43,9,792,1288,130,72,54,-1,-1
43,9,793,1289,128,71,55,-1,-1
43,9,794,1292,126,71,55,-1,-1
43,9,795,1295,125,70,54,-1,-1
43,9,796,1298,125,68,52,-1,-1
43,9,797,1300,124,67,51,-1,-1
43,9,798,1302,123,65,50,-1,-1
43,9,799,1305,122,63,50,-1,-1
43,9,800,1308,121,62,49,-1,-1
43,9,801,1310,120,61,48,-1,-1
43,9,802,1311,119,60,47,-1,-1
43,9,803,1313,118,58,48,-1,-1
43,9,804,1316,116,58,48,-1,-1
43,9,805,1318,116,57,47,-1,-1
43,9,806,1321,115,56,46,-1,-1
43,9,807,1322,114,55,46,-1,-1
43,9,808,1323,113,56,45,-1,-1
43,9,809,1325,112,56,46,-1,-1
43,9,810,1327,110,54,46,-1,-1
43,9,811,1329,109,54,45,-1,-1
43,9,812,1331,108,54,45,-1,-1
43,9,813,1332,107,53,45,-1,-1
43,9,814,1333,107,53,45,-1,-1
43,9,815,1336,107,52,44,-1,-1
43,9,816,1338,106,51,44,-1,-1
43,9,817,1339,105,51,43,-1,-1
43,9,818,1340,105,51,42,-1,-1
43,9,819,1342,104,51,42,-1,-1
43,9,820,1344,103,50,41,-1,-1
43,9,821,1345,103,50,40,-1,-1
43,9,829,1355,96,49,41,-1,-1
43,11,306,851,351,238,181,-1,-1
43,11,307,876,335,228,178,-1,-1
43,11,308,910,327,207,162,-1,-1
43,11,309,932,312,206,159,-1,-1
43,11,310,955,301,198,153,-1,-1
43,11,311,973,293,191,143,-1,-1
43,11,312,988,283,183,136,-1,-1
43,11,313,998,281,182,127,-1,-1
43,11,314,1014,273,174,124,-1,-1
43,11,315,1031,264,167,117,-1,-1
43,11,316,1049,256,157,111,-1,-1
43,11,317,1062,250,150,108,-1,-1
43,11,318,1073,243,146,106,-1,-1
43,11,319,1085,239,141,101,-1,-1
43,11,320,1098,232,136,97,-1,-1
43,11,321,1108,225,133,97,-1,-1
43,11,322,1120,222,129,93,-1,-1
43,11,323,1131,216,123,90,-1,-1
43,11,324,1136,212,123,88,-1,-1
43,11,325,1147,208,119,86,-1,-1
43,11,326,1155,203,114,85,-1,-1
43,11,327,1162,199,112,82,-1,-1
43,11,328,1172,195,108,81,-1,-1
43,11,329,1178,191,105,79,-1,-1
43,11,330,1185,187,104,77,-1,-1
43,11,331,1191,184,101,76,-1,-1
43,11,332,1197,181,100,74,-1,-1
43,11,333,1204,177,97,73,-1,-1
43,11,334,1209,173,95,71,-1,-1
43,11,335,1214,169,93,71,-1,-1
43,11,336,1220,168,91,70,-1,-1
43,11,337,1224,165,90,68,-1,-1
43,11,338,1229,162,88,67,-1,-1
43,11,339,1234,160,86,66,-1,-1
43,11,340,1240,158,84,64,-1,-1
43,11,341,1244,155,82,63,-1,-1
43,11,342,1248,153,80,62,-1,-1
43,11,343,1252,151,79,61,-1,-1
43,11,344,1256,149,77,60,-1,-1
43,11,345,1261,147,75,59,-1,-1
43,11,346,1264,145,76,58,-1,-1
43,11,347,1267,143,75,57,-1,-1
43,11,348,1270,140,73,59,-1,-1
43,11,349,1273,138,72,58,-1,-1
43,11,350,1277,136,70,58,-1,-1
43,11,351,1281,135,68,57,-1,-1
43,11,352,1285,134,65,54,-1,-1
43,11,353,1287,133,64,52,-1,-1
43,11,354,1290,132,63,52,-1,-1
43,11,355,1294,131,62,52,-1,-1
43,11,356,1296,129,61,51,-1,-1
43,11,357,1298,128,63,49,-1,-1
43,11,358,1301,126,61,49,-1,-1
43,11,359,1305,125,59,48,-1,-1
43,11,360,1308,124,58,47,-1,-1
43,11,361,1311,122,56,47,-1,-1
43,11,362,1312,120,56,47,-1,-1
43,11,363,1314,119,56,46,-1,-1
43,11,364,1317,119,55,45,-1,-1
43,11,365,1319,118,53,44,-1,-1
43,11,366,1321,116,52,44,-1,-1
43,11,367,1323,115,51,43,-1,-1
43,11,368,1325,114,51,43,-1,-1
43,11,369,1327,112,51,43,-1,-1
43,11,370,1329,111,50,43,-1,-1
43,11,371,1331,109,50,43,-1,-1
43,11,372,1333,109,49,43,-1,-1
43,11,373,1334,108,49,42,-1,-1
43,12,888,1057,456,275,234,-1,-1
43,13,338,1247,250,136,98,-1,-1
43,14,659,1123,138,322,401,-1,-1
43,14,660,1127,123,317,399,-1,-1
43,14,661,1144,108,306,396,-1,-1
43,14,662,1148,83,307,392,-1,-1
43,14,663,1163,80,286,376,-1,-1
43,14,664,1179,96,267,354,-1,-1
43,14,665,1190,90,256,342,-1,-1
43,14,666,1201,96,250,313,-1,-1
43,14,667,1206,90,250,319,-1,-1
43,14,668,1216,90,243,316,-1,-1
43,14,669,1219,91,240,308,-1,-1
43,14,670,1226,89,236,299,-1,-1
43,14,671,1232,87,226,290,-1,-1
43,14,672,1241,82,216,285,-1,-1
43,14,673,1248,78,208,275,-1,-1
43,14,674,1251,74,206,271,-1,-1
43,14,675,1260,74,196,259,-1,-1
43,14,676,1264,74,195,250,-1,-1
43,14,677,1270,75,189,243,-1,-1
43,14,678,1275,73,185,242,-1,-1
43,14,679,1281,71,179,238,-1,-1
43,14,680,1285,73,173,232,-1,-1
43,14,681,1289,75,169,224,-1,-1
43,14,682,1291,75,169,220,-1,-1
43,14,683,1298,74,165,217,-1,-1
43,14,684,1300,75,164,211,-1,-1
43,14,685,1301,76,162,205,-1,-1
43,14,686,1306,78,158,197,-1,-1
43,14,689,1315,72,150,186,-1,-1
43,14,690,1316,71,151,180,-1,-1
43,14,691,1319,68,148,179,-1,-1
43,14,692,1322,66,146,178,-1,-1
43,14,693,1325,66,143,172,-1,-1
43,14,694,1327,66,140,169,-1,-1
43,14,695,1330,65,136,167,-1,-1
43,14,696,1334,65,132,164,-1,-1
43,14,697,1338,65,129,161,-1,-1
43,14,698,1339,64,127,161,-1,-1
43,14,699,1340,63,127,159,-1,-1
43,14,700,1342,63,125,157,-1,-1
43,14,701,1345,63,122,152,-1,-1
43,14,702,1347,63,122,149,-1,-1
43,14,703,1348,63,121,149,-1,-1
43,14,704,1350,62,119,147,-1,-1
43,14,705,1353,61,115,145,-1,-1
43,14,706,1356,60,112,143,-1,-1
43,14,707,1359,59,110,142,-1,-1
43,14,708,1360,58,109,142,-1,-1
43,14,709,1359,58,111,140,-1,-1
43,14,710,1361,58,108,138,-1,-1
43,14,711,1364,58,106,135,-1,-1
43,14,712,1365,58,107,135,-1,-1
43,14,713,1366,57,106,134,-1,-1
43,14,714,1367,57,106,133,-1,-1
43,14,715,1368,56,105,131,-1,-1
43,14,716,1370,57,103,128,-1,-1
43,14,717,1372,56,102,126,-1,-1
43,14,718,1375,55,100,125,-1,-1
43,14,719,1377,55,97,123,-1,-1
43,14,720,1379,54,95,122,-1,-1
43,14,721,1380,54,94,122,-1,-1
43,14,722,1382,53,93,121,-1,-1
43,14,723,1384,53,91,120,-1,-1
43,14,724,1385,53,90,119,-1,-1
43,14,725,1386,52,89,118,-1,-1
43,14,726,1387,52,88,116,-1,-1
43,14,727,1388,52,87,116,-1,-1
43,14,728,1388,51,87,115,-1,-1
43,14,729,1388,51,87,115,-1,-1
43,14,730,1389,50,87,115,-1,-1
43,14,731,1391,50,85,112,-1,-1
43,14,732,1393,50,83,110,-1,-1
43,14,733,1395,50,82,108,-1,-1
43,14,734,1395,49,82,107,-1,-1
43,14,735,1396,49,82,106,-1,-1
43,14,736,1400,49,79,107,-1,-1
43,14,737,1402,48,78,107,-1,-1
43,14,738,1402,48,78,106,-1,-1
43,14,739,1402,47,78,104,-1,-1
43,14,740,1402,47,77,102,-1,-1
43,14,741,1404,47,76,101,-1,-1
43,14,742,1406,47,75,99,-1,-1
43,14,743,1407,47,74,98,-1,-1
43,14,744,1406,47,75,97,-1,-1
43,14,745,1406,47,75,95,-1,-1
43,14,746,1407,47,74,95,-1,-1
43,14,747,1408,47,74,94,-1,-1
43,14,748,1409,47,73,94,-1,-1
43,14,749,1409,46,73,94,-1,-1
43,14,750,1409,46,73,93,-1,-1
43,14,751,1410,45,73,92,-1,-1
43,14,752,1411,45,72,91,-1,-1
43,14,753,1412,44,71,91,-1,-1
43,14,754,1413,44,70,90,-1,-1
43,14,755,1414,44,70,89,-1,-1
43,14,756,1414,45,69,88,-1,-1
43,14,757,1415,45,68,88,-1,-1
43,14,758,1416,44,69,88,-1,-1
43,14,759,1416,45,69,85,-1,-1
43,14,760,1417,45,68,84,-1,-1
43,14,761,1417,45,70,83,-1,-1
43,14,762,1417,45,70,83,-1,-1
43,14,763,1418,44,69,83,-1,-1
43,14,764,1418,44,69,83,-1,-1
43,14,765,1419,44,69,83,-1,-1
43,14,766,1420,44,69,82,-1,-1
43,14,767,1421,44,68,81,-1,-1
43,14,768,1422,45,66,80,-1,-1
43,14,769,1423,44,65,79,-1,-1
43,14,770,1423,43,65,79,-1,-1
43,14,771,1424,43,64,78,-1,-1
43,14,772,1425,42,64,78,-1,-1
43,14,773,1426,41,64,81,-1,-1
43,14,774,1427,41,63,80,-1,-1
43,14,775,1427,41,63,78,-1,-1
43,14,776,1428,41,63,78,-1,-1
43,14,777,1428,40,63,78,-1,-1
43,14,778,1428,40,63,78,-1,-1
43,14,779,1428,40,63,78,-1,-1
43,14,780,1428,40,64,74,-1,-1
43,14,781,1429,40,62,75,-1,-1
43,14,782,1430,40,62,73,-1,-1
43,14,783,1430,41,61,72,-1,-1
43,14,784,1430,41,61,72,-1,-1
43,14,785,1430,40,62,73,-1,-1
43,16,901,971,303,190,121,-1,-1
43,16,902,1007,298,163,110,-1,-1
43,16,903,1014,289,166,112,-1,-1
43,16,904,1028,276,167,114,-1,-1
43,16,905,1037,266,166,116,-1,-1
43,16,906,1055,259,156,111,-1,-1
43,16,907,1071,254,145,107,-1,-1
43,16,908,1084,247,139,113,-1,-1
43,16,909,1085,281,147,72,-1,-1
43,16,912,1120,226,129,99,-1,-1
43,16,913,1125,226,132,91,-1,-1
43,16,914,1142,214,119,96,-1,-1
43,16,915,1150,210,115,91,-1,-1
43,16,916,1155,206,118,89,-1,-1
43,16,917,1160,203,116,85,-1,-1
43,16,918,1168,197,112,86,-1,-1
43,16,919,1173,195,110,83,-1,-1
43,16,920,1183,191,105,81,-1,-1
43,16,921,1194,188,99,79,-1,-1
43,16,922,1196,184,99,79,-1,-1
43,16,924,1208,179,96,74,-1,-1
43,16,925,1216,175,93,73,-1,-1
43,16,926,1220,173,91,72,-1,-1
43,16,927,1222,169,90,71,-1,-1
43,16,928,1227,167,89,70,-1,-1
43,16,929,1233,164,86,68,-1,-1
43,16,930,1238,161,85,67,-1,-1
43,16,931,1240,160,85,66,-1,-1
43,16,932,1245,157,82,64,-1,-1
43,16,933,1249,156,80,62,-1,-1
43,16,934,1253,153,79,60,-1,-1
43,16,935,1258,151,78,58,-1,-1
43,16,936,1260,149,78,57,-1,-1
43,16,937,1264,147,76,57,-1,-1
43,16,938,1270,145,73,57,-1,-1
43,16,939,1273,144,72,55,-1,-1
43,16,940,1277,142,71,55,-1,-1
43,16,941,1280,139,71,55,-1,-1
43,16,942,1284,138,69,53,-1,-1
43,16,943,1286,137,69,52,-1,-1
43,16,944,1289,136,67,51,-1,-1
43,16,945,1293,136,68,49,-1,-1
43,16,946,1295,133,68,50,-1,-1
43,16,947,1297,132,67,49,-1,-1
43,16,948,1300,131,64,47,-1,-1
43,16,949,1304,130,61,45,-1,-1
43,16,950,1308,129,59,44,-1,-1
43,16,951,1310,128,58,45,-1,-1
43,16,952,1310,126,57,45,-1,-1
43,16,953,1313,125,56,44,-1,-1
43,16,954,1316,124,55,43,-1,-1
43,16,955,1319,123,56,42,-1,-1
43,16,956,1321,122,56,42,-1,-1
43,16,957,1322,122,55,40,-1,-1
43,16,958,1324,121,54,39,-1,-1
43,16,959,1326,120,53,39,-1,-1
43,16,961,1330,116,49,41,-1,-1
43,18,986,795,330,267,203,-1,-1
43,18,987,821,318,253,194,-1,-1
43,18,988,846,312,242,184,-1,-1
43,18,992,930,269,203,161,-1,-1
43,18,993,946,260,193,156,-1,-1
43,18,994,963,253,187,150,-1,-1
43,18,995,978,247,184,146,-1,-1
43,18,996,994,242,175,139,-1,-1
43,18,997,1007,234,170,136,-1,-1
43,18,998,1018,230,168,132,-1,-1
43,18,999,1031,226,163,125,-1,-1
43,18,1000,1042,219,157,124,-1,-1
43,18,1001,1053,213,154,123,-1,-1
43,18,1002,1063,211,148,118,-1,-1
43,18,1003,1075,205,142,116,-1,-1
43,18,1004,1085,200,138,113,-1,-1
43,18,1005,1094,196,134,111,-1,-1
43,18,1006,1100,192,135,108,-1,-1
43,18,1007,1110,191,129,105,-1,-1
43,18,1008,1117,187,124,106,-1,-1
43,18,1009,1125,191,124,97,-1,-1
43,18,1010,1134,182,120,98,-1,-1
43,18,1011,1142,180,117,96,-1,-1
43,18,1013,1156,174,113,90,-1,-1
43,18,1014,1160,172,112,89,-1,-1
43,18,1015,1166,168,110,90,-1,-1
43,18,1016,1172,166,107,87,-1,-1
43,18,1017,1178,164,105,85,-1,-1
43,18,1018,1181,161,104,84,-1,-1
43,18,1019,1187,156,102,87,-1,-1
43,18,1020,1194,153,101,84,-1,-1
43,18,1021,1198,152,99,83,-1,-1
43,18,1022,1204,150,96,82,-1,-1
43,18,1029,1235,136,85,76,-1,-1
43,18,1030,1239,134,84,75,-1,-1
43,18,1031,1243,131,83,76,-1,-1
43,18,1032,1246,129,82,76,-1,-1
43,18,1033,1250,128,79,73,-1,-1
43,18,1034,1253,128,78,71,-1,-1
43,18,1035,1257,127,77,70,-1,-1
43,18,1036,1261,126,74,69,-1,-1
43,18,1037,1263,125,74,68,-1,-1
43,18,1038,1266,125,75,65,-1,-1
43,18,1039,1270,125,74,62,-1,-1
43,18,1040,1273,129,72,57,-1,-1
43,18,1041,1277,129,70,55,-1,-1
43,18,1042,1279,129,69,54,-1,-1
43,18,1043,1282,128,68,53,-1,-1
43,18,1044,1284,122,69,56,-1,-1
43,18,1045,1287,123,68,54,-1,-1
43,18,1046,1289,121,67,54,-1,-1
43,18,1047,1292,119,64,54,-1,-1
43,18,1048,1296,120,62,52,-1,-1
43,18,1049,1299,124,62,46,-1,-1
43,18,1050,1301,122,62,46,-1,-1
43,18,1051,1302,121,62,46,-1,-1
43,18,1052,1304,115,60,50,-1,-1
43,18,1053,1306,111,58,52,-1,-1
43,18,1054,1310,115,56,47,-1,-1
43,18,1055,1312,112,55,48,-1,-1
43,18,1056,1313,110,55,48,-1,-1
43,18,1057,1315,110,55,48,-1,-1
43,18,1058,1318,109,55,47,-1,-1
43,18,1059,1320,107,55,48,-1,-1
43,18,1060,1322,105,54,49,-1,-1
43,18,1061,1323,109,53,44,-1,-1
43,18,1062,1325,105,53,47,-1,-1
43,18,1063,1327,104,52,47,-1,-1
43,18,1064,1330,102,51,47,-1,-1
43,18,1065,1331,104,50,45,-1,-1
43,18,1066,1332,103,50,44,-1,-1
43,18,1067,1333,101,49,44,-1,-1
43,18,1068,1335,98,48,45,-1,-1
43,18,1069,1338,96,47,47,-1,-1
43,18,1070,1340,94,46,47,-1,-1
43,18,1071,1341,93,46,47,-1,-1
43,18,1072,1342,92,45,47,-1,-1
43,18,1074,1346,94,46,44,-1,-1
43,19,897,1208,305,172,169,-1,-1
43,19,898,1214,298,164,160,-1,-1
43,19,899,1226,288,152,154,-1,-1
43,19,906,1275,238,127,121,-1,-1
43,19,907,1281,231,123,117,-1,-1
43,19,908,1286,227,121,110,-1,-1
43,19,909,1291,221,116,111,-1,-1
43,19,910,1297,219,113,108,-1,-1
43,19,911,1301,216,110,99,-1,-1
43,19,912,1306,211,108,95,-1,-1
43,19,913,1312,208,102,89,-1,-1
43,19,914,1317,202,98,94,-1,-1
43,19,915,1322,197,96,90,-1,-1
43,19,916,1323,195,97,90,-1,-1
43,19,917,1325,192,92,87,-1,-1
43,19,918,1327,190,88,81,-1,-1
43,19,919,1331,186,93,80,-1,-1
43,19,920,1335,182,92,81,-1,-1
43,19,921,1339,176,89,81,-1,-1
43,19,922,1341,172,88,77,-1,-1
43,19,923,1343,170,92,78,-1,-1
43,19,924,1346,168,90,77,-1,-1
43,19,925,1350,167,84,73,-1,-1
43,19,926,1352,165,83,68,-1,-1
43,19,927,1355,162,82,71,-1,-1
43,19,928,1358,160,80,69,-1,-1
43,19,929,1361,158,76,66,-1,-1
43,19,930,1362,156,80,64,-1,-1
43,19,931,1363,155,79,65,-1,-1
43,19,932,1365,153,77,64,-1,-1
43,19,933,1366,148,78,67,-1,-1
43,19,934,1369,144,77,70,-1,-1
43,19,935,1372,144,75,67,-1,-1
43,19,936,1373,143,74,63,-1,-1
43,19,937,1374,141,74,61,-1,-1
43,19,938,1376,139,73,63,-1,-1
43,19,939,1378,137,72,63,-1,-1
43,19,940,1381,135,71,64,-1,-1
43,19,941,1383,133,70,63,-1,-1
43,19,942,1384,133,69,61,-1,-1
43,19,943,1385,133,68,57,-1,-1
43,19,944,1387,132,66,56,-1,-1
43,19,945,1390,131,64,56,-1,-1
43,19,946,1390,130,66,57,-1,-1
43,19,947,1390,128,66,57,-1,-1
43,19,948,1391,126,66,57,-1,-1
43,19,949,1392,125,65,56,-1,-1
43,19,950,1394,123,64,54,-1,-1
43,19,951,1396,122,63,53,-1,-1
43,19,952,1396,121,62,52,-1,-1
43,19,953,1397,120,61,52,-1,-1
43,19,954,1401,119,58,51,-1,-1
43,19,955,1403,119,57,51,-1,-1
43,19,956,1404,119,56,49,-1,-1
43,19,957,1403,119,57,48,-1,-1
43,19,958,1404,118,57,47,-1,-1
43,19,959,1407,116,55,48,-1,-1
43,19,960,1410,115,53,48,-1,-1
43,19,961,1409,113,53,47,-1,-1
43,19,962,1409,111,53,47,-1,-1
43,19,963,1410,111,54,47,-1,-1
43,19,964,1411,110,54,46,-1,-1
43,19,965,1412,110,52,45,-1,-1
43,19,966,1414,110,51,44,-1,-1
43,19,967,1415,109,50,43,-1,-1
43,19,968,1416,108,50,43,-1,-1
43,19,969,1417,107,50,42,-1,-1
43,19,970,1417,106,50,42,-1,-1
43,20,1382,791,415,287,185,-1,-1
43,20,1383,830,397,263,170,-1,-1
43,20,1384,870,373,244,165,-1,-1
43,20,1385,900,355,230,160,-1,-1
43,20,1387,959,327,208,136,-1,-1
43,20,1388,979,311,200,131,-1,-1
43,20,1389,998,303,191,120,-1,-1
43,20,1390,1018,292,183,116,-1,-1
43,20,1391,1033,284,181,109,-1,-1
43,20,1392,1050,274,171,104,-1,-1
43,20,1393,1067,266,164,99,-1,-1
43,20,1394,1083,256,156,98,-1,-1
43,20,1395,1096,249,149,94,-1,-1
43,20,1396,1108,242,145,90,-1,-1
43,20,1397,1121,236,139,88,-1,-1
43,20,1398,1131,229,135,85,-1,-1
43,20,1399,1142,224,129,81,-1,-1
43,20,1400,1153,218,123,79,-1,-1
43,20,1401,1163,214,120,77,-1,-1
43,20,1402,1171,208,116,76,-1,-1
43,20,1403,1180,202,110,76,-1,-1
43,20,1404,1187,198,105,73,-1,-1
43,20,1405,1196,195,100,70,-1,-1
43,20,1406,1205,189,99,71,-1,-1
43,20,1407,1211,184,96,71,-1,-1
43,20,1408,1216,182,97,67,-1,-1
43,20,1409,1222,178,94,69,-1,-1
43,20,1410,1229,175,90,64,-1,-1
43,20,1411,1235,173,86,61,-1,-1
43,20,1412,1241,169,84,61,-1,-1
43,20,1413,1245,167,81,58,-1,-1
43,20,1414,1250,164,79,57,-1,-1
43,20,1415,1255,163,78,54,-1,-1
43,20,1416,1260,160,77,53,-1,-1
43,20,1417,1264,156,76,54,-1,-1
43,20,1418,1268,154,74,54,-1,-1
43,20,1419,1272,152,73,53,-1,-1
43,20,1420,1277,149,73,51,-1,-1
43,20,1421,1281,148,72,50,-1,-1
43,20,1422,1284,146,71,49,-1,-1
43,20,1423,1287,147,69,43,-1,-1
43,20,1424,1290,142,68,45,-1,-1
43,20,1425,1294,139,66,44,-1,-1
43,20,1426,1299,137,64,44,-1,-1
43,20,1427,1302,135,65,47,-1,-1
43,20,1428,1304,133,65,46,-1,-1
43,20,1429,1307,131,64,46,-1,-1
43,20,1430,1310,129,62,46,-1,-1
43,20,1431,1314,128,60,46,-1,-1
43,20,1432,1316,126,60,44,-1,-1
43,20,1433,1319,124,59,45,-1,-1
43,20,1434,1321,122,57,46,-1,-1
43,20,1435,1324,122,56,43,-1,-1
43,20,1436,1327,121,55,40,-1,-1
43,20,1437,1329,120,55,39,-1,-1
43,20,1438,1330,119,55,40,-1,-1
43,20,1439,1332,118,55,40,-1,-1
43,20,1440,1335,116,52,40,-1,-1
43,20,1442,1340,113,52,39,-1,-1
43,22,914,757,351,286,197,-1,-1
43,22,915,786,343,271,187,-1,-1
43,22,916,815,331,261,173,-1,-1
43,22,917,843,315,205,168,-1,-1
43,22,918,877,307,224,157,-1,-1
43,22,919,896,299,223,148,-1,-1
43,22,920,916,289,211,141,-1,-1
43,22,921,938,281,193,133,-1,-1
43,22,922,958,273,189,129,-1,-1
43,22,923,971,264,189,129,-1,-1
43,22,924,989,257,179,123,-1,-1
43,22,925,1004,249,175,120,-1,-1
43,22,926,1019,242,168,117,-1,-1
43,22,927,1032,236,161,112,-1,-1
43,22,928,1043,229,159,111,-1,-1
43,22,929,1056,223,153,108,-1,-1
43,22,930,1069,219,147,104,-1,-1
43,22,931,1079,213,143,101,-1,-1
43,22,932,1089,207,136,101,-1,-1
43,22,933,1098,204,134,98,-1,-1
43,22,934,1108,200,129,95,-1,-1
43,22,935,1118,197,119,90,-1,-1
43,22,936,1125,192,122,89,-1,-1
43,22,937,1133,189,118,86,-1,-1
43,22,938,1140,185,112,85,-1,-1
43,22,939,1148,182,111,84,-1,-1
43,22,940,1156,178,107,82,-1,-1
43,22,941,1164,175,94,80,-1,-1
43,22,942,1170,173,87,78,-1,-1
43,22,943,1176,169,88,77,-1,-1
43,22,944,1181,167,96,75,-1,-1
43,22,945,1189,164,93,73,-1,-1
43,22,946,1194,161,89,73,-1,-1
43,22,947,1198,158,92,72,-1,-1
43,22,948,1204,157,87,69,-1,-1
43,22,949,1210,154,88,67,-1,-1
43,22,950,1214,152,89,66,-1,-1
43,22,951,1219,150,86,65,-1,-1
43,22,952,1222,148,84,65,-1,-1
43,22,953,1227,146,81,63,-1,-1
43,22,954,1232,145,78,60,-1,-1
43,22,955,1236,144,81,62,-1,-1
43,22,956,1241,141,78,61,-1,-1
43,22,957,1244,138,77,61,-1,-1
43,22,958,1247,137,76,62,-1,-1
43,22,959,1251,136,71,58,-1,-1
43,22,960,1257,134,69,57,-1,-1
43,22,961,1260,134,70,55,-1,-1
43,22,962,1263,133,69,53,-1,-1
43,22,963,1266,131,68,53,-1,-1
43,22,964,1270,129,66,54,-1,-1
43,22,965,1274,128,64,54,-1,-1
43,22,966,1276,126,64,52,-1,-1
43,22,967,1279,125,63,51,-1,-1
43,22,968,1281,123,65,51,-1,-1
43,22,969,1285,122,62,51,-1,-1
43,22,970,1289,120,61,51,-1,-1
43,22,971,1291,119,60,49,-1,-1
43,22,972,1293,118,61,48,-1,-1
43,22,973,1297,117,52,44,-1,-1
43,22,974,1300,116,52,45,-1,-1
43,22,975,1302,114,52,45,-1,-1
43,22,976,1304,113,51,43,-1,-1
43,22,977,1306,112,50,43,-1,-1
43,22,978,1309,111,49,44,-1,-1
43,22,979,1312,110,49,44,-1,-1
43,22,982,1318,107,49,42,-1,-1
43,22,983,1320,106,49,43,-1,-1
43,22,984,1322,105,49,43,-1,-1
43,22,985,1325,104,48,42,-1,-1
43,22,986,1327,103,48,42,-1,-1
43,23,2024,963,310,199,148,-1,-1
43,23,2025,971,300,199,152,-1,-1
43,23,2026,999,290,181,140,-1,-1
43,23,2027,1013,282,174,148,-1,-1
43,23,2028,1023,274,171,143,-1,-1
43,23,2029,1035,266,168,138,-1,-1
43,23,2030,1048,261,164,130,-1,-1
43,23,2031,1064,254,157,126,-1,-1
43,23,2032,1078,248,150,126,-1,-1
43,23,2033,1088,244,146,119,-1,-1
43,23,2034,1099,238,142,115,-1,-1
43,23,2035,1107,230,138,116,-1,-1
43,23,2036,1118,226,134,110,-1,-1
43,23,2037,1127,221,131,109,-1,-1
43,23,2038,1136,216,127,107,-1,-1
43,23,2039,1141,210,127,106,-1,-1
43,23,2040,1150,205,124,104,-1,-1
43,23,2041,1157,202,120,102,-1,-1
43,23,2042,1164,198,118,99,-1,-1
43,23,2043,1171,195,114,94,-1,-1
43,23,2044,1178,192,110,92,-1,-1
43,23,2045,1183,185,109,96,-1,-1
43,23,2046,1190,181,107,92,-1,-1
43,23,2047,1196,179,104,89,-1,-1
43,23,2048,1200,176,103,88,-1,-1
43,23,2049,1206,173,101,85,-1,-1
43,23,2050,1212,171,98,84,-1,-1
43,23,2051,1217,168,96,85,-1,-1
43,23,2052,1222,165,94,84,-1,-1
43,23,2053,1227,164,92,79,-1,-1
43,23,2054,1229,161,92,80,-1,-1
43,23,2055,1233,159,90,76,-1,-1
43,23,2056,1238,156,89,77,-1,-1
43,23,2057,1244,153,87,76,-1,-1
43,23,2058,1248,151,84,72,-1,-1
43,23,2059,1251,149,83,72,-1,-1
43,23,2060,1253,147,84,72,-1,-1
43,23,2061,1257,145,82,72,-1,-1
43,23,2062,1260,144,82,71,-1,-1
43,23,2063,1263,142,81,69,-1,-1
43,23,2064,1267,140,78,67,-1,-1
43,23,2065,1270,138,77,68,-1,-1
43,23,2066,1273,137,76,68,-1,-1
43,23,2067,1277,135,75,68,-1,-1
43,23,2068,1279,134,74,66,-1,-1
43,23,2069,1282,133,73,65,-1,-1
43,23,2070,1285,132,72,63,-1,-1
43,23,2071,1289,130,70,61,-1,-1
43,23,2072,1291,128,70,61,-1,-1
43,23,2073,1293,127,70,61,-1,-1
43,23,2074,1295,125,70,61,-1,-1
43,23,2075,1297,124,69,59,-1,-1
43,23,2076,1300,123,68,58,-1,-1
43,23,2077,1303,123,67,56,-1,-1
43,23,2078,1306,122,66,54,-1,-1
43,23,2079,1307,120,65,53,-1,-1
43,23,2080,1309,119,65,53,-1,-1
43,23,2081,1312,118,63,53,-1,-1
43,23,2082,1315,118,62,52,-1,-1
43,23,2083,1316,117,63,51,-1,-1
43,23,2084,1318,116,62,50,-1,-1
43,23,2085,1320,115,60,50,-1,-1
43,23,2086,1323,114,60,50,-1,-1
43,23,2087,1325,112,60,50,-1,-1
43,23,2088,1326,111,59,49,-1,-1
43,23,2089,1328,111,58,48,-1,-1
43,23,2090,1330,110,58,47,-1,-1
43,23,2091,1332,110,57,47,-1,-1
43,23,2092,1334,109,56,47,-1,-1
43,23,2093,1335,108,56,47,-1,-1
43,23,2094,1336,107,56,46,-1,-1
43,23,2095,1339,106,53,45,-1,-1
43,23,2096,1340,106,55,44,-1,-1
43,23,2097,1341,105,53,44,-1,-1
43,23,2098,1345,104,50,44,-1,-1
43,23,2099,1346,103,49,43,-1,-1
43,23,2100,1347,102,49,43,-1,-1
43,23,2101,1349,101,48,43,-1,-1
43,24,2263,892,334,202,132,-1,-1
43,24,2264,908,322,196,126,-1,-1
43,24,2265,935,310,186,118,-1,-1
43,24,2266,953,298,178,114,-1,-1
43,24,2267,971,287,175,110,-1,-1
43,24,2268,991,279,166,105,-1,-1
43,24,2269,1010,270,160,102,-1,-1
43,24,2270,1024,263,156,99,-1,-1
43,24,2271,1037,256,151,95,-1,-1
43,24,2272,1051,248,145,93,-1,-1
43,24,2273,1063,242,143,90,-1,-1
43,24,2274,1076,235,137,87,-1,-1
43,24,2275,1090,229,130,85,-1,-1
43,24,2276,1100,224,125,81,-1,-1
43,24,2277,1110,219,123,80,-1,-1
43,24,2278,1120,214,119,77,-1,-1
43,24,2279,1128,209,115,77,-1,-1
43,24,2280,1139,204,112,76,-1,-1
43,24,2281,1147,200,110,75,-1,-1
43,24,2282,1154,196,107,73,-1,-1
43,24,2283,1162,191,106,77,-1,-1
43,24,2284,1169,187,104,76,-1,-1
43,24,2285,1176,183,101,74,-1,-1
43,24,2286,1182,181,99,72,-1,-1
43,24,2287,1189,177,96,70,-1,-1
43,24,2288,1194,174,95,70,-1,-1
43,24,2289,1202,171,92,69,-1,-1
43,24,2290,1207,167,89,69,-1,-1
43,24,2291,1212,166,88,65,-1,-1
43,24,2292,1219,163,86,66,-1,-1
43,24,2293,1223,160,85,64,-1,-1
43,24,2294,1229,157,83,64,-1,-1
43,24,2295,1235,155,80,61,-1,-1
43,24,2296,1238,152,80,60,-1,-1
43,24,2297,1243,151,77,58,-1,-1
43,24,2298,1247,149,76,58,-1,-1
43,24,2299,1252,146,75,58,-1,-1
43,24,2300,1256,145,73,56,-1,-1
43,24,2301,1260,143,71,55,-1,-1
43,24,2302,1263,141,70,54,-1,-1
43,24,2303,1267,139,68,52,-1,-1
43,24,2304,1271,137,68,52,-1,-1
43,24,2305,1275,134,67,53,-1,-1
43,24,2306,1278,133,65,52,-1,-1
43,24,2307,1281,132,64,51,-1,-1
43,24,2308,1284,130,64,50,-1,-1
43,24,2309,1288,129,62,50,-1,-1
43,24,2310,1291,128,61,49,-1,-1
43,24,2311,1294,126,60,48,-1,-1
43,24,2312,1297,125,59,48,-1,-1
43,24,2313,1299,123,58,48,-1,-1
43,24,2314,1302,122,56,47,-1,-1
43,24,2315,1306,120,54,46,-1,-1
43,24,2316,1308,119,53,46,-1,-1
43,24,2317,1310,118,54,45,-1,-1
43,24,2318,1313,116,53,45,-1,-1
43,24,2319,1316,115,54,44,-1,-1
43,24,2320,1319,114,53,44,-1,-1
43,24,2321,1320,113,52,43,-1,-1
43,24,2322,1322,112,52,42,-1,-1
43,24,2323,1324,111,52,42,-1,-1
43,24,2324,1326,110,52,42,-1,-1
43,24,2325,1329,108,49,42,-1,-1
43,24,2326,1331,107,49,42,-1,-1
43,25,2141,884,351,199,136,-1,-1
43,25,2142,905,338,194,130,-1,-1
43,25,2143,931,323,182,126,-1,-1
43,25,2144,947,312,179,122,-1,-1
43,25,2145,966,302,170,118,-1,-1
43,25,2146,982,293,168,112,-1,-1
43,25,2147,999,286,163,107,-1,-1
43,25,2148,1017,277,153,103,-1,-1
43,25,2149,1025,268,155,101,-1,-1
43,25,2150,1040,260,150,101,-1,-1
43,25,2151,1054,254,142,98,-1,-1
43,25,2152,1066,247,138,96,-1,-1
43,25,2153,1077,242,134,94,-1,-1
43,25,2154,1090,237,129,90,-1,-1
43,25,2155,1100,231,125,87,-1,-1
43,25,2156,1109,227,124,85,-1,-1
43,25,2157,1118,222,119,83,-1,-1
43,25,2158,1128,216,114,83,-1,-1
43,25,2159,1138,210,111,81,-1,-1
43,25,2160,1146,206,108,79,-1,-1
43,25,2161,1153,201,106,77,-1,-1
43,25,2162,1160,198,105,75,-1,-1
43,25,2163,1167,193,102,74,-1,-1
43,25,2164,1174,190,99,72,-1,-1
43,25,2165,1181,187,97,69,-1,-1
43,25,2166,1188,183,94,68,-1,-1
43,25,2167,1194,180,91,67,-1,-1
43,25,2168,1199,177,89,65,-1,-1
43,25,2169,1205,175,88,64,-1,-1
43,25,2170,1211,172,86,63,-1,-1
43,25,2171,1216,168,85,62,-1,-1
43,25,2172,1221,165,83,61,-1,-1
43,25,2173,1226,163,81,60,-1,-1
43,25,2174,1231,160,78,59,-1,-1
43,25,2175,1235,157,78,59,-1,-1
43,25,2176,1239,156,77,56,-1,-1
43,25,2177,1244,153,75,55,-1,-1
43,25,2178,1246,151,74,55,-1,-1
43,25,2179,1251,150,73,53,-1,-1
43,25,2180,1256,148,71,52,-1,-1
43,25,2181,1260,146,70,51,-1,-1
43,25,2182,1263,145,69,50,-1,-1
43,25,2183,1266,142,67,50,-1,-1
43,25,2184,1270,139,66,50,-1,-1
43,25,2185,1274,137,66,50,-1,-1
43,25,2186,1278,136,65,49,-1,-1
43,25,2187,1280,135,64,48,-1,-1
43,25,2188,1283,133,64,47,-1,-1
43,25,2189,1286,132,63,47,-1,-1
43,25,2190,1289,131,62,46,-1,-1
43,25,2191,1292,129,61,46,-1,-1
43,25,2192,1295,128,59,45,-1,-1
43,25,2193,1297,127,58,44,-1,-1
43,25,2194,1300,127,57,42,-1,-1
43,25,2195,1304,125,56,42,-1,-1
43,25,2196,1307,124,55,41,-1,-1
43,25,2197,1308,122,54,41,-1,-1
43,25,2198,1310,120,54,41,-1,-1
43,25,2199,1312,120,54,41,-1,-1
43,25,2200,1315,119,53,40,-1,-1
43,25,2201,1317,117,52,40,-1,-1
43,28,2263,1156,344,188,155,-1,-1
43,28,2264,1171,329,180,145,-1,-1
43,28,2265,1187,318,163,138,-1,-1
43,28,2266,1199,309,163,129,-1,-1
43,28,2267,1211,298,149,120,-1,-1
43,28,2268,1223,287,142,113,-1,-1
43,28,2269,1234,280,130,106,-1,-1
43,28,2270,1243,271,127,104,-1,-1
43,28,2271,1252,261,126,103,-1,-1
43,28,2272,1260,252,118,99,-1,-1
43,28,2273,1268,244,119,96,-1,-1
43,28,2274,1274,238,120,92,-1,-1
43,28,2275,1283,231,111,88,-1,-1
43,28,2276,1286,226,111,85,-1,-1
43,28,2277,1293,220,106,82,-1,-1
43,28,2278,1300,214,101,80,-1,-1
43,28,2279,1305,210,97,76,-1,-1
43,28,2280,1310,204,94,74,-1,-1
43,28,2281,1315,199,89,73,-1,-1
43,28,2282,1319,195,89,70,-1,-1
43,28,2283,1323,191,88,69,-1,-1
43,28,2284,1327,186,85,67,-1,-1
43,28,2285,1331,183,82,65,-1,-1
43,28,2286,1335,178,80,65,-1,-1
43,28,2287,1339,175,80,63,-1,-1
43,28,2288,1342,172,78,60,-1,-1
43,28,2289,1346,169,77,59,-1,-1
43,28,2290,1350,167,77,57,-1,-1
43,28,2291,1353,163,76,55,-1,-1
43,28,2292,1356,161,74,54,-1,-1
43,28,2293,1359,158,72,53,-1,-1
43,28,2294,1361,156,73,52,-1,-1
43,28,2295,1364,153,72,50,-1,-1
43,28,2296,1366,150,72,50,-1,-1
43,28,2297,1368,147,71,50,-1,-1
43,28,2298,1370,146,70,49,-1,-1
43,28,2299,1373,144,70,49,-1,-1
43,28,2300,1375,141,69,48,-1,-1
43,28,2301,1377,139,66,47,-1,-1
43,28,2302,1380,137,64,46,-1,-1
43,28,2303,1382,136,62,44,-1,-1
43,28,2304,1384,134,60,44,-1,-1
43,28,2305,1387,132,58,44,-1,-1
43,28,2306,1389,130,57,43,-1,-1
43,28,2307,1390,128,57,42,-1,-1
43,28,2308,1391,126,59,43,-1,-1
43,28,2309,1393,125,59,43,-1,-1
43,28,2310,1395,123,58,42,-1,-1
43,28,2311,1396,122,57,42,-1,-1
43,28,2312,1397,121,56,41,-1,-1
43,28,2313,1399,120,54,40,-1,-1
43,33,2402,1100,439,299,263,-1,-1
43,33,2403,1134,407,260,239,-1,-1
43,33,2404,1164,374,226,225,-1,-1
43,33,2405,1181,355,221,215,-1,-1
43,33,2406,1198,323,210,228,-1,-1
43,33,2407,1220,314,193,207,-1,-1
43,33,2410,1257,275,167,169,-1,-1
43,33,2411,1266,263,161,159,-1,-1
43,33,2412,1277,252,153,151,-1,-1
43,33,2413,1288,241,145,145,-1,-1
43,33,2414,1294,234,141,139,-1,-1
43,33,2415,1303,225,135,134,-1,-1
43,33,2416,1312,219,125,129,-1,-1
43,33,2417,1318,213,121,123,-1,-1
43,33,2418,1323,208,118,117,-1,-1
43,33,2419,1330,203,113,111,-1,-1
43,33,2420,1333,196,111,108,-1,-1
43,33,2421,1337,191,107,103,-1,-1
43,33,2422,1341,186,103,99,-1,-1
43,33,2423,1346,184,99,94,-1,-1
43,33,2424,1348,179,95,91,-1,-1
43,33,2425,1351,173,95,90,-1,-1
43,33,2426,1355,167,91,90,-1,-1
43,33,2427,1359,163,88,87,-1,-1
43,33,2428,1363,160,87,85,-1,-1
43,33,2429,1366,157,85,83,-1,-1
43,33,2430,1369,154,84,81,-1,-1
43,33,2431,1371,151,83,78,-1,-1
43,33,2432,1373,150,82,74,-1,-1
43,33,2433,1376,146,78,73,-1,-1
43,33,2434,1379,143,78,72,-1,-1
43,33,2435,1383,141,74,70,-1,-1
43,33,2436,1384,138,74,70,-1,-1
43,33,2437,1386,135,72,69,-1,-1
43,33,2438,1388,134,70,67,-1,-1
43,33,2439,1391,131,69,65,-1,-1
43,33,2440,1394,129,68,64,-1,-1
43,33,2441,1396,128,67,61,-1,-1
43,33,2442,1397,126,67,60,-1,-1
43,33,2443,1399,124,66,60,-1,-1
43,33,2444,1401,123,64,58,-1,-1
43,33,2445,1403,122,63,56,-1,-1
43,33,2446,1404,120,62,55,-1,-1
43,33,2447,1406,117,61,54,-1,-1
43,33,2448,1408,116,60,53,-1,-1
43,33,2449,1409,115,59,52,-1,-1
43,33,2450,1410,114,59,51,-1,-1
43,33,2451,1411,114,59,50,-1,-1
43,33,2452,1412,113,58,49,-1,-1
43,33,2453,1413,111,56,48,-1,-1
43,33,2454,1415,109,55,47,-1,-1
43,33,2455,1417,108,54,46,-1,-1
43,33,2456,1419,107,52,44,-1,-1
43,33,2457,1420,106,52,45,-1,-1
43,33,2458,1421,104,52,45,-1,-1
43,33,2459,1422,103,52,44,-1,-1
43,33,2460,1424,102,51,45,-1,-1
43,33,2461,1426,100,49,45,-1,-1
43,33,2462,1427,99,47,44,-1,-1
