44,1,549,219,696,615,384,-1,-1
44,1,550,328,626,557,400,-1,-1
44,1,551,423,566,492,391,-1,-1
44,1,552,490,551,469,334,-1,-1
44,1,553,561,522,432,292,-1,-1
44,1,554,619,486,392,280,-1,-1
44,1,555,674,455,369,263,-1,-1
44,1,556,721,436,351,250,-1,-1
44,1,557,768,421,310,219,-1,-1
44,1,558,805,402,295,207,-1,-1
44,1,559,830,393,281,197,-1,-1
44,1,560,877,370,249,183,-1,-1
44,1,561,897,347,237,174,-1,-1
44,1,562,924,336,237,174,-1,-1
44,1,563,948,324,226,166,-1,-1
44,1,564,969,310,208,150,-1,-1
44,1,565,991,297,198,149,-1,-1
44,1,566,1011,296,189,142,-1,-1
44,1,567,1024,281,184,129,-1,-1
44,1,568,1042,270,174,129,-1,-1
44,1,569,1058,263,168,128,-1,-1
44,1,570,1075,255,161,127,-1,-1
44,1,571,1086,247,153,121,-1,-1
44,1,572,1101,241,146,115,-1,-1
44,1,573,1111,232,146,111,-1,-1
44,1,574,1118,223,146,111,-1,-1
44,1,575,1125,213,146,111,-1,-1
44,1,576,1137,208,140,108,-1,-1
44,1,577,1147,202,136,104,-1,-1
44,1,578,1153,200,136,104,-1,-1
44,1,579,1167,193,126,93,-1,-1
44,1,580,1173,189,126,93,-1,-1
44,1,581,1181,186,119,93,-1,-1
44,1,582,1190,181,119,93,-1,-1
44,1,583,1196,177,114,87,-1,-1
44,1,584,1200,175,114,87,-1,-1
44,1,585,1211,169,109,88,-1,-1
44,1,586,1215,165,109,88,-1,-1
44,1,587,1218,164,109,84,-1,-1
44,1,588,1229,162,101,77,-1,-1
44,1,589,1234,161,101,77,-1,-1
44,1,590,1238,155,101,77,-1,-1
44,1,591,1239,151,101,77,-1,-1
44,1,592,1242,146,101,77,-1,-1
44,1,593,1250,143,95,75,-1,-1
44,1,594,1258,141,89,75,-1,-1
44,1,595,1262,142,88,70,-1,-1
44,1,596,1263,137,88,70,-1,-1
44,1,597,1265,134,88,70,-1,-1
44,1,598,1272,132,85,62,-1,-1
44,1,599,1276,132,85,62,-1,-1
44,1,600,1279,127,85,62,-1,-1
44,1,601,1285,125,81,60,-1,-1
44,1,602,1286,123,81,60,-1,-1
44,1,603,1287,121,81,60,-1,-1
44,1,604,1292,118,81,60,-1,-1
44,1,605,1295,116,81,60,-1,-1
44,1,606,1300,114,77,56,-1,-1
44,1,607,1301,113,77,56,-1,-1
44,1,608,1302,112,77,56,-1,-1
44,1,609,1307,109,77,56,-1,-1
44,1,610,1310,107,73,56,-1,-1
44,1,611,1315,105,71,54,-1,-1
44,1,612,1317,104,71,54,-1,-1
44,1,613,1318,103,71,54,-1,-1
44,1,614,1320,102,71,54,-1,-1
44,1,615,1323,98,71,54,-1,-1
44,1,616,1327,98,67,48,-1,-1
44,1,617,1330,99,67,48,-1,-1
44,1,618,1333,94,63,49,-1,-1
44,1,619,1334,96,63,49,-1,-1
44,1,620,1337,93,63,49,-1,-1
44,1,621,1338,90,63,49,-1,-1
44,1,622,1341,90,63,49,-1,-1
44,1,623,1342,89,63,49,-1,-1
44,1,624,1345,87,63,49,-1,-1
44,1,625,1346,89,62,45,-1,-1
44,1,626,1350,86,60,45,-1,-1
44,1,627,1351,85,60,45,-1,-1
44,1,628,1353,84,60,45,-1,-1
44,1,629,1353,84,60,45,-1,-1
44,1,630,1356,82,60,45,-1,-1
44,1,631,1357,82,60,45,-1,-1
44,1,632,1358,78,60,45,-1,-1
44,1,633,1361,78,56,46,-1,-1
44,1,634,1363,76,55,44,-1,-1
44,1,635,1366,76,57,43,-1,-1
44,1,636,1366,75,57,43,-1,-1
44,1,637,1368,73,54,40,-1,-1
44,1,638,1370,72,57,43,-1,-1
44,1,639,1372,72,53,42,-1,-1
44,1,640,1371,72,54,41,-1,-1
44,1,641,1374,70,54,41,-1,-1
44,1,642,1376,70,54,41,-1,-1
44,1,643,1376,69,54,41,-1,-1
44,1,644,1378,68,54,41,-1,-1
44,1,645,1378,67,53,39,-1,-1
44,1,646,1381,65,51,39,-1,-1
44,1,647,1383,66,49,39,-1,-1
44,1,648,1383,64,51,37,-1,-1
44,1,649,1386,62,48,39,-1,-1
44,1,650,1384,62,52,39,-1,-1
44,1,651,1387,63,52,39,-1,-1
44,1,652,1389,63,49,37,-1,-1
44,1,653,1391,61,49,37,-1,-1
44,2,560,829,686,519,394,-1,-1
44,2,561,910,634,452,397,-1,-1
44,2,562,970,580,405,347,-1,-1
44,2,563,1024,534,360,331,-1,-1
44,2,564,1065,501,332,280,-1,-1
44,2,565,1106,461,296,251,-1,-1
44,2,566,1132,433,281,244,-1,-1
44,2,567,1165,410,253,222,-1,-1
44,2,568,1182,385,234,217,-1,-1
44,2,569,1201,360,222,188,-1,-1
44,2,570,1218,337,207,186,-1,-1
44,2,571,1236,327,195,180,-1,-1
44,2,572,1244,305,187,169,-1,-1
44,2,573,1256,293,187,155,-1,-1
44,2,574,1271,275,171,151,-1,-1
44,2,575,1279,266,168,151,-1,-1
44,2,576,1290,259,156,145,-1,-1
44,2,577,1296,250,156,118,-1,-1
44,2,578,1306,240,147,116,-1,-1
44,2,579,1313,231,147,116,-1,-1
44,2,580,1320,221,142,116,-1,-1
44,2,581,1325,213,135,116,-1,-1
44,2,582,1331,205,131,102,-1,-1
44,2,583,1340,200,120,96,-1,-1
44,2,584,1346,193,120,96,-1,-1
44,2,585,1350,186,114,96,-1,-1
44,2,586,1354,180,114,96,-1,-1
44,2,587,1356,177,114,96,-1,-1
44,2,588,1363,171,109,96,-1,-1
44,2,589,1366,166,109,96,-1,-1
44,2,590,1368,159,109,96,-1,-1
44,2,591,1371,154,105,88,-1,-1
44,2,592,1375,152,101,86,-1,-1
44,2,593,1380,148,101,83,-1,-1
44,2,594,1383,146,97,84,-1,-1
44,2,595,1387,141,94,78,-1,-1
44,2,596,1389,139,94,78,-1,-1
44,2,597,1387,134,94,78,-1,-1
44,2,598,1396,132,87,72,-1,-1
44,2,599,1396,133,87,72,-1,-1
44,2,600,1398,129,87,72,-1,-1
44,2,601,1401,124,83,69,-1,-1
44,2,602,1403,121,83,69,-1,-1
44,2,603,1404,117,83,69,-1,-1
44,2,604,1404,116,83,69,-1,-1
44,2,605,1412,112,77,62,-1,-1
44,2,606,1414,112,75,59,-1,-1
44,2,607,1413,109,75,59,-1,-1
44,2,608,1415,109,75,59,-1,-1
44,2,609,1417,105,75,59,-1,-1
44,2,610,1419,103,75,59,-1,-1
44,2,611,1417,102,75,59,-1,-1
44,2,612,1422,100,69,57,-1,-1
44,2,613,1423,98,69,57,-1,-1
44,2,614,1424,96,69,57,-1,-1
44,2,615,1427,91,66,56,-1,-1
44,2,616,1431,92,66,56,-1,-1
44,2,617,1428,92,66,51,-1,-1
44,2,618,1431,89,63,53,-1,-1
44,2,619,1432,88,63,53,-1,-1
44,2,620,1435,87,63,53,-1,-1
44,2,621,1433,84,63,53,-1,-1
44,2,622,1434,83,63,53,-1,-1
44,2,623,1437,81,61,49,-1,-1
44,2,624,1438,81,61,49,-1,-1
44,2,625,1438,80,61,49,-1,-1
44,2,626,1440,78,61,49,-1,-1
44,2,627,1441,78,59,47,-1,-1
44,2,628,1440,75,59,47,-1,-1
44,2,629,1441,77,59,47,-1,-1
44,2,630,1443,76,59,47,-1,-1
44,2,631,1445,72,59,47,-1,-1
44,2,632,1444,70,59,47,-1,-1
44,2,633,1445,68,56,47,-1,-1
44,2,634,1447,69,56,45,-1,-1
44,2,635,1447,68,56,45,-1,-1
44,2,636,1451,68,51,41,-1,-1
44,2,637,1453,66,51,42,-1,-1
44,2,638,1452,67,53,40,-1,-1
44,2,639,1453,64,51,42,-1,-1
44,2,640,1454,63,50,40,-1,-1
44,2,641,1456,64,49,39,-1,-1
44,2,642,1455,62,51,40,-1,-1
44,2,643,1456,62,49,38,-1,-1
44,2,644,1457,60,48,38,-1,-1
44,2,645,1458,59,48,38,-1,-1
44,2,646,1459,59,47,38,-1,-1
44,2,647,1458,56,50,41,-1,-1
44,2,648,1459,55,49,37,-1,-1
44,2,649,1459,55,48,39,-1,-1
44,2,650,1459,53,51,41,-1,-1
44,2,651,1460,51,51,41,-1,-1
44,2,652,1460,52,48,40,-1,-1
44,2,653,1462,53,49,39,-1,-1
44,3,929,800,122,682,958,-1,-1
44,3,930,841,115,640,930,-1,-1
44,3,931,885,112,595,819,-1,-1
44,3,932,922,108,561,773,-1,-1
44,3,933,966,102,518,712,-1,-1
44,3,934,993,96,490,663,-1,-1
44,3,935,1028,94,456,618,-1,-1
44,3,936,1047,90,439,599,-1,-1
44,3,937,1067,92,418,571,-1,-1
44,3,938,1092,88,396,548,-1,-1
44,3,939,1117,85,370,517,-1,-1
44,3,940,1132,82,355,498,-1,-1
44,3,941,1145,81,340,466,-1,-1
44,3,942,1158,82,329,439,-1,-1
44,3,943,1170,78,321,426,-1,-1
44,3,944,1186,72,303,421,-1,-1
44,3,945,1197,71,293,419,-1,-1
44,3,946,1205,72,287,423,-1,-1
44,3,947,1220,68,269,403,-1,-1
44,3,948,1224,66,267,355,-1,-1
44,3,949,1236,64,257,340,-1,-1
44,3,950,1251,59,244,335,-1,-1
44,3,951,1254,60,241,323,-1,-1
44,3,952,1259,56,234,316,-1,-1
44,3,953,1265,57,228,306,-1,-1
44,3,954,1269,56,227,300,-1,-1
44,3,955,1274,56,222,292,-1,-1
44,3,956,1279,53,216,280,-1,-1
44,3,957,1287,52,208,272,-1,-1
44,3,958,1293,50,201,264,-1,-1
44,3,959,1297,50,198,257,-1,-1
44,3,960,1304,51,192,248,-1,-1
44,3,961,1308,45,189,246,-1,-1
44,3,962,1311,49,187,236,-1,-1
44,3,963,1316,47,180,233,-1,-1
44,3,964,1323,46,176,229,-1,-1
44,3,965,1325,48,172,223,-1,-1
44,3,966,1329,44,169,221,-1,-1
44,3,967,1326,42,171,215,-1,-1
44,3,968,1332,41,165,217,-1,-1
44,3,969,1337,40,165,210,-1,-1
44,3,970,1342,38,158,211,-1,-1
44,3,971,1345,38,154,206,-1,-1
44,3,972,1347,37,153,199,-1,-1
44,3,973,1349,36,149,196,-1,-1
44,3,974,1353,36,149,196,-1,-1
44,3,975,1355,35,147,187,-1,-1
44,3,976,1360,36,141,182,-1,-1
44,3,977,1362,35,141,182,-1,-1
44,3,978,1358,34,141,182,-1,-1
44,3,979,1363,35,141,182,-1,-1
44,3,980,1371,34,130,171,-1,-1
44,3,981,1373,35,130,167,-1,-1
44,3,982,1372,35,129,168,-1,-1
44,3,983,1372,32,129,168,-1,-1
44,3,984,1374,32,126,160,-1,-1
44,3,985,1376,28,127,163,-1,-1
44,3,986,1380,30,122,157,-1,-1
44,3,987,1381,28,122,157,-1,-1
44,3,988,1382,29,122,153,-1,-1
44,3,989,1386,29,117,149,-1,-1
44,3,990,1388,28,113,149,-1,-1
44,3,991,1390,30,113,149,-1,-1
44,3,992,1391,30,113,149,-1,-1
44,3,993,1391,27,113,149,-1,-1
44,3,994,1392,27,113,142,-1,-1
44,3,995,1394,26,113,140,-1,-1
44,3,996,1399,28,106,136,-1,-1
44,3,997,1398,28,106,136,-1,-1
44,3,998,1399,26,106,136,-1,-1
44,3,999,1403,25,106,136,-1,-1
44,3,1000,1401,24,106,130,-1,-1
44,3,1001,1405,22,102,130,-1,-1
44,3,1002,1407,24,102,130,-1,-1
44,3,1003,1408,23,102,130,-1,-1
44,3,1004,1411,25,99,126,-1,-1
44,3,1005,1409,23,101,127,-1,-1
44,3,1006,1410,23,100,126,-1,-1
44,3,1007,1413,21,97,124,-1,-1
44,3,1008,1414,24,96,115,-1,-1
44,3,1009,1414,22,96,117,-1,-1
44,3,1010,1413,21,97,116,-1,-1
44,3,1011,1417,22,93,115,-1,-1
44,3,1012,1417,22,93,112,-1,-1
44,3,1013,1415,23,96,111,-1,-1
44,3,1014,1419,20,90,111,-1,-1
44,3,1015,1417,20,90,110,-1,-1
44,3,1016,1420,19,88,110,-1,-1
44,3,1017,1421,22,88,112,-1,-1
44,3,1018,1424,23,85,106,-1,-1
44,3,1019,1424,18,85,106,-1,-1
44,3,1020,1424,19,85,106,-1,-1
44,3,1021,1423,19,85,106,-1,-1
44,3,1022,1425,20,84,105,-1,-1
44,3,1023,1427,18,84,103,-1,-1
44,3,1024,1430,20,82,101,-1,-1
44,3,1025,1428,19,83,98,-1,-1
44,4,996,255,689,581,391,-1,-1
44,4,997,336,646,542,368,-1,-1
44,4,998,404,615,520,374,-1,-1
44,4,999,462,576,480,333,-1,-1
44,4,1000,529,539,441,273,-1,-1
44,4,1001,580,514,412,268,-1,-1
44,4,1002,630,492,392,255,-1,-1
44,4,1003,679,473,373,243,-1,-1
44,4,1004,726,447,346,232,-1,-1
44,4,1005,761,427,313,220,-1,-1
44,4,1006,795,397,304,216,-1,-1
44,4,1007,820,384,291,204,-1,-1
44,4,1008,860,375,271,198,-1,-1
44,4,1009,882,369,258,189,-1,-1
44,4,1010,902,344,254,180,-1,-1
44,4,1011,929,335,241,176,-1,-1
44,4,1012,955,322,218,169,-1,-1
44,4,1013,970,310,217,154,-1,-1
44,4,1014,987,300,206,149,-1,-1
44,4,1015,1006,294,196,143,-1,-1
44,4,1016,1016,284,196,143,-1,-1
44,4,1017,1033,275,184,137,-1,-1
44,4,1018,1050,266,180,133,-1,-1
44,4,1019,1057,253,180,133,-1,-1
44,4,1020,1069,251,173,124,-1,-1
44,4,1021,1082,239,164,125,-1,-1
44,4,1022,1094,235,160,120,-1,-1
44,4,1023,1107,230,156,115,-1,-1
44,4,1024,1115,229,151,114,-1,-1
44,4,1025,1123,217,149,109,-1,-1
44,4,1026,1133,214,141,110,-1,-1
44,4,1027,1140,207,141,110,-1,-1
44,4,1028,1152,204,135,100,-1,-1
44,4,1029,1159,199,130,99,-1,-1
44,4,1030,1165,193,130,98,-1,-1
44,4,1031,1171,190,128,94,-1,-1
44,4,1032,1178,187,128,94,-1,-1
44,4,1033,1185,188,122,93,-1,-1
44,4,1034,1193,184,119,87,-1,-1
44,4,1035,1198,181,118,83,-1,-1
44,4,1036,1203,178,115,78,-1,-1
44,4,1037,1211,172,109,84,-1,-1
44,4,1038,1216,171,110,80,-1,-1
44,4,1039,1220,165,110,80,-1,-1
44,4,1040,1230,158,101,80,-1,-1
44,4,1041,1233,156,101,80,-1,-1
44,4,1042,1236,153,101,80,-1,-1
44,4,1043,1241,150,101,80,-1,-1
44,4,1044,1245,146,100,75,-1,-1
44,4,1045,1251,145,98,70,-1,-1
44,4,1046,1251,145,98,70,-1,-1
44,4,1047,1256,143,96,73,-1,-1
44,4,1048,1260,137,95,74,-1,-1
44,4,1049,1264,134,93,75,-1,-1
44,4,1050,1271,132,90,79,-1,-1
44,4,1051,1275,128,87,73,-1,-1
44,4,1052,1277,128,85,69,-1,-1
44,4,1053,1279,127,85,69,-1,-1
44,4,1054,1283,125,85,69,-1,-1
44,4,1055,1285,121,85,69,-1,-1
44,4,1056,1290,118,85,69,-1,-1
44,4,1057,1291,117,85,69,-1,-1
44,4,1058,1296,117,80,68,-1,-1
44,4,1059,1300,113,80,68,-1,-1
44,4,1060,1303,112,80,68,-1,-1
44,4,1061,1305,111,78,63,-1,-1
44,4,1062,1307,112,78,63,-1,-1
44,4,1063,1307,110,78,63,-1,-1
44,4,1064,1312,106,78,63,-1,-1
44,4,1065,1314,104,78,63,-1,-1
44,4,1066,1317,102,76,59,-1,-1
44,4,1067,1319,102,76,59,-1,-1
44,4,1068,1319,100,76,59,-1,-1
44,4,1069,1324,98,71,57,-1,-1
44,4,1070,1327,97,71,57,-1,-1
44,4,1071,1329,95,71,57,-1,-1
44,4,1072,1330,95,71,57,-1,-1
44,4,1073,1332,94,67,54,-1,-1
44,4,1074,1333,93,67,54,-1,-1
44,4,1075,1336,92,67,54,-1,-1
44,4,1076,1338,92,67,54,-1,-1
44,4,1077,1338,90,67,54,-1,-1
44,4,1078,1339,88,67,54,-1,-1
44,4,1079,1341,86,67,54,-1,-1
44,4,1080,1344,88,67,49,-1,-1
44,4,1081,1345,85,67,49,-1,-1
44,4,1082,1350,86,64,50,-1,-1
44,4,1083,1352,83,59,50,-1,-1
44,4,1084,1353,82,59,50,-1,-1
44,4,1085,1355,84,60,46,-1,-1
44,4,1086,1355,83,60,46,-1,-1
44,4,1087,1359,82,60,46,-1,-1
44,4,1088,1358,81,60,46,-1,-1
44,4,1089,1358,79,60,46,-1,-1
44,4,1090,1360,80,60,46,-1,-1
44,4,1091,1364,76,57,45,-1,-1
44,4,1092,1367,75,57,45,-1,-1
44,4,1093,1368,77,55,43,-1,-1
44,4,1094,1368,78,55,43,-1,-1
44,4,1095,1369,75,55,43,-1,-1
44,4,1096,1371,72,55,43,-1,-1
44,4,1097,1372,71,55,43,-1,-1
44,4,1098,1374,71,55,43,-1,-1
44,4,1099,1374,71,55,43,-1,-1
44,4,1100,1376,72,55,43,-1,-1
44,4,1101,1376,70,55,43,-1,-1
44,4,1102,1377,69,55,43,-1,-1
44,4,1103,1379,67,55,43,-1,-1
44,4,1104,1379,66,55,43,-1,-1
44,4,1105,1379,67,53,40,-1,-1
44,4,1106,1382,64,55,43,-1,-1
44,4,1107,1383,63,55,43,-1,-1
44,4,1108,1386,62,49,39,-1,-1
44,4,1109,1387,64,49,39,-1,-1
44,4,1110,1387,63,49,39,-1,-1
44,4,1111,1388,63,49,39,-1,-1
44,5,1152,877,634,490,446,-1,-1
44,5,1153,912,595,459,446,-1,-1
44,5,1154,960,552,424,455,-1,-1
44,5,1155,1001,518,394,411,-1,-1
44,5,1156,1036,496,361,365,-1,-1
44,5,1157,1059,463,341,340,-1,-1
44,5,1158,1100,443,307,304,-1,-1
44,5,1159,1117,422,292,290,-1,-1
44,5,1160,1123,393,292,290,-1,-1
44,5,1161,1159,382,260,245,-1,-1
44,5,1162,1169,368,255,240,-1,-1
44,5,1163,1176,346,255,240,-1,-1
44,5,1164,1186,329,243,229,-1,-1
44,5,1165,1219,325,212,190,-1,-1
44,5,1166,1227,310,199,187,-1,-1
44,5,1167,1243,297,191,185,-1,-1
44,5,1168,1247,285,191,185,-1,-1
44,5,1169,1247,277,189,178,-1,-1
44,5,1170,1261,266,179,177,-1,-1
44,5,1171,1270,257,172,177,-1,-1
44,5,1172,1272,278,169,125,-1,-1
44,5,1173,1286,272,146,116,-1,-1
44,5,1174,1291,261,137,116,-1,-1
44,5,1175,1301,253,137,116,-1,-1
44,5,1176,1306,245,137,116,-1,-1
44,5,1177,1313,238,137,116,-1,-1
44,5,1178,1315,229,129,116,-1,-1
44,5,1179,1325,224,126,105,-1,-1
44,5,1180,1328,220,126,105,-1,-1
44,5,1181,1329,212,126,105,-1,-1
44,5,1182,1335,194,127,107,-1,-1
44,5,1183,1341,188,122,103,-1,-1
44,5,1184,1342,187,113,96,-1,-1
44,5,1185,1343,181,113,96,-1,-1
44,5,1186,1346,180,113,96,-1,-1
44,5,1187,1350,177,113,96,-1,-1
44,5,1188,1356,176,112,93,-1,-1
44,5,1189,1362,173,108,92,-1,-1
44,5,1190,1361,166,110,92,-1,-1
44,5,1191,1369,163,104,91,-1,-1
44,5,1192,1367,160,104,90,-1,-1
44,5,1193,1369,159,104,84,-1,-1
44,5,1194,1374,156,101,83,-1,-1
44,5,1195,1374,151,102,84,-1,-1
44,5,1196,1380,151,94,79,-1,-1
44,5,1197,1381,146,95,81,-1,-1
44,5,1198,1387,145,88,77,-1,-1
44,5,1199,1390,141,89,82,-1,-1
44,5,1200,1385,129,98,83,-1,-1
44,5,1201,1386,135,93,79,-1,-1
44,5,1202,1394,125,81,76,-1,-1
44,6,1143,404,689,506,389,-1,-1
44,6,1144,472,646,477,374,-1,-1
44,6,1145,522,610,473,372,-1,-1
44,6,1146,617,570,394,344,-1,-1
44,6,1147,667,543,361,303,-1,-1
44,6,1148,705,511,344,274,-1,-1
44,6,1149,770,483,303,241,-1,-1
44,6,1150,806,455,289,230,-1,-1
44,6,1151,834,438,275,219,-1,-1
44,6,1152,873,420,262,209,-1,-1
44,6,1153,898,404,250,199,-1,-1
44,6,1154,909,388,250,199,-1,-1
44,6,1155,940,364,238,190,-1,-1
44,6,1156,966,357,227,181,-1,-1
44,6,1157,990,335,210,164,-1,-1
44,6,1158,1015,324,196,144,-1,-1
44,6,1159,1023,310,196,144,-1,-1
44,6,1160,1039,307,196,144,-1,-1
44,6,1161,1065,292,172,127,-1,-1
44,6,1162,1079,288,164,121,-1,-1
44,6,1163,1093,283,164,121,-1,-1
44,6,1164,1105,277,156,115,-1,-1
44,6,1165,1119,267,149,110,-1,-1
44,6,1166,1129,257,149,110,-1,-1
44,6,1167,1135,248,149,110,-1,-1
44,6,1168,1144,244,149,110,-1,-1
44,6,1169,1155,230,142,105,-1,-1
44,6,1170,1171,219,128,105,-1,-1
44,6,1171,1172,212,128,105,-1,-1
44,6,1172,1187,212,115,98,-1,-1
44,6,1173,1196,207,108,90,-1,-1
44,6,1174,1198,200,108,85,-1,-1
44,6,1175,1202,195,108,85,-1,-1
44,6,1176,1211,192,108,85,-1,-1
44,6,1177,1224,188,108,85,-1,-1
44,6,1178,1221,183,108,85,-1,-1
44,6,1179,1237,179,97,85,-1,-1
44,6,1180,1240,176,97,85,-1,-1
44,6,1181,1246,172,97,85,-1,-1
44,6,1182,1251,166,92,81,-1,-1
44,6,1183,1257,164,92,81,-1,-1
44,6,1184,1263,162,88,77,-1,-1
44,6,1185,1264,159,88,77,-1,-1
44,6,1186,1265,156,88,77,-1,-1
44,6,1187,1272,154,88,77,-1,-1
44,6,1188,1277,149,88,77,-1,-1
44,6,1189,1281,146,88,77,-1,-1
44,6,1190,1286,147,84,73,-1,-1
44,6,1191,1290,143,84,73,-1,-1
44,6,1192,1292,141,84,69,-1,-1
44,6,1193,1293,139,87,65,-1,-1
44,6,1194,1302,136,82,66,-1,-1
44,6,1195,1305,132,75,64,-1,-1
44,6,1196,1302,131,76,67,-1,-1
44,6,1197,1312,131,75,62,-1,-1
44,6,1198,1316,128,67,61,-1,-1
44,6,1199,1318,125,69,64,-1,-1
44,6,1200,1319,123,72,63,-1,-1
44,6,1201,1319,124,72,63,-1,-1
44,6,1202,1325,123,63,59,-1,-1
44,7,1164,227,606,622,451,-1,-1
44,7,1165,317,568,570,401,-1,-1
44,7,1166,409,541,511,356,-1,-1
44,7,1167,475,516,473,314,-1,-1
44,7,1168,542,485,433,288,-1,-1
44,7,1169,598,463,400,265,-1,-1
44,7,1170,649,434,368,250,-1,-1
44,7,1171,694,407,342,247,-1,-1
44,7,1172,737,387,327,230,-1,-1
44,7,1173,773,376,307,211,-1,-1
44,7,1174,808,355,292,201,-1,-1
44,7,1175,838,346,270,191,-1,-1
44,7,1176,863,328,267,182,-1,-1
44,7,1177,890,313,253,175,-1,-1
44,7,1178,916,307,235,168,-1,-1
44,7,1179,936,297,227,160,-1,-1
44,7,1180,953,281,220,157,-1,-1
44,7,1181,973,270,211,149,-1,-1
44,7,1182,992,264,199,141,-1,-1
44,7,1183,1005,254,199,141,-1,-1
44,7,1184,1026,248,186,132,-1,-1
44,7,1185,1038,239,186,132,-1,-1
44,7,1186,1047,233,181,129,-1,-1
44,7,1187,1064,229,173,123,-1,-1
44,7,1188,1075,220,167,123,-1,-1
44,7,1189,1087,216,165,117,-1,-1
44,7,1190,1096,209,157,112,-1,-1
44,7,1191,1109,202,150,115,-1,-1
44,7,1192,1119,199,145,109,-1,-1
44,7,1193,1128,195,145,106,-1,-1
44,7,1194,1139,192,139,105,-1,-1
44,7,1195,1145,185,139,106,-1,-1
44,7,1196,1152,178,133,99,-1,-1
44,7,1197,1162,174,128,100,-1,-1
44,7,1198,1170,173,124,94,-1,-1
44,7,1199,1176,169,126,92,-1,-1
44,7,1200,1182,167,120,87,-1,-1
44,7,1201,1193,161,113,90,-1,-1
44,7,1202,1196,158,115,85,-1,-1
44,7,1203,1202,153,114,87,-1,-1
44,7,1204,1209,152,110,87,-1,-1
44,7,1205,1215,151,108,83,-1,-1
44,7,1206,1217,147,108,82,-1,-1
44,7,1207,1225,145,105,76,-1,-1
44,7,1208,1229,142,102,77,-1,-1
44,7,1209,1234,139,101,76,-1,-1
44,7,1210,1243,138,93,78,-1,-1
44,7,1211,1244,133,97,77,-1,-1
44,7,1212,1249,133,95,70,-1,-1
44,7,1213,1250,129,96,72,-1,-1
44,7,1214,1258,128,92,72,-1,-1
44,7,1215,1263,125,89,71,-1,-1
44,7,1216,1267,124,87,69,-1,-1
44,7,1217,1269,120,86,71,-1,-1
44,7,1218,1274,120,85,63,-1,-1
44,7,1219,1277,118,83,64,-1,-1
44,7,1220,1281,117,83,63,-1,-1
44,7,1221,1283,113,82,65,-1,-1
44,7,1222,1286,113,80,66,-1,-1
44,7,1223,1289,111,79,62,-1,-1
44,7,1224,1292,109,78,63,-1,-1
44,7,1225,1294,108,79,62,-1,-1
44,7,1226,1299,106,77,63,-1,-1
44,7,1227,1301,104,76,60,-1,-1
44,7,1228,1302,103,76,58,-1,-1
44,7,1229,1304,99,76,60,-1,-1
44,7,1230,1307,99,76,59,-1,-1
44,7,1231,1312,98,73,59,-1,-1
44,7,1232,1315,95,71,59,-1,-1
44,7,1233,1316,95,71,59,-1,-1
44,7,1234,1316,92,72,57,-1,-1
44,7,1235,1321,94,69,54,-1,-1
44,7,1236,1322,91,69,58,-1,-1
44,7,1237,1327,90,64,56,-1,-1
44,7,1238,1326,88,68,56,-1,-1
44,7,1239,1330,89,66,53,-1,-1
44,7,1240,1331,87,65,52,-1,-1
44,7,1241,1333,86,64,51,-1,-1
44,7,1242,1336,84,64,53,-1,-1
44,7,1243,1337,85,63,50,-1,-1
44,7,1244,1338,84,61,48,-1,-1
44,7,1245,1341,84,61,48,-1,-1
44,7,1246,1342,82,60,47,-1,-1
44,7,1247,1344,81,63,49,-1,-1
44,7,1248,1347,77,62,49,-1,-1
44,7,1249,1348,77,60,46,-1,-1
44,7,1250,1349,76,62,51,-1,-1
44,7,1251,1350,76,61,46,-1,-1
44,7,1252,1354,76,60,45,-1,-1
44,7,1253,1355,73,59,46,-1,-1
44,7,1254,1354,73,59,46,-1,-1
44,7,1255,1359,72,57,45,-1,-1
44,7,1256,1361,70,58,47,-1,-1
44,7,1257,1364,70,53,44,-1,-1
44,7,1258,1367,70,53,42,-1,-1
44,7,1259,1368,69,54,42,-1,-1
44,7,1260,1367,67,53,42,-1,-1
44,7,1261,1367,67,55,42,-1,-1
44,7,1262,1370,65,54,43,-1,-1
44,7,1263,1372,65,54,41,-1,-1
44,7,1264,1375,66,50,40,-1,-1
44,7,1265,1375,64,50,40,-1,-1
44,7,1266,1374,64,52,40,-1,-1
44,7,1267,1377,62,52,40,-1,-1
44,7,1268,1377,64,52,38,-1,-1
44,7,1269,1380,62,50,39,-1,-1
44,7,1270,1380,61,51,39,-1,-1
44,7,1271,1381,62,50,35,-1,-1
44,7,1272,1384,60,47,37,-1,-1
44,7,1273,1384,60,51,36,-1,-1
44,7,1274,1386,59,47,35,-1,-1
44,8,1191,272,636,554,423,-1,-1
44,8,1192,346,595,518,388,-1,-1
44,8,1193,436,566,461,351,-1,-1
44,8,1194,505,543,418,308,-1,-1
44,8,1195,567,516,385,274,-1,-1
44,8,1196,620,490,355,246,-1,-1
44,8,1197,664,468,338,234,-1,-1
44,8,1198,707,443,322,223,-1,-1
44,8,1199,743,425,307,206,-1,-1
44,8,1200,782,404,281,197,-1,-1
44,8,1201,815,386,265,189,-1,-1
44,8,1202,836,374,258,172,-1,-1
44,8,1203,870,360,243,158,-1,-1
44,8,1204,898,345,229,159,-1,-1
44,8,1205,922,336,212,150,-1,-1
44,8,1206,941,321,208,148,-1,-1
44,8,1207,962,310,199,140,-1,-1
44,8,1208,979,299,196,133,-1,-1
44,8,1209,994,290,191,131,-1,-1
44,8,1210,1010,280,179,120,-1,-1
44,8,1211,1026,273,175,119,-1,-1
44,8,1212,1045,264,163,116,-1,-1
44,8,1213,1056,255,163,116,-1,-1
44,8,1214,1069,249,157,111,-1,-1
44,8,1215,1081,242,154,108,-1,-1
44,8,1216,1093,237,151,106,-1,-1
44,8,1217,1103,229,151,106,-1,-1
44,8,1218,1114,226,140,96,-1,-1
44,8,1219,1126,218,135,96,-1,-1
44,8,1220,1134,212,132,93,-1,-1
44,8,1221,1144,207,132,93,-1,-1
44,8,1222,1153,203,124,87,-1,-1
44,8,1223,1161,199,120,85,-1,-1
44,8,1224,1166,193,120,85,-1,-1
44,8,1225,1176,191,120,85,-1,-1
44,8,1226,1185,188,120,80,-1,-1
44,8,1227,1186,182,116,76,-1,-1
44,8,1228,1197,176,111,77,-1,-1
44,8,1229,1203,173,106,77,-1,-1
44,8,1230,1209,170,106,73,-1,-1
44,8,1231,1215,167,103,73,-1,-1
44,8,1232,1220,164,101,71,-1,-1
44,8,1233,1224,159,101,71,-1,-1
44,8,1234,1231,156,101,71,-1,-1
44,8,1235,1237,155,98,66,-1,-1
44,8,1236,1241,150,93,65,-1,-1
44,8,1237,1248,149,93,65,-1,-1
44,8,1238,1251,146,93,65,-1,-1
44,8,1239,1257,144,86,62,-1,-1
44,8,1240,1261,143,86,62,-1,-1
44,8,1241,1265,138,86,62,-1,-1
44,8,1242,1270,136,86,62,-1,-1
44,8,1243,1271,134,86,62,-1,-1
44,8,1244,1276,132,81,61,-1,-1
44,8,1245,1281,131,79,57,-1,-1
44,8,1246,1285,127,79,57,-1,-1
44,8,1247,1288,123,79,57,-1,-1
44,8,1248,1289,124,79,57,-1,-1
44,8,1249,1290,123,79,57,-1,-1
44,8,1250,1297,121,75,54,-1,-1
44,8,1251,1300,120,75,54,-1,-1
44,8,1252,1303,119,75,54,-1,-1
44,8,1253,1307,116,72,52,-1,-1
44,8,1254,1310,113,72,52,-1,-1
44,8,1255,1311,111,72,52,-1,-1
44,8,1256,1314,109,72,52,-1,-1
44,8,1257,1317,107,72,52,-1,-1
44,8,1258,1321,107,68,49,-1,-1
44,8,1259,1326,106,65,47,-1,-1
44,8,1260,1328,104,65,47,-1,-1
44,8,1261,1329,103,65,47,-1,-1
44,8,1262,1332,100,65,47,-1,-1
44,8,1263,1334,99,65,47,-1,-1
44,8,1264,1335,99,65,47,-1,-1
44,8,1265,1337,99,65,47,-1,-1
44,8,1266,1340,98,62,45,-1,-1
44,8,1267,1343,98,59,43,-1,-1
44,8,1268,1345,98,59,43,-1,-1
44,8,1269,1346,96,59,43,-1,-1
44,8,1270,1346,95,59,43,-1,-1
44,8,1271,1348,91,59,43,-1,-1
44,8,1272,1348,88,59,43,-1,-1
44,8,1273,1352,87,56,41,-1,-1
44,8,1274,1351,86,59,43,-1,-1
44,8,1275,1354,85,56,41,-1,-1
44,8,1276,1354,82,59,43,-1,-1
44,8,1277,1356,83,56,41,-1,-1
44,8,1278,1358,82,56,41,-1,-1
44,8,1279,1361,83,53,39,-1,-1
44,8,1280,1363,80,53,39,-1,-1
44,8,1281,1363,79,53,39,-1,-1
44,8,1282,1364,80,51,37,-1,-1
44,8,1283,1368,80,51,37,-1,-1
44,8,1284,1370,77,51,37,-1,-1
44,8,1285,1370,76,51,37,-1,-1
44,8,1286,1372,76,51,37,-1,-1
44,8,1287,1373,74,51,37,-1,-1
44,8,1288,1374,72,51,37,-1,-1
44,8,1289,1375,73,52,33,-1,-1
44,8,1290,1377,72,49,34,-1,-1
44,8,1291,1380,70,48,35,-1,-1
44,8,1292,1380,69,48,35,-1,-1
44,8,1293,1382,69,46,33,-1,-1
44,8,1294,1384,68,46,33,-1,-1
44,8,1295,1384,68,48,32,-1,-1
44,8,1296,1384,67,48,35,-1,-1
44,8,1297,1388,66,48,35,-1,-1
44,8,1298,1388,65,48,35,-1,-1
44,8,1299,1388,65,46,32,-1,-1
44,8,1300,1390,64,47,32,-1,-1
44,8,1301,1392,64,46,33,-1,-1
44,8,1302,1393,63,44,32,-1,-1
44,8,1303,1395,61,44,32,-1,-1
44,8,1304,1396,61,44,32,-1,-1
44,8,1305,1397,60,44,32,-1,-1
44,8,1306,1400,60,42,30,-1,-1
44,8,1307,1400,61,42,30,-1,-1
44,9,1243,262,579,630,469,-1,-1
44,9,1244,360,551,554,390,-1,-1
44,9,1245,440,514,499,382,-1,-1
44,9,1246,507,482,467,355,-1,-1
44,9,1247,572,456,421,328,-1,-1
44,9,1248,633,438,389,290,-1,-1
44,9,1249,675,399,377,292,-1,-1
44,9,1250,718,382,344,273,-1,-1
44,9,1251,757,361,322,251,-1,-1
44,9,1252,790,348,305,234,-1,-1
44,9,1253,829,340,285,210,-1,-1
44,9,1254,859,326,271,200,-1,-1
44,9,1255,880,311,261,194,-1,-1
44,9,1256,903,296,251,187,-1,-1
44,9,1257,931,287,237,177,-1,-1
44,9,1258,953,277,225,173,-1,-1
44,9,1259,971,271,215,159,-1,-1
44,9,1260,993,263,200,155,-1,-1
44,9,1261,1004,256,200,155,-1,-1
44,9,1262,1029,246,190,148,-1,-1
44,9,1263,1034,235,190,148,-1,-1
44,9,1264,1039,227,190,148,-1,-1
44,9,1265,1052,222,185,147,-1,-1
44,9,1266,1079,214,167,137,-1,-1
44,9,1267,1092,207,159,130,-1,-1
44,9,1268,1100,200,155,131,-1,-1
44,9,1269,1115,198,146,127,-1,-1
44,9,1270,1125,193,146,127,-1,-1
44,9,1271,1132,189,146,127,-1,-1
44,9,1272,1143,186,135,113,-1,-1
44,9,1273,1149,180,135,113,-1,-1
44,9,1274,1158,172,130,112,-1,-1
44,9,1275,1167,165,126,113,-1,-1
44,9,1276,1174,162,123,107,-1,-1
44,9,1277,1179,162,120,108,-1,-1
44,9,1278,1186,159,120,108,-1,-1
44,9,1279,1193,154,118,103,-1,-1
44,9,1280,1203,151,113,102,-1,-1
44,9,1281,1206,147,112,105,-1,-1
44,9,1282,1211,143,109,103,-1,-1
44,9,1283,1216,141,109,103,-1,-1
44,9,1284,1225,137,102,99,-1,-1
44,9,1285,1234,138,96,93,-1,-1
44,9,1286,1235,135,98,90,-1,-1
44,9,1287,1240,133,95,86,-1,-1
44,9,1288,1243,130,96,85,-1,-1
44,9,1289,1249,128,93,87,-1,-1
44,9,1290,1253,124,93,92,-1,-1
44,9,1291,1255,119,93,93,-1,-1
44,9,1292,1258,116,92,93,-1,-1
44,9,1293,1260,115,92,89,-1,-1
44,9,1294,1267,114,88,86,-1,-1
44,9,1295,1273,112,85,86,-1,-1
44,9,1296,1276,110,83,81,-1,-1
44,9,1297,1278,108,84,79,-1,-1
44,9,1298,1280,106,84,77,-1,-1
44,9,1299,1287,106,79,75,-1,-1
44,9,1300,1292,102,78,74,-1,-1
44,9,1301,1292,100,78,74,-1,-1
44,9,1302,1297,98,75,76,-1,-1
44,9,1303,1298,96,75,76,-1,-1
44,9,1304,1302,95,75,76,-1,-1
44,9,1305,1304,94,75,73,-1,-1
44,9,1306,1305,95,75,70,-1,-1
44,9,1307,1307,92,75,70,-1,-1
44,9,1308,1313,89,69,69,-1,-1
44,9,1309,1315,90,67,66,-1,-1
44,9,1310,1319,88,67,66,-1,-1
44,9,1311,1318,88,67,66,-1,-1
44,9,1312,1319,86,67,66,-1,-1
44,9,1313,1320,86,67,66,-1,-1
44,9,1314,1321,85,67,66,-1,-1
44,9,1315,1326,81,67,66,-1,-1
44,9,1316,1327,81,67,66,-1,-1
44,9,1317,1333,80,63,63,-1,-1
44,9,1318,1335,80,63,63,-1,-1
44,9,1319,1338,78,61,60,-1,-1
44,9,1320,1338,76,60,59,-1,-1
44,9,1321,1345,77,57,56,-1,-1
44,9,1322,1345,76,57,56,-1,-1
44,9,1323,1347,74,57,56,-1,-1
44,9,1324,1348,72,57,56,-1,-1
44,9,1325,1350,72,57,56,-1,-1
44,9,1326,1353,73,57,56,-1,-1
44,9,1327,1354,71,57,56,-1,-1
44,9,1328,1355,69,57,56,-1,-1
44,9,1329,1354,68,57,56,-1,-1
44,9,1330,1356,66,57,56,-1,-1
44,9,1331,1357,66,57,56,-1,-1
44,9,1332,1359,65,56,53,-1,-1
44,9,1333,1365,64,53,54,-1,-1
44,9,1334,1367,63,51,51,-1,-1
44,9,1335,1367,64,51,51,-1,-1
44,9,1336,1368,63,51,51,-1,-1
44,9,1337,1370,61,51,51,-1,-1
44,9,1338,1371,60,51,51,-1,-1
44,9,1339,1372,60,51,51,-1,-1
44,9,1340,1372,58,51,51,-1,-1
44,9,1341,1374,58,51,51,-1,-1
44,9,1342,1376,59,51,47,-1,-1
44,9,1343,1377,58,51,47,-1,-1
44,9,1344,1378,57,51,47,-1,-1
44,9,1345,1379,56,51,47,-1,-1
44,9,1346,1380,55,51,47,-1,-1
44,9,1347,1382,54,51,47,-1,-1
44,9,1348,1383,54,51,47,-1,-1
44,9,1349,1384,55,51,43,-1,-1
44,9,1350,1384,55,51,43,-1,-1
44,9,1351,1388,51,48,46,-1,-1
44,9,1352,1390,51,48,46,-1,-1
44,9,1353,1391,51,47,44,-1,-1
44,9,1354,1393,49,47,44,-1,-1
44,9,1355,1395,49,47,44,-1,-1
44,9,1356,1396,48,44,43,-1,-1
44,9,1357,1397,48,44,43,-1,-1
44,9,1358,1399,47,44,43,-1,-1
44,9,1359,1400,46,44,43,-1,-1
44,9,1360,1400,46,44,43,-1,-1
44,9,1361,1402,46,44,43,-1,-1
44,9,1362,1403,47,44,43,-1,-1
44,9,1363,1404,47,44,40,-1,-1
44,9,1364,1407,45,41,41,-1,-1
44,9,1365,1408,44,41,41,-1,-1
44,9,1366,1409,44,41,39,-1,-1
44,9,1367,1409,44,41,39,-1,-1
44,9,1368,1411,42,41,39,-1,-1
44,9,1369,1413,43,41,39,-1,-1
44,9,1370,1413,43,41,39,-1,-1
44,9,1371,1414,42,41,39,-1,-1
44,9,1372,1416,41,41,39,-1,-1
44,9,1373,1417,40,41,39,-1,-1
44,9,1374,1419,40,41,39,-1,-1
44,9,1375,1419,41,41,39,-1,-1
44,9,1376,1418,42,42,36,-1,-1
44,9,1377,1419,40,42,36,-1,-1
44,9,1378,1422,39,38,37,-1,-1
44,9,1379,1423,37,38,37,-1,-1
44,9,1380,1424,36,38,37,-1,-1
44,9,1381,1424,38,38,37,-1,-1
44,9,1382,1424,36,38,37,-1,-1
44,9,1383,1424,36,38,37,-1,-1
44,9,1384,1426,35,38,37,-1,-1
44,10,1619,405,639,536,409,-1,-1
44,10,1620,507,589,478,348,-1,-1
44,10,1621,594,561,427,303,-1,-1
44,10,1622,659,529,387,256,-1,-1
44,10,1623,718,499,357,222,-1,-1
44,10,1624,764,468,326,210,-1,-1
44,10,1625,811,442,300,191,-1,-1
44,10,1626,852,413,286,182,-1,-1
44,10,1627,894,391,260,173,-1,-1
44,10,1628,925,370,245,158,-1,-1
44,10,1629,955,358,231,139,-1,-1
44,10,1630,981,338,222,139,-1,-1
44,10,1631,1003,327,209,132,-1,-1
44,10,1632,1024,312,196,125,-1,-1
44,10,1633,1046,301,182,117,-1,-1
44,10,1634,1064,288,171,111,-1,-1
44,10,1635,1083,277,166,106,-1,-1
44,10,1636,1099,266,158,101,-1,-1
44,10,1637,1109,259,158,101,-1,-1
44,10,1638,1126,252,150,96,-1,-1
44,10,1639,1137,243,143,91,-1,-1
44,10,1640,1152,231,134,89,-1,-1
44,10,1641,1162,223,129,89,-1,-1
44,10,1642,1170,216,129,90,-1,-1
44,10,1643,1177,212,129,90,-1,-1
44,10,1644,1191,205,119,89,-1,-1
44,10,1645,1199,196,118,89,-1,-1
44,10,1646,1207,193,113,91,-1,-1
44,10,1647,1214,187,110,87,-1,-1
44,10,1648,1223,182,107,87,-1,-1
44,10,1649,1231,180,103,82,-1,-1
44,10,1650,1236,169,101,77,-1,-1
44,10,1651,1243,165,101,77,-1,-1
44,10,1652,1247,162,101,77,-1,-1
44,10,1653,1254,158,96,72,-1,-1
44,10,1654,1257,155,96,72,-1,-1
44,10,1655,1267,152,89,66,-1,-1
44,10,1656,1272,149,89,66,-1,-1
44,10,1657,1278,145,89,66,-1,-1
44,10,1658,1279,144,89,66,-1,-1
44,10,1659,1282,142,89,66,-1,-1
44,10,1660,1290,139,83,60,-1,-1
44,10,1661,1295,136,79,57,-1,-1
44,10,1662,1299,133,79,57,-1,-1
44,10,1663,1300,130,79,57,-1,-1
44,10,1664,1304,127,79,57,-1,-1
44,10,1665,1307,125,79,57,-1,-1
44,10,1666,1312,120,76,55,-1,-1
44,10,1667,1316,119,73,53,-1,-1
44,10,1668,1318,116,73,53,-1,-1
44,10,1669,1321,115,73,53,-1,-1
44,10,1670,1324,112,71,52,-1,-1
44,10,1671,1330,110,67,53,-1,-1
44,10,1672,1333,109,67,53,-1,-1
44,10,1673,1334,104,67,53,-1,-1
44,10,1674,1337,104,67,53,-1,-1
44,10,1675,1340,100,67,53,-1,-1
44,10,1676,1342,100,67,53,-1,-1
44,10,1677,1344,99,67,53,-1,-1
44,10,1678,1347,98,65,49,-1,-1
44,10,1679,1350,96,61,49,-1,-1
44,10,1680,1351,94,61,49,-1,-1
44,10,1681,1354,93,61,49,-1,-1
44,10,1682,1355,92,61,49,-1,-1
44,10,1683,1357,89,61,49,-1,-1
44,10,1684,1360,89,61,49,-1,-1
44,10,1685,1363,85,58,46,-1,-1
44,10,1686,1365,86,58,46,-1,-1
44,10,1687,1367,85,58,46,-1,-1
44,10,1688,1370,84,55,45,-1,-1
44,10,1689,1372,82,55,45,-1,-1
44,10,1690,1373,80,55,45,-1,-1
44,10,1691,1375,79,55,45,-1,-1
44,10,1692,1377,77,55,45,-1,-1
44,10,1693,1377,76,55,45,-1,-1
44,10,1694,1379,74,55,45,-1,-1
44,10,1695,1382,73,51,41,-1,-1
44,10,1696,1383,72,51,41,-1,-1
44,10,1697,1385,71,51,41,-1,-1
44,10,1698,1387,72,51,41,-1,-1
44,10,1699,1388,71,51,41,-1,-1
44,10,1700,1391,71,49,38,-1,-1
44,10,1701,1392,69,49,38,-1,-1
44,10,1702,1392,68,49,38,-1,-1
44,10,1703,1394,66,49,38,-1,-1
44,10,1704,1395,67,49,38,-1,-1
44,10,1705,1396,64,49,38,-1,-1
44,10,1706,1395,62,49,38,-1,-1
44,10,1707,1397,67,49,38,-1,-1
44,10,1708,1398,62,49,38,-1,-1
44,10,1709,1400,61,46,38,-1,-1
44,10,1710,1402,61,46,38,-1,-1
44,10,1711,1402,60,46,38,-1,-1
44,10,1712,1405,60,43,38,-1,-1
44,10,1713,1406,58,43,38,-1,-1
44,10,1714,1407,58,43,38,-1,-1
44,10,1715,1409,57,41,36,-1,-1
44,10,1716,1410,57,41,36,-1,-1
44,10,1717,1411,56,41,36,-1,-1
44,10,1718,1412,56,41,36,-1,-1
44,10,1719,1415,54,41,36,-1,-1
44,10,1720,1415,53,40,37,-1,-1
44,10,1721,1415,52,40,37,-1,-1
44,10,1722,1416,51,40,37,-1,-1
44,10,1723,1416,49,40,37,-1,-1
44,10,1724,1417,49,41,34,-1,-1
44,10,1725,1418,48,41,34,-1,-1
44,10,1726,1418,48,41,34,-1,-1
44,10,1727,1419,49,41,34,-1,-1
44,10,1728,1420,48,41,34,-1,-1
44,10,1729,1421,48,41,34,-1,-1
44,10,1730,1420,47,41,34,-1,-1
44,10,1731,1422,46,41,34,-1,-1
44,10,1732,1424,46,39,34,-1,-1
44,10,1733,1425,45,39,34,-1,-1
44,10,1734,1427,45,38,32,-1,-1
44,10,1735,1427,45,38,32,-1,-1
44,10,1736,1428,44,37,33,-1,-1
44,11,1838,193,735,594,345,-1,-1
44,11,1839,325,678,522,346,-1,-1
44,11,1840,429,617,478,328,-1,-1
44,11,1841,519,569,417,282,-1,-1
44,11,1842,595,539,381,251,-1,-1
44,11,1843,655,505,361,225,-1,-1
44,11,1844,714,470,330,219,-1,-1
44,11,1845,765,447,298,189,-1,-1
44,11,1846,813,425,272,186,-1,-1
44,11,1847,850,401,259,177,-1,-1
44,11,1848,885,379,242,159,-1,-1
44,11,1849,919,362,226,136,-1,-1
44,11,1850,949,345,201,131,-1,-1
44,11,1851,966,334,202,130,-1,-1
44,11,1852,992,322,192,124,-1,-1
44,11,1853,1008,308,192,124,-1,-1
44,11,1854,1034,291,174,121,-1,-1
44,11,1855,1053,279,167,115,-1,-1
44,11,1856,1069,267,155,111,-1,-1
44,11,1857,1082,262,154,111,-1,-1
44,11,1858,1097,253,147,108,-1,-1
44,11,1859,1112,243,142,103,-1,-1
44,11,1860,1126,235,137,92,-1,-1
44,11,1861,1132,230,137,92,-1,-1
44,11,1862,1151,221,122,93,-1,-1
44,11,1863,1157,214,125,90,-1,-1
44,11,1864,1168,208,119,86,-1,-1
44,11,1865,1180,204,110,85,-1,-1
44,11,1866,1187,198,110,85,-1,-1
44,11,1867,1195,193,110,85,-1,-1
44,11,1868,1202,188,106,82,-1,-1
44,11,1869,1212,182,102,80,-1,-1
44,11,1870,1219,177,100,74,-1,-1
44,11,1871,1224,171,100,74,-1,-1
44,11,1872,1227,166,100,74,-1,-1
44,11,1873,1239,163,92,72,-1,-1
44,11,1874,1243,159,92,72,-1,-1
44,11,1875,1253,155,87,71,-1,-1
44,11,1876,1255,151,85,66,-1,-1
44,11,1877,1262,150,85,66,-1,-1
44,11,1878,1266,146,85,66,-1,-1
44,11,1879,1270,142,85,66,-1,-1
44,11,1880,1272,138,85,66,-1,-1
44,11,1881,1278,134,81,62,-1,-1
44,11,1882,1285,132,77,60,-1,-1
44,11,1883,1290,129,74,59,-1,-1
44,11,1884,1294,128,74,59,-1,-1
44,11,1885,1297,126,74,59,-1,-1
44,11,1886,1300,122,74,59,-1,-1
44,11,1887,1305,121,71,56,-1,-1
44,11,1888,1307,119,71,56,-1,-1
44,11,1889,1311,116,71,56,-1,-1
44,11,1890,1312,115,71,56,-1,-1
44,11,1891,1317,113,68,51,-1,-1
44,11,1892,1319,111,68,51,-1,-1
44,11,1893,1325,110,62,47,-1,-1
44,11,1894,1328,109,62,47,-1,-1
44,11,1895,1331,107,62,47,-1,-1
44,11,1896,1334,103,62,47,-1,-1
44,11,1897,1334,102,62,47,-1,-1
44,11,1898,1337,100,62,47,-1,-1
44,11,1899,1340,98,62,47,-1,-1
44,11,1900,1344,96,57,46,-1,-1
44,11,1901,1348,94,56,46,-1,-1
44,11,1902,1348,93,56,46,-1,-1
44,11,1903,1350,91,56,46,-1,-1
44,11,1904,1352,89,56,46,-1,-1
44,11,1905,1356,88,53,44,-1,-1
44,11,1906,1357,87,53,43,-1,-1
44,11,1907,1359,87,49,41,-1,-1
44,11,1908,1363,87,49,41,-1,-1
44,11,1909,1365,84,49,41,-1,-1
44,11,1910,1366,83,49,41,-1,-1
44,11,1911,1369,82,49,41,-1,-1
44,11,1912,1371,81,49,41,-1,-1
44,11,1913,1371,79,49,41,-1,-1
44,11,1914,1373,79,49,41,-1,-1
44,11,1915,1375,76,48,39,-1,-1
44,11,1916,1377,74,48,39,-1,-1
44,11,1917,1378,76,48,39,-1,-1
44,11,1918,1379,73,48,37,-1,-1
44,11,1919,1380,73,48,37,-1,-1
44,11,1920,1383,72,45,37,-1,-1
44,11,1921,1385,71,45,37,-1,-1
44,11,1922,1386,70,45,37,-1,-1
44,12,2274,316,675,576,405,-1,-1
44,12,2275,398,614,533,422,-1,-1
44,12,2276,497,583,467,385,-1,-1
44,12,2277,561,550,433,377,-1,-1
44,12,2278,609,521,407,349,-1,-1
44,12,2279,659,492,378,290,-1,-1
44,12,2280,711,462,351,263,-1,-1
44,12,2281,752,438,329,258,-1,-1
44,12,2282,784,421,311,245,-1,-1
44,12,2283,828,401,282,223,-1,-1
44,12,2284,863,383,266,217,-1,-1
44,12,2285,884,363,259,211,-1,-1
44,12,2286,912,348,247,191,-1,-1
44,12,2287,934,335,236,187,-1,-1
44,12,2288,954,320,227,194,-1,-1
44,12,2289,976,309,212,171,-1,-1
44,12,2290,992,295,209,167,-1,-1
44,12,2291,1010,287,197,159,-1,-1
44,12,2292,1027,280,192,150,-1,-1
44,12,2293,1042,270,182,148,-1,-1
44,12,2294,1056,260,174,147,-1,-1
44,12,2295,1071,251,169,147,-1,-1
44,12,2296,1083,244,164,141,-1,-1
44,12,2297,1095,239,157,131,-1,-1
44,12,2298,1106,233,158,124,-1,-1
44,12,2299,1116,229,152,112,-1,-1
44,12,2300,1125,220,150,117,-1,-1
44,12,2301,1138,212,140,119,-1,-1
44,12,2302,1147,206,135,125,-1,-1
44,12,2303,1158,201,131,116,-1,-1
44,12,2304,1165,199,128,110,-1,-1
44,12,2305,1172,194,124,104,-1,-1
44,12,2306,1176,186,124,104,-1,-1
44,12,2307,1182,183,123,105,-1,-1
44,12,2308,1192,178,117,106,-1,-1
44,12,2309,1197,176,117,106,-1,-1
44,12,2310,1204,169,114,108,-1,-1
44,12,2311,1209,166,110,109,-1,-1
44,12,2312,1216,160,107,107,-1,-1
44,12,2313,1220,158,107,107,-1,-1
44,12,2314,1227,151,107,107,-1,-1
44,12,2315,1230,152,103,95,-1,-1
44,12,2316,1237,152,98,88,-1,-1
44,12,2317,1243,154,97,82,-1,-1
44,12,2318,1247,153,97,82,-1,-1
44,12,2319,1249,147,97,82,-1,-1
44,12,2320,1255,143,97,82,-1,-1
44,12,2321,1259,141,93,83,-1,-1
44,12,2322,1261,139,93,83,-1,-1
44,12,2323,1267,135,89,80,-1,-1
44,12,2324,1271,133,86,80,-1,-1
44,12,2325,1275,132,85,77,-1,-1
44,12,2326,1278,129,85,71,-1,-1
44,12,2327,1282,126,83,70,-1,-1
44,12,2328,1284,125,81,70,-1,-1
44,12,2329,1287,124,81,70,-1,-1
44,12,2330,1291,120,80,68,-1,-1
44,12,2331,1293,118,80,68,-1,-1
44,12,2332,1295,117,80,68,-1,-1
44,12,2333,1301,114,74,64,-1,-1
44,12,2334,1302,113,78,66,-1,-1
44,12,2335,1306,112,74,62,-1,-1
44,12,2336,1309,110,74,62,-1,-1
44,12,2337,1311,108,74,62,-1,-1
44,12,2338,1312,108,74,62,-1,-1
44,12,2339,1314,105,74,62,-1,-1
44,12,2340,1316,102,74,62,-1,-1
44,12,2341,1320,101,70,58,-1,-1
44,12,2342,1322,100,69,59,-1,-1
44,12,2343,1323,100,69,57,-1,-1
44,12,2344,1326,96,68,57,-1,-1
44,12,2345,1333,96,63,55,-1,-1
44,12,2346,1332,94,65,55,-1,-1
44,12,2347,1332,93,65,56,-1,-1
44,12,2348,1335,92,63,55,-1,-1
44,12,2349,1336,90,63,54,-1,-1
44,12,2350,1338,90,64,53,-1,-1
44,12,2351,1342,94,60,49,-1,-1
44,12,2352,1343,91,61,49,-1,-1
44,12,2353,1344,89,60,50,-1,-1
44,12,2354,1345,88,62,48,-1,-1
44,12,2355,1348,88,60,48,-1,-1
44,12,2356,1350,86,58,48,-1,-1
44,12,2357,1353,86,57,47,-1,-1
44,12,2358,1352,85,59,45,-1,-1
44,12,2359,1355,81,58,49,-1,-1
44,12,2360,1354,78,60,50,-1,-1
44,12,2361,1359,77,57,52,-1,-1
44,12,2362,1360,76,57,49,-1,-1
44,12,2363,1362,76,58,51,-1,-1
44,12,2364,1364,77,55,48,-1,-1
44,12,2365,1366,75,55,48,-1,-1
44,12,2366,1367,74,55,48,-1,-1
44,12,2367,1370,73,53,46,-1,-1
44,12,2368,1372,72,50,44,-1,-1
44,12,2369,1372,72,50,44,-1,-1
44,12,2370,1374,70,50,44,-1,-1
44,12,2371,1376,72,48,42,-1,-1
44,12,2372,1377,71,48,42,-1,-1
44,12,2373,1378,70,48,42,-1,-1
44,12,2374,1379,69,48,42,-1,-1
44,12,2375,1379,68,48,42,-1,-1
44,12,2376,1381,66,48,42,-1,-1
44,12,2377,1383,66,48,42,-1,-1
44,12,2378,1384,65,48,42,-1,-1
44,12,2379,1386,63,48,42,-1,-1
44,12,2380,1386,63,48,42,-1,-1
44,12,2381,1387,62,48,42,-1,-1
44,12,2382,1388,61,48,42,-1,-1
44,12,2383,1388,60,48,42,-1,-1
44,13,2380,277,708,527,370,-1,-1
44,13,2381,356,644,500,389,-1,-1
44,13,2382,447,600,456,335,-1,-1
44,13,2383,524,564,413,290,-1,-1
44,13,2384,574,537,394,262,-1,-1
44,13,2385,642,505,346,240,-1,-1
44,13,2386,688,477,320,217,-1,-1
44,13,2387,749,459,286,201,-1,-1
44,13,2388,785,427,267,197,-1,-1
44,13,2389,814,405,259,187,-1,-1
44,13,2390,845,389,247,178,-1,-1
44,13,2391,865,365,249,165,-1,-1
44,13,2392,900,354,232,155,-1,-1
44,13,2393,930,341,218,153,-1,-1
44,13,2394,956,334,206,135,-1,-1
44,13,2395,981,318,193,143,-1,-1
44,13,2396,996,304,186,127,-1,-1
44,13,2397,1011,294,184,125,-1,-1
44,13,2398,1038,281,167,118,-1,-1
44,13,2399,1053,275,159,112,-1,-1
44,13,2400,1064,262,159,112,-1,-1
44,13,2401,1081,255,149,115,-1,-1
44,13,2402,1096,248,142,110,-1,-1
44,13,2403,1105,239,139,106,-1,-1
44,13,2404,1119,236,135,96,-1,-1
44,13,2405,1132,228,128,98,-1,-1
44,13,2406,1142,218,126,99,-1,-1
44,13,2407,1151,213,120,98,-1,-1
44,13,2408,1164,210,114,89,-1,-1
44,13,2409,1169,203,114,89,-1,-1
44,13,2410,1177,200,114,89,-1,-1
44,13,2411,1187,191,110,89,-1,-1
44,13,2412,1196,188,103,89,-1,-1
44,13,2413,1201,184,103,89,-1,-1
44,13,2414,1208,173,103,89,-1,-1
44,13,2415,1216,166,101,85,-1,-1
44,13,2416,1221,165,99,80,-1,-1
44,13,2417,1226,166,96,71,-1,-1
44,13,2418,1231,164,96,71,-1,-1
44,13,2419,1239,160,96,71,-1,-1
44,13,2420,1246,158,89,68,-1,-1
44,13,2421,1251,154,89,68,-1,-1
44,13,2422,1254,152,89,68,-1,-1
44,13,2423,1259,149,89,68,-1,-1
44,13,2424,1264,145,85,69,-1,-1
44,13,2425,1270,140,82,69,-1,-1
44,13,2426,1274,138,82,64,-1,-1
44,13,2427,1277,134,82,64,-1,-1
44,13,2428,1282,133,78,61,-1,-1
44,13,2429,1286,132,78,61,-1,-1
44,13,2430,1291,128,77,57,-1,-1
44,13,2431,1295,125,75,58,-1,-1
44,13,2432,1297,124,75,58,-1,-1
44,13,2433,1301,121,73,57,-1,-1
44,13,2434,1305,122,73,53,-1,-1
44,13,2435,1310,118,67,54,-1,-1
44,13,2436,1315,115,67,54,-1,-1
44,13,2437,1318,115,67,54,-1,-1
44,13,2438,1319,112,67,54,-1,-1
44,13,2439,1321,110,67,54,-1,-1
44,13,2440,1324,108,66,51,-1,-1
44,13,2441,1327,111,66,51,-1,-1
44,13,2442,1329,106,66,51,-1,-1
44,13,2443,1332,103,66,51,-1,-1
44,13,2444,1334,101,63,50,-1,-1
44,13,2445,1337,100,63,50,-1,-1
44,13,2446,1340,99,61,47,-1,-1
44,13,2447,1344,97,58,47,-1,-1
44,13,2448,1346,95,58,47,-1,-1
44,13,2449,1347,94,58,47,-1,-1
44,13,2450,1348,95,58,44,-1,-1
44,13,2451,1349,93,58,44,-1,-1
44,13,2452,1355,91,57,42,-1,-1
44,13,2453,1354,90,57,42,-1,-1
44,13,2454,1356,90,57,42,-1,-1
44,13,2455,1359,88,55,44,-1,-1
44,13,2456,1361,85,55,44,-1,-1
44,13,2457,1365,83,52,44,-1,-1
44,13,2458,1367,83,52,44,-1,-1
44,13,2459,1368,80,52,44,-1,-1
44,13,2460,1369,82,52,39,-1,-1
44,13,2461,1371,79,50,43,-1,-1
44,13,2462,1373,82,51,39,-1,-1
44,13,2463,1375,78,49,39,-1,-1
44,13,2464,1376,77,49,39,-1,-1
44,13,2465,1377,76,49,39,-1,-1
44,13,2466,1379,76,49,39,-1,-1
44,13,2467,1380,73,49,39,-1,-1
44,13,2468,1383,73,49,39,-1,-1
44,13,2469,1385,72,49,39,-1,-1
44,13,2470,1386,71,47,38,-1,-1
44,13,2471,1387,70,47,38,-1,-1
44,13,2472,1389,69,45,36,-1,-1
44,13,2473,1391,68,45,36,-1,-1
44,13,2474,1394,66,45,36,-1,-1
44,14,2499,164,711,628,369,-1,-1
44,14,2500,285,663,551,408,-1,-1
44,14,2501,399,611,489,374,-1,-1
44,14,2502,482,576,446,320,-1,-1
44,14,2503,557,543,398,278,-1,-1
44,14,2504,607,509,376,256,-1,-1
44,14,2505,665,478,342,237,-1,-1
44,14,2506,721,457,320,206,-1,-1
44,14,2507,768,427,292,200,-1,-1
44,14,2508,803,404,273,188,-1,-1
44,14,2509,843,391,255,171,-1,-1
44,14,2510,881,374,239,154,-1,-1
44,14,2511,907,354,232,148,-1,-1
44,14,2512,933,334,219,150,-1,-1
44,14,2513,955,319,210,143,-1,-1
44,14,2514,985,315,193,120,-1,-1
44,14,2515,1000,301,189,122,-1,-1
44,14,2516,1018,290,182,117,-1,-1
44,14,2517,1035,278,176,115,-1,-1
44,14,2518,1048,266,171,113,-1,-1
44,14,2519,1063,260,166,106,-1,-1
44,14,2520,1078,253,158,102,-1,-1
44,14,2521,1095,242,151,102,-1,-1
44,14,2522,1111,232,144,97,-1,-1
44,14,2523,1119,226,141,102,-1,-1
44,14,2524,1135,221,132,102,-1,-1
44,14,2525,1141,216,136,101,-1,-1
44,14,2526,1157,211,125,104,-1,-1
44,14,2527,1166,205,123,96,-1,-1
44,14,2528,1175,200,119,92,-1,-1
44,14,2529,1181,194,116,93,-1,-1
44,14,2530,1186,190,115,91,-1,-1
44,14,2531,1198,185,109,93,-1,-1
44,14,2532,1205,178,109,89,-1,-1
44,14,2533,1210,175,109,84,-1,-1
44,14,2534,1216,171,106,84,-1,-1
44,14,2535,1224,167,102,79,-1,-1
44,14,2536,1233,163,98,80,-1,-1
44,14,2537,1236,160,98,76,-1,-1
44,14,2538,1244,157,94,74,-1,-1
44,14,2539,1250,154,91,73,-1,-1
44,14,2540,1256,149,85,70,-1,-1
44,14,2541,1260,147,87,68,-1,-1
44,14,2542,1268,145,83,66,-1,-1
44,14,2543,1271,143,84,61,-1,-1
44,14,2544,1276,138,82,61,-1,-1
44,14,2545,1279,137,82,61,-1,-1
44,14,2546,1283,133,82,62,-1,-1
44,14,2547,1289,129,78,59,-1,-1
44,14,2548,1295,130,78,59,-1,-1
44,14,2549,1298,125,74,60,-1,-1
44,14,2550,1300,122,74,60,-1,-1
44,14,2551,1304,121,74,60,-1,-1
44,14,2552,1308,118,72,59,-1,-1
44,14,2553,1311,117,71,57,-1,-1
44,14,2554,1313,116,71,57,-1,-1
44,14,2555,1315,115,69,57,-1,-1
44,14,2556,1320,111,70,58,-1,-1
44,14,2557,1321,110,70,58,-1,-1
44,14,2558,1327,107,66,53,-1,-1
44,14,2559,1330,105,63,53,-1,-1
44,14,2560,1331,105,63,53,-1,-1
44,14,2561,1332,101,63,53,-1,-1
44,14,2562,1337,102,61,50,-1,-1
44,14,2563,1340,100,62,46,-1,-1
44,14,2564,1343,97,60,47,-1,-1
44,14,2565,1343,96,59,45,-1,-1
44,14,2566,1344,95,62,47,-1,-1
44,14,2567,1346,95,62,47,-1,-1
44,14,2568,1350,93,57,45,-1,-1
44,14,2569,1353,94,57,45,-1,-1
44,14,2570,1353,92,57,45,-1,-1
44,14,2571,1354,88,57,45,-1,-1
44,14,2572,1358,88,57,45,-1,-1
44,14,2573,1360,86,54,46,-1,-1
44,14,2574,1362,85,54,44,-1,-1
44,14,2575,1365,84,53,44,-1,-1
44,14,2576,1365,83,53,44,-1,-1
44,14,2577,1367,82,51,42,-1,-1
44,14,2578,1368,80,52,44,-1,-1
44,14,2579,1371,78,52,42,-1,-1
44,14,2580,1370,79,52,43,-1,-1
44,14,2581,1371,76,53,44,-1,-1
44,14,2582,1374,76,49,40,-1,-1
44,14,2583,1375,76,50,41,-1,-1
44,14,2584,1378,76,51,40,-1,-1
44,14,2585,1378,74,54,43,-1,-1
44,14,2586,1380,73,49,41,-1,-1
44,14,2587,1378,70,52,41,-1,-1
44,14,2588,1381,72,49,39,-1,-1
44,14,2589,1383,71,49,39,-1,-1
44,15,2493,935,613,406,440,-1,-1
44,15,2494,993,567,362,379,-1,-1
44,15,2495,1037,522,326,333,-1,-1
44,15,2496,1076,479,294,303,-1,-1
44,15,2497,1107,452,275,269,-1,-1
44,15,2498,1130,434,258,239,-1,-1
44,15,2499,1153,407,240,222,-1,-1
44,15,2500,1176,393,224,197,-1,-1
44,15,2501,1196,375,209,173,-1,-1
44,15,2502,1210,355,199,163,-1,-1
44,15,2503,1223,337,190,152,-1,-1
44,15,2504,1235,318,184,153,-1,-1
44,15,2505,1245,312,176,133,-1,-1
44,15,2506,1257,299,168,127,-1,-1
44,15,2507,1265,285,168,127,-1,-1
44,15,2508,1281,274,149,119,-1,-1
44,15,2509,1289,265,142,113,-1,-1
44,15,2510,1295,254,138,111,-1,-1
44,15,2511,1302,240,136,112,-1,-1
44,15,2512,1311,229,126,110,-1,-1
44,15,2513,1318,226,124,98,-1,-1
44,15,2514,1322,218,122,98,-1,-1
44,15,2515,1325,211,122,98,-1,-1
44,15,2516,1333,206,117,98,-1,-1
44,15,2517,1338,199,111,91,-1,-1
44,15,2518,1343,192,106,87,-1,-1
44,15,2519,1345,187,106,87,-1,-1
44,15,2520,1350,185,105,81,-1,-1
44,15,2521,1356,178,98,75,-1,-1
44,15,2522,1359,173,98,75,-1,-1
44,15,2523,1363,168,98,75,-1,-1
44,15,2524,1367,163,93,75,-1,-1
44,15,2525,1368,160,93,75,-1,-1
44,15,2526,1374,156,88,74,-1,-1
44,15,2527,1375,152,88,74,-1,-1
44,15,2528,1379,149,85,69,-1,-1
44,15,2529,1380,146,85,69,-1,-1
44,15,2530,1384,141,81,69,-1,-1
44,15,2531,1386,136,81,69,-1,-1
44,15,2532,1390,134,79,66,-1,-1
44,15,2533,1391,132,79,66,-1,-1
44,15,2534,1392,132,79,66,-1,-1
44,15,2535,1393,127,77,62,-1,-1
44,15,2536,1396,127,75,56,-1,-1
44,15,2537,1401,122,71,53,-1,-1
44,15,2538,1404,119,70,56,-1,-1
44,15,2539,1404,115,69,57,-1,-1
44,15,2540,1406,114,69,53,-1,-1
44,15,2541,1410,111,66,54,-1,-1
44,15,2542,1411,111,66,54,-1,-1
44,15,2543,1413,109,66,54,-1,-1
44,15,2544,1413,108,66,54,-1,-1
44,15,2545,1414,105,64,53,-1,-1
44,15,2546,1416,102,64,53,-1,-1
44,15,2547,1418,99,64,53,-1,-1
44,15,2548,1420,98,64,53,-1,-1
44,15,2549,1418,95,64,53,-1,-1
44,15,2550,1423,95,60,48,-1,-1
44,15,2551,1422,92,60,48,-1,-1
44,15,2552,1425,92,60,48,-1,-1
44,15,2553,1429,90,55,46,-1,-1
44,15,2554,1430,87,55,46,-1,-1
44,15,2555,1431,89,55,46,-1,-1
44,15,2556,1431,84,55,46,-1,-1
44,15,2557,1433,84,55,46,-1,-1
44,15,2558,1434,85,55,46,-1,-1
44,15,2559,1433,81,55,44,-1,-1
44,15,2560,1434,82,55,44,-1,-1
44,15,2561,1435,82,55,44,-1,-1
44,15,2562,1436,78,55,44,-1,-1
44,15,2563,1438,77,53,43,-1,-1
44,15,2564,1439,79,52,38,-1,-1
44,15,2565,1441,77,52,38,-1,-1
44,15,2566,1440,79,52,38,-1,-1
44,15,2567,1444,74,47,37,-1,-1
44,15,2568,1444,74,47,37,-1,-1
44,15,2569,1445,72,47,37,-1,-1
44,16,2628,987,568,448,512,-1,-1
44,16,2629,1049,520,384,481,-1,-1
44,16,2630,1094,472,343,425,-1,-1
44,16,2631,1135,441,305,358,-1,-1
44,16,2632,1168,422,277,301,-1,-1
44,16,2633,1195,387,251,284,-1,-1
44,16,2634,1216,361,234,266,-1,-1
44,16,2635,1235,336,220,248,-1,-1
44,16,2636,1250,316,209,226,-1,-1
44,16,2637,1264,306,201,205,-1,-1
44,16,2638,1277,283,191,196,-1,-1
44,16,2639,1290,276,180,181,-1,-1
44,16,2640,1301,256,167,167,-1,-1
44,16,2641,1308,247,161,162,-1,-1
44,16,2642,1314,239,160,155,-1,-1
44,16,2643,1323,234,150,143,-1,-1
44,16,2644,1329,221,145,144,-1,-1
44,16,2645,1337,211,135,131,-1,-1
44,16,2646,1343,202,133,130,-1,-1
44,16,2647,1350,193,127,127,-1,-1
44,16,2648,1354,189,124,119,-1,-1
44,16,2649,1358,184,120,120,-1,-1
44,16,2650,1364,175,115,113,-1,-1
44,16,2651,1367,169,114,104,-1,-1
44,16,2652,1370,164,112,105,-1,-1
44,16,2653,1373,160,112,105,-1,-1
44,16,2654,1381,153,104,99,-1,-1
44,16,2655,1383,150,103,97,-1,-1
44,16,2656,1384,144,103,96,-1,-1
44,16,2657,1389,141,96,92,-1,-1
44,16,2658,1390,137,96,89,-1,-1
44,16,2659,1392,133,95,87,-1,-1
44,16,2660,1396,131,92,85,-1,-1
44,16,2661,1400,130,89,80,-1,-1
44,16,2662,1400,125,89,81,-1,-1
44,16,2663,1405,123,85,76,-1,-1
44,16,2664,1407,118,85,79,-1,-1
44,16,2665,1408,115,84,76,-1,-1
44,16,2666,1410,109,83,81,-1,-1
44,16,2667,1412,110,81,75,-1,-1
44,16,2668,1417,109,77,76,-1,-1
44,16,2669,1420,105,73,72,-1,-1
44,16,2670,1423,101,70,69,-1,-1
44,16,2671,1424,101,70,69,-1,-1
44,16,2672,1424,96,70,69,-1,-1
44,16,2673,1426,94,70,69,-1,-1
44,16,2674,1426,94,70,69,-1,-1
44,16,2675,1431,94,68,60,-1,-1
44,16,2676,1430,91,69,59,-1,-1
44,16,2677,1431,88,66,61,-1,-1
44,16,2678,1432,86,67,61,-1,-1
44,16,2679,1434,85,67,57,-1,-1
44,16,2680,1436,83,64,59,-1,-1
44,16,2681,1437,81,63,60,-1,-1
44,16,2682,1438,80,63,57,-1,-1
44,16,2683,1439,79,61,55,-1,-1
44,16,2684,1441,76,61,54,-1,-1
44,16,2685,1442,75,58,54,-1,-1
44,16,2686,1445,73,58,54,-1,-1
44,16,2687,1446,74,59,53,-1,-1
44,16,2688,1446,72,59,53,-1,-1
44,16,2689,1448,71,57,52,-1,-1
44,16,2690,1448,69,57,52,-1,-1
44,16,2691,1451,68,55,50,-1,-1
44,16,2692,1452,66,52,52,-1,-1
44,16,2693,1452,65,52,52,-1,-1
44,16,2694,1455,64,50,49,-1,-1
44,16,2695,1456,64,50,49,-1,-1
44,16,2696,1456,63,51,50,-1,-1
44,16,2697,1458,62,50,47,-1,-1
44,16,2698,1458,60,50,49,-1,-1
44,16,2699,1457,59,50,49,-1,-1
44,16,2700,1459,61,47,47,-1,-1
44,16,2701,1461,58,47,47,-1,-1
44,16,2702,1461,57,47,47,-1,-1
44,17,0,397,607,491,378,-1,-1
44,17,1,469,574,446,385,-1,-1
44,17,2,551,538,413,358,-1,-1
44,17,3,606,500,399,319,-1,-1
44,17,4,672,461,367,320,-1,-1
44,17,5,731,441,337,308,-1,-1
44,17,6,778,414,308,293,-1,-1
44,17,7,810,395,283,308,-1,-1
44,17,8,844,373,265,281,-1,-1
44,17,9,880,356,252,253,-1,-1
44,17,10,912,339,232,233,-1,-1
44,17,11,938,318,226,199,-1,-1
44,17,12,963,312,209,177,-1,-1
44,17,13,981,304,203,164,-1,-1
44,17,14,1004,286,193,156,-1,-1
44,17,15,1020,280,193,156,-1,-1
44,17,16,1042,273,173,150,-1,-1
44,17,17,1060,280,173,150,-1,-1
44,17,18,1075,244,158,158,-1,-1
44,17,19,1092,241,158,158,-1,-1
44,17,20,1099,234,156,140,-1,-1
44,17,21,1108,226,156,140,-1,-1
44,17,22,1122,220,144,125,-1,-1
44,17,23,1135,217,138,113,-1,-1
44,17,24,1142,208,138,113,-1,-1
44,17,25,1151,205,133,107,-1,-1
44,17,26,1162,194,132,105,-1,-1
44,17,27,1169,199,132,105,-1,-1
44,17,28,1180,183,120,105,-1,-1
44,17,29,1186,183,120,105,-1,-1
44,17,30,1195,176,120,105,-1,-1
44,17,31,1200,170,120,105,-1,-1
44,17,32,1212,168,108,96,-1,-1
44,17,33,1219,160,102,94,-1,-1
44,17,34,1222,160,102,87,-1,-1
44,17,35,1226,151,102,87,-1,-1
44,17,36,1239,152,94,84,-1,-1
44,17,37,1242,150,94,84,-1,-1
44,17,38,1251,147,88,74,-1,-1
44,17,39,1254,148,88,74,-1,-1
44,17,40,1258,143,88,74,-1,-1
44,17,41,1262,139,88,74,-1,-1
44,17,42,1266,137,88,74,-1,-1
44,17,43,1271,131,83,74,-1,-1
44,17,44,1275,128,83,74,-1,-1
44,17,45,1279,127,83,74,-1,-1
44,17,46,1282,123,82,69,-1,-1
44,17,47,1286,119,80,70,-1,-1
44,17,48,1290,117,78,67,-1,-1
44,17,49,1293,119,78,67,-1,-1
44,17,50,1296,114,76,64,-1,-1
44,17,51,1303,114,71,61,-1,-1
44,17,52,1305,113,71,61,-1,-1
44,17,53,1308,112,71,61,-1,-1
44,17,54,1312,108,68,60,-1,-1
44,17,55,1315,107,68,60,-1,-1
44,17,56,1319,105,65,58,-1,-1
44,17,57,1320,102,65,58,-1,-1
44,17,58,1323,99,65,58,-1,-1
44,17,59,1326,98,65,58,-1,-1
44,17,60,1328,97,65,58,-1,-1
44,17,61,1330,96,63,53,-1,-1
44,17,62,1333,95,63,53,-1,-1
44,17,63,1336,93,63,53,-1,-1
44,17,64,1338,92,61,52,-1,-1
44,17,65,1340,92,60,49,-1,-1
44,17,66,1343,90,58,50,-1,-1
44,17,67,1345,89,58,50,-1,-1
44,17,68,1347,87,56,47,-1,-1
44,17,69,1352,86,56,47,-1,-1
44,17,70,1351,84,56,47,-1,-1
44,17,71,1354,83,54,47,-1,-1
44,17,72,1355,82,54,47,-1,-1
44,17,73,1357,81,54,47,-1,-1
44,17,74,1360,79,54,47,-1,-1
44,17,75,1361,78,54,47,-1,-1
44,17,76,1363,77,52,46,-1,-1
44,17,77,1365,76,52,46,-1,-1
44,17,78,1367,75,49,44,-1,-1
44,17,79,1370,73,49,44,-1,-1
44,17,80,1372,71,49,44,-1,-1
44,17,81,1373,72,49,44,-1,-1
44,17,82,1374,70,49,44,-1,-1
44,17,83,1376,68,49,44,-1,-1
44,17,84,1378,69,47,42,-1,-1
44,17,85,1379,68,47,42,-1,-1
44,17,86,1380,67,47,42,-1,-1
44,17,87,1382,66,47,42,-1,-1
44,17,88,1383,65,47,42,-1,-1
44,17,89,1385,63,45,43,-1,-1
44,17,90,1387,64,43,39,-1,-1
44,17,91,1386,64,43,39,-1,-1
44,17,92,1388,62,43,39,-1,-1
44,17,93,1390,60,43,39,-1,-1
44,17,94,1392,60,43,39,-1,-1
44,17,95,1393,60,43,39,-1,-1
44,17,96,1394,60,43,39,-1,-1
44,17,97,1398,58,40,38,-1,-1
44,17,98,1397,58,40,38,-1,-1
44,17,99,1398,57,40,38,-1,-1
44,17,100,1400,56,40,38,-1,-1
44,17,101,1401,58,40,34,-1,-1
44,17,102,1401,56,40,34,-1,-1
44,17,103,1402,56,40,34,-1,-1
44,17,104,1405,55,38,38,-1,-1
44,17,105,1406,53,38,36,-1,-1
44,17,106,1407,51,38,36,-1,-1
44,17,107,1409,51,38,36,-1,-1
44,17,108,1409,50,38,36,-1,-1
44,17,109,1411,51,38,36,-1,-1
44,17,110,1410,49,38,36,-1,-1
44,17,111,1415,48,33,37,-1,-1
44,17,112,1415,46,33,37,-1,-1
44,17,113,1415,45,33,37,-1,-1
44,17,114,1416,46,33,37,-1,-1
44,17,115,1418,43,33,37,-1,-1
44,17,116,1419,46,33,34,-1,-1
44,17,117,1421,47,33,34,-1,-1
44,17,118,1422,45,33,34,-1,-1
44,17,119,1422,45,33,34,-1,-1
44,17,120,1424,45,33,34,-1,-1
44,17,121,1425,45,33,34,-1,-1
44,17,122,1427,45,33,34,-1,-1
44,17,123,1427,43,33,34,-1,-1
44,17,124,1427,44,33,34,-1,-1
44,17,125,1427,41,33,34,-1,-1
44,17,126,1426,41,33,34,-1,-1
44,17,127,1428,41,33,34,-1,-1
44,17,128,1430,41,33,34,-1,-1
44,17,129,1431,41,33,34,-1,-1
44,17,130,1432,40,33,34,-1,-1
44,17,131,1434,40,33,34,-1,-1
44,17,132,1436,41,31,32,-1,-1
44,17,133,1437,39,31,32,-1,-1
44,17,134,1438,39,31,32,-1,-1
44,17,135,1438,39,30,31,-1,-1
44,17,136,1440,39,30,31,-1,-1
44,17,137,1440,39,30,31,-1,-1
44,17,138,1441,39,30,31,-1,-1
44,17,139,1441,38,30,31,-1,-1
44,17,140,1441,38,30,31,-1,-1
44,17,141,1442,37,30,31,-1,-1
44,17,142,1442,36,30,31,-1,-1
44,17,143,1444,37,29,29,-1,-1
44,17,144,1445,36,29,29,-1,-1
44,17,145,1448,35,27,28,-1,-1
44,17,146,1449,35,27,28,-1,-1
44,17,147,1450,36,26,27,-1,-1
44,18,0,902,387,486,505,-1,-1
44,18,1,940,248,507,603,-1,-1
44,18,2,979,240,472,567,-1,-1
44,18,3,1020,230,438,561,-1,-1
44,18,4,1051,215,401,532,-1,-1
44,18,5,1072,204,386,495,-1,-1
44,18,6,1082,195,368,490,-1,-1
44,18,7,1106,185,361,474,-1,-1
44,18,8,1123,183,343,448,-1,-1
44,18,9,1136,170,329,409,-1,-1
44,18,10,1161,166,308,345,-1,-1
44,18,11,1174,163,295,320,-1,-1
44,18,12,1189,157,281,342,-1,-1
44,18,13,1200,149,272,343,-1,-1
44,18,14,1212,139,262,333,-1,-1
44,18,15,1221,135,253,328,-1,-1
44,18,16,1225,138,250,297,-1,-1
44,18,17,1238,128,243,289,-1,-1
44,18,18,1247,124,238,277,-1,-1
44,18,19,1256,125,226,279,-1,-1
44,18,20,1263,121,222,272,-1,-1
44,18,21,1270,118,222,264,-1,-1
44,18,22,1278,113,213,261,-1,-1
44,18,23,1284,106,204,250,-1,-1
44,18,24,1288,102,203,238,-1,-1
44,18,25,1296,104,192,226,-1,-1
44,18,26,1301,101,191,218,-1,-1
44,18,27,1304,97,191,218,-1,-1
44,18,28,1311,98,184,191,-1,-1
44,18,29,1316,92,176,190,-1,-1
44,18,30,1321,90,173,184,-1,-1
44,18,31,1322,94,173,184,-1,-1
44,18,32,1334,88,158,175,-1,-1
44,18,33,1334,84,158,175,-1,-1
44,18,34,1332,89,158,175,-1,-1
44,18,35,1335,86,158,175,-1,-1
44,18,36,1345,80,146,176,-1,-1
44,18,37,1349,78,146,176,-1,-1
44,18,38,1350,77,142,173,-1,-1
44,18,39,1354,74,139,173,-1,-1
44,18,40,1355,75,139,173,-1,-1
44,18,41,1360,73,133,171,-1,-1
44,18,42,1361,70,133,171,-1,-1
44,18,43,1366,70,126,157,-1,-1
44,18,44,1369,67,122,156,-1,-1
44,18,45,1369,67,125,152,-1,-1
44,18,46,1373,65,121,153,-1,-1
44,18,47,1376,61,120,153,-1,-1
44,18,48,1376,65,118,150,-1,-1
44,18,49,1379,64,116,143,-1,-1
44,18,50,1381,60,113,142,-1,-1
44,18,51,1382,59,111,143,-1,-1
44,18,52,1384,60,110,136,-1,-1
44,18,53,1387,56,110,136,-1,-1
44,18,54,1388,56,108,135,-1,-1
44,18,55,1389,54,107,132,-1,-1
44,18,56,1390,54,107,132,-1,-1
44,18,57,1393,54,104,132,-1,-1
44,18,58,1394,55,104,124,-1,-1
44,18,59,1396,51,102,125,-1,-1
44,18,60,1397,50,102,126,-1,-1
44,18,61,1400,49,99,122,-1,-1
44,18,62,1402,49,98,120,-1,-1
44,18,63,1403,50,94,115,-1,-1
44,18,64,1404,48,96,113,-1,-1
44,18,65,1404,48,95,113,-1,-1
44,18,66,1406,47,93,113,-1,-1
44,18,67,1409,45,89,112,-1,-1
44,18,68,1408,45,93,110,-1,-1
44,18,69,1409,44,90,108,-1,-1
44,18,70,1410,44,90,106,-1,-1
44,18,71,1413,44,88,104,-1,-1
44,18,72,1413,44,86,103,-1,-1
44,18,73,1416,43,84,102,-1,-1
44,18,74,1417,41,84,101,-1,-1
44,18,75,1417,41,83,99,-1,-1
44,18,76,1418,40,82,99,-1,-1
44,18,77,1421,41,77,98,-1,-1
44,18,78,1422,40,77,97,-1,-1
44,18,79,1422,39,77,98,-1,-1
44,18,80,1424,38,77,98,-1,-1
44,18,81,1423,37,76,94,-1,-1
44,18,82,1424,34,76,94,-1,-1
44,18,83,1424,35,76,94,-1,-1
44,18,84,1426,37,75,89,-1,-1
44,18,85,1427,35,74,91,-1,-1
44,18,86,1427,34,74,91,-1,-1
44,18,87,1427,36,74,89,-1,-1
44,18,88,1428,36,71,87,-1,-1
44,18,89,1432,34,68,88,-1,-1
44,18,90,1430,33,72,87,-1,-1
44,18,91,1432,33,68,87,-1,-1
44,18,92,1433,32,68,87,-1,-1
44,18,93,1433,33,68,87,-1,-1
44,18,94,1434,32,68,87,-1,-1
44,18,95,1435,30,68,87,-1,-1
44,18,96,1436,29,68,87,-1,-1
44,18,97,1437,29,66,87,-1,-1
44,18,98,1436,30,69,83,-1,-1
44,18,99,1439,32,66,80,-1,-1
44,18,100,1439,31,67,77,-1,-1
44,18,101,1437,31,69,76,-1,-1
44,18,102,1443,32,64,74,-1,-1
44,18,103,1443,32,64,70,-1,-1
44,18,104,1443,33,66,65,-1,-1
44,18,105,1443,31,66,65,-1,-1
44,18,106,1442,29,64,68,-1,-1
44,18,107,1444,32,63,65,-1,-1
44,18,108,1445,33,62,62,-1,-1
44,18,109,1444,31,62,62,-1,-1
44,18,110,1445,30,62,62,-1,-1
44,18,111,1444,32,62,62,-1,-1
44,18,112,1446,29,62,62,-1,-1
44,18,113,1445,27,62,62,-1,-1
44,18,114,1447,28,60,63,-1,-1
44,18,115,1448,29,60,63,-1,-1
44,18,116,1449,28,59,59,-1,-1
44,18,117,1450,28,59,59,-1,-1
44,18,118,1450,25,59,62,-1,-1
44,18,119,1448,24,59,62,-1,-1
44,18,120,1449,26,59,62,-1,-1
44,18,121,1451,25,59,62,-1,-1
44,18,122,1451,25,59,62,-1,-1
44,18,123,1452,25,59,62,-1,-1
44,18,124,1452,24,59,62,-1,-1
44,18,125,1453,24,59,62,-1,-1
44,18,126,1453,26,59,62,-1,-1
44,18,127,1456,25,56,59,-1,-1
44,18,128,1456,26,56,59,-1,-1
44,18,129,1457,25,56,59,-1,-1
44,18,130,1457,25,56,59,-1,-1
44,18,131,1457,24,56,59,-1,-1
44,18,132,1457,23,56,59,-1,-1
44,18,133,1458,20,56,59,-1,-1
44,18,134,1457,22,56,59,-1,-1
44,18,135,1458,21,56,59,-1,-1
44,18,136,1457,20,56,59,-1,-1
44,18,137,1460,22,54,56,-1,-1
44,18,138,1460,22,54,56,-1,-1
44,18,139,1462,22,51,54,-1,-1
44,18,140,1462,21,51,54,-1,-1
44,18,141,1461,21,51,54,-1,-1
44,18,142,1462,21,51,54,-1,-1
44,18,143,1463,21,51,54,-1,-1
44,18,144,1465,19,51,54,-1,-1
44,18,145,1465,20,51,54,-1,-1
44,18,146,1465,19,51,54,-1,-1
44,18,147,1465,20,51,54,-1,-1
44,18,148,1466,18,51,54,-1,-1
44,18,149,1468,17,48,53,-1,-1
44,18,150,1470,17,47,55,-1,-1
44,18,151,1471,18,46,53,-1,-1
44,18,152,1471,20,46,52,-1,-1
44,18,153,1471,16,47,54,-1,-1
44,18,154,1472,16,46,54,-1,-1
44,18,155,1472,16,46,54,-1,-1
44,18,156,1473,16,46,53,-1,-1
44,18,157,1473,16,47,54,-1,-1
44,18,158,1474,16,46,54,-1,-1
44,18,159,1475,13,45,54,-1,-1
44,18,160,1475,12,46,56,-1,-1
44,18,161,1474,22,44,46,-1,-1
44,18,162,1475,22,44,46,-1,-1
44,18,163,1475,22,44,46,-1,-1
44,18,164,1477,17,43,51,-1,-1
44,19,171,763,157,699,851,-1,-1
44,19,172,842,149,621,790,-1,-1
44,19,173,880,141,581,756,-1,-1
44,19,174,934,135,531,664,-1,-1
44,19,175,966,134,498,609,-1,-1
44,19,176,1007,130,460,553,-1,-1
44,19,177,1046,125,425,539,-1,-1
44,19,178,1073,123,399,508,-1,-1
44,19,179,1109,121,368,473,-1,-1
44,19,180,1108,119,368,473,-1,-1
44,19,181,1136,108,341,428,-1,-1
44,19,182,1150,106,329,408,-1,-1
44,19,183,1172,103,306,395,-1,-1
44,19,184,1191,101,291,355,-1,-1
44,19,185,1200,94,278,355,-1,-1
44,19,186,1213,91,269,338,-1,-1
44,19,187,1224,93,260,317,-1,-1
44,19,188,1234,87,250,308,-1,-1
44,19,189,1243,87,243,292,-1,-1
44,19,190,1243,83,243,292,-1,-1
44,19,191,1263,79,223,280,-1,-1
44,19,192,1271,74,217,281,-1,-1
44,19,193,1276,77,211,274,-1,-1
44,19,194,1283,74,205,262,-1,-1
44,19,195,1288,72,203,252,-1,-1
44,19,196,1297,72,192,242,-1,-1
44,19,197,1302,70,187,235,-1,-1
44,19,198,1308,68,182,226,-1,-1
44,19,199,1313,67,179,219,-1,-1
44,19,200,1320,66,169,212,-1,-1
44,19,201,1324,62,165,210,-1,-1
44,19,202,1329,61,165,208,-1,-1
44,19,203,1334,62,160,202,-1,-1
44,19,204,1337,57,156,200,-1,-1
44,19,205,1341,55,153,192,-1,-1
44,19,206,1344,56,150,186,-1,-1
44,19,207,1349,53,145,183,-1,-1
44,19,208,1353,53,142,178,-1,-1
44,19,209,1355,51,139,178,-1,-1
44,19,210,1359,50,135,171,-1,-1
44,19,211,1362,50,131,164,-1,-1
44,19,212,1364,49,130,165,-1,-1
44,19,213,1367,50,128,158,-1,-1
44,19,214,1368,48,127,156,-1,-1
44,19,215,1372,44,128,155,-1,-1
44,19,216,1375,43,123,153,-1,-1
44,19,217,1378,42,120,151,-1,-1
44,19,218,1380,41,119,149,-1,-1
44,19,219,1381,43,120,141,-1,-1
44,19,220,1383,41,115,141,-1,-1
44,19,221,1386,41,112,139,-1,-1
44,19,222,1389,43,112,132,-1,-1
44,19,223,1390,41,111,131,-1,-1
44,19,224,1391,40,111,131,-1,-1
44,19,225,1391,40,111,131,-1,-1
44,19,226,1395,41,104,124,-1,-1
44,19,227,1397,36,104,124,-1,-1
44,19,228,1399,35,104,124,-1,-1
44,19,229,1402,35,100,124,-1,-1
44,19,230,1404,34,100,124,-1,-1
44,19,231,1405,34,100,124,-1,-1
44,19,232,1406,33,100,124,-1,-1
44,19,233,1408,34,98,117,-1,-1
44,19,234,1410,35,96,112,-1,-1
44,19,235,1411,31,96,112,-1,-1
44,19,236,1413,30,96,112,-1,-1
44,19,237,1411,31,96,112,-1,-1
44,19,238,1415,33,96,112,-1,-1
44,19,239,1417,33,92,106,-1,-1
44,19,240,1418,31,90,105,-1,-1
44,19,241,1419,28,90,105,-1,-1
44,19,242,1417,25,90,105,-1,-1
44,19,243,1420,25,90,105,-1,-1
44,19,244,1423,24,90,105,-1,-1
44,19,245,1425,26,84,100,-1,-1
44,19,246,1423,25,84,100,-1,-1
44,19,247,1424,25,84,100,-1,-1
44,19,248,1426,25,84,100,-1,-1
44,19,249,1429,25,84,100,-1,-1
44,19,250,1429,24,84,100,-1,-1
44,19,251,1431,25,82,91,-1,-1
44,19,252,1430,23,82,91,-1,-1
44,19,253,1430,23,82,91,-1,-1
44,19,254,1430,23,82,91,-1,-1
44,19,255,1432,21,82,91,-1,-1
44,19,256,1433,22,82,91,-1,-1
44,19,257,1433,20,82,91,-1,-1
44,19,258,1433,24,82,91,-1,-1
44,19,259,1433,19,82,91,-1,-1
44,19,260,1435,20,82,91,-1,-1
44,19,261,1436,18,82,91,-1,-1
44,19,262,1435,19,82,91,-1,-1
44,19,263,1436,17,82,91,-1,-1
44,19,264,1435,14,82,91,-1,-1
44,19,265,1442,16,71,87,-1,-1
44,19,266,1443,16,71,87,-1,-1
44,19,267,1445,20,69,79,-1,-1
44,19,268,1445,16,71,83,-1,-1
44,19,269,1445,16,71,83,-1,-1
44,19,270,1446,15,71,83,-1,-1
44,19,271,1447,14,71,83,-1,-1
44,19,272,1447,14,71,83,-1,-1
44,19,273,1448,13,71,83,-1,-1
44,19,274,1448,12,71,83,-1,-1
44,19,275,1449,11,71,83,-1,-1
44,19,276,1452,12,68,79,-1,-1
44,19,277,1451,13,68,79,-1,-1
44,19,278,1451,11,68,79,-1,-1
44,19,279,1451,11,68,79,-1,-1
44,19,280,1453,11,68,79,-1,-1
44,19,281,1454,10,68,79,-1,-1
44,19,282,1455,17,63,69,-1,-1
44,19,283,1455,17,64,71,-1,-1
44,19,284,1457,20,60,64,-1,-1
44,19,285,1457,18,61,68,-1,-1
44,19,286,1457,18,62,66,-1,-1
44,19,287,1461,20,60,62,-1,-1
44,19,288,1463,22,53,60,-1,-1
44,19,289,1462,20,54,61,-1,-1
44,19,290,1462,21,56,62,-1,-1
44,20,256,327,621,601,425,-1,-1
44,20,257,428,577,526,393,-1,-1
44,20,258,516,548,467,347,-1,-1
44,20,259,589,511,422,305,-1,-1
44,20,260,644,476,397,282,-1,-1
44,20,261,695,448,378,269,-1,-1
44,20,262,751,422,340,245,-1,-1
44,20,263,793,407,316,222,-1,-1
44,20,264,821,387,306,210,-1,-1
44,20,265,860,373,282,191,-1,-1
44,20,266,901,361,263,175,-1,-1
44,20,267,928,339,250,167,-1,-1
44,20,268,953,323,235,167,-1,-1
44,20,269,979,311,220,153,-1,-1
44,20,270,998,297,215,149,-1,-1
44,20,271,1017,289,207,143,-1,-1
44,20,272,1035,272,199,142,-1,-1
44,20,273,1053,267,184,132,-1,-1
44,20,274,1065,260,180,122,-1,-1
44,20,275,1078,249,182,123,-1,-1
44,20,276,1090,242,174,116,-1,-1
44,20,277,1109,234,165,112,-1,-1
44,20,278,1122,229,156,108,-1,-1
44,20,279,1134,220,149,106,-1,-1
44,20,280,1147,218,143,101,-1,-1
44,20,281,1156,210,142,99,-1,-1
44,20,282,1163,203,142,99,-1,-1
44,20,283,1173,196,135,98,-1,-1
44,20,284,1180,194,135,98,-1,-1
44,20,285,1185,189,131,96,-1,-1
44,20,286,1195,181,125,95,-1,-1
44,20,287,1204,175,124,96,-1,-1
44,20,288,1214,170,119,92,-1,-1
44,20,289,1217,167,117,85,-1,-1
44,20,290,1222,164,115,84,-1,-1
44,20,291,1227,158,113,86,-1,-1
44,20,292,1237,155,110,82,-1,-1
44,20,293,1242,154,105,82,-1,-1
44,20,294,1250,152,102,76,-1,-1
44,20,295,1253,147,99,77,-1,-1
44,20,296,1258,141,99,77,-1,-1
44,20,297,1261,138,99,77,-1,-1
44,20,298,1268,138,98,70,-1,-1
44,20,299,1271,135,94,71,-1,-1
44,20,300,1274,131,94,71,-1,-1
44,20,301,1277,129,94,71,-1,-1
44,20,302,1283,125,94,71,-1,-1
44,20,303,1286,122,90,70,-1,-1
44,20,304,1289,122,90,70,-1,-1
44,20,305,1292,120,90,70,-1,-1
44,20,306,1297,117,85,66,-1,-1
44,20,307,1303,114,83,65,-1,-1
44,20,308,1309,115,78,61,-1,-1
44,20,309,1311,113,78,61,-1,-1
44,20,310,1312,111,78,61,-1,-1
44,20,311,1314,108,78,61,-1,-1
44,20,312,1318,108,78,61,-1,-1
44,20,313,1321,105,78,61,-1,-1
44,20,314,1325,102,74,59,-1,-1
44,20,315,1325,100,74,59,-1,-1
44,20,316,1327,97,74,59,-1,-1
44,20,317,1331,98,71,59,-1,-1
44,20,318,1333,96,71,59,-1,-1
44,20,319,1337,95,71,59,-1,-1
44,20,320,1339,93,68,56,-1,-1
44,20,321,1341,90,68,56,-1,-1
44,20,322,1342,91,68,56,-1,-1
44,20,323,1345,90,66,52,-1,-1
44,20,324,1347,88,66,52,-1,-1
44,20,325,1348,85,66,52,-1,-1
44,20,326,1349,86,66,52,-1,-1
44,20,327,1352,85,66,52,-1,-1
44,20,328,1354,82,66,52,-1,-1
44,20,329,1356,81,66,52,-1,-1
44,20,330,1356,79,66,52,-1,-1
44,20,331,1358,79,66,52,-1,-1
44,20,332,1360,79,63,51,-1,-1
44,20,333,1363,78,63,51,-1,-1
44,20,334,1364,76,63,51,-1,-1
44,20,335,1367,74,63,51,-1,-1
44,20,336,1371,73,60,49,-1,-1
44,20,337,1372,73,60,49,-1,-1
44,20,338,1373,72,57,48,-1,-1
44,20,339,1374,70,57,48,-1,-1
44,20,340,1378,69,57,48,-1,-1
44,20,341,1378,68,57,48,-1,-1
44,20,342,1379,67,57,48,-1,-1
44,20,343,1379,65,57,48,-1,-1
44,20,344,1381,65,57,48,-1,-1
44,20,345,1383,63,57,48,-1,-1
44,20,346,1386,61,57,48,-1,-1
44,20,347,1391,66,49,43,-1,-1
44,20,348,1391,63,50,43,-1,-1
44,20,349,1391,63,51,42,-1,-1
44,20,350,1394,62,49,43,-1,-1
44,20,351,1397,61,48,42,-1,-1
44,20,352,1396,61,48,42,-1,-1
44,20,353,1396,60,48,42,-1,-1
44,20,354,1396,59,48,42,-1,-1
44,20,355,1399,59,48,42,-1,-1
44,20,356,1402,60,48,39,-1,-1
44,20,357,1402,58,50,40,-1,-1
44,20,358,1401,57,50,39,-1,-1
44,20,359,1403,56,50,40,-1,-1
44,20,360,1405,56,48,37,-1,-1
44,20,361,1408,57,46,34,-1,-1
44,20,362,1410,52,46,40,-1,-1
44,20,363,1412,50,46,40,-1,-1
44,20,364,1412,51,42,36,-1,-1
44,20,365,1412,52,42,36,-1,-1
44,20,366,1415,50,42,36,-1,-1
44,20,367,1416,51,42,36,-1,-1
44,20,368,1417,52,42,36,-1,-1
44,20,369,1416,52,42,36,-1,-1
44,20,370,1418,52,42,36,-1,-1
44,20,371,1418,51,42,36,-1,-1
44,20,372,1422,51,40,34,-1,-1
44,20,373,1422,49,40,34,-1,-1
44,20,374,1423,48,40,34,-1,-1
44,20,375,1423,49,40,34,-1,-1
44,20,376,1424,48,40,34,-1,-1
44,20,377,1425,47,40,34,-1,-1
44,20,378,1427,48,40,34,-1,-1
44,20,379,1427,47,40,34,-1,-1
44,20,380,1427,46,38,33,-1,-1
44,20,381,1430,47,36,31,-1,-1
44,20,382,1431,47,36,31,-1,-1
44,20,383,1433,46,36,31,-1,-1
44,20,384,1433,46,36,29,-1,-1
44,20,385,1433,42,36,31,-1,-1
44,20,386,1434,42,36,31,-1,-1
44,20,387,1436,41,36,31,-1,-1
44,20,388,1437,39,38,33,-1,-1
44,20,389,1436,39,38,33,-1,-1
44,20,390,1436,39,38,33,-1,-1
44,20,391,1437,39,38,33,-1,-1
44,20,392,1437,42,38,33,-1,-1
44,20,393,1440,41,38,33,-1,-1
44,20,394,1440,41,38,33,-1,-1
44,20,395,1441,41,38,33,-1,-1
44,20,396,1440,40,38,33,-1,-1
44,20,397,1441,38,38,33,-1,-1
44,20,398,1444,39,36,31,-1,-1
44,20,399,1445,38,35,30,-1,-1
44,20,400,1446,37,35,30,-1,-1
44,20,401,1446,36,35,30,-1,-1
44,20,402,1445,34,35,30,-1,-1
44,21,307,348,579,565,429,-1,-1
44,21,308,443,534,514,400,-1,-1
44,21,309,521,514,463,349,-1,-1
44,21,310,593,468,415,327,-1,-1
44,21,311,655,449,380,296,-1,-1
44,21,312,704,425,355,276,-1,-1
44,21,313,746,400,332,261,-1,-1
44,21,314,789,384,306,240,-1,-1
44,21,315,826,364,287,223,-1,-1
44,21,316,860,346,274,212,-1,-1
44,21,317,885,329,268,200,-1,-1
44,21,318,917,318,250,191,-1,-1
44,21,319,945,305,236,183,-1,-1
44,21,320,965,293,221,172,-1,-1
44,21,321,987,281,213,163,-1,-1
44,21,322,1005,267,201,163,-1,-1
44,21,323,1023,262,195,151,-1,-1
44,21,324,1039,253,190,152,-1,-1
44,21,325,1056,244,182,143,-1,-1
44,21,326,1069,233,176,142,-1,-1
44,21,327,1083,225,167,137,-1,-1
44,21,328,1096,217,162,135,-1,-1
44,21,329,1111,211,157,130,-1,-1
44,21,330,1123,207,154,126,-1,-1
44,21,331,1132,202,150,121,-1,-1
44,21,332,1145,200,140,116,-1,-1
44,21,333,1151,191,138,114,-1,-1
44,21,334,1161,189,134,106,-1,-1
44,21,335,1170,184,132,107,-1,-1
44,21,336,1179,181,126,99,-1,-1
44,21,337,1185,176,120,95,-1,-1
44,21,338,1195,171,118,99,-1,-1
44,21,339,1199,168,118,93,-1,-1
44,21,340,1210,165,115,89,-1,-1
44,21,341,1215,159,116,98,-1,-1
44,21,342,1222,154,108,91,-1,-1
44,21,343,1226,150,108,91,-1,-1
44,21,344,1230,147,108,91,-1,-1
44,21,345,1237,145,104,83,-1,-1
44,21,346,1245,143,103,81,-1,-1
44,21,347,1249,139,100,80,-1,-1
44,21,348,1254,136,95,81,-1,-1
44,21,349,1258,136,95,81,-1,-1
44,21,350,1266,134,89,78,-1,-1
44,21,351,1271,130,89,78,-1,-1
44,21,352,1274,126,89,78,-1,-1
44,21,353,1276,124,89,78,-1,-1
44,21,354,1280,121,85,72,-1,-1
44,21,355,1284,119,85,73,-1,-1
44,21,356,1289,117,83,71,-1,-1
44,21,357,1293,115,83,71,-1,-1
44,21,358,1294,115,83,71,-1,-1
44,21,359,1295,113,83,71,-1,-1
44,21,360,1301,110,79,71,-1,-1
44,21,361,1309,108,73,66,-1,-1
44,21,362,1312,106,73,66,-1,-1
44,21,363,1314,104,73,66,-1,-1
44,21,364,1313,104,73,66,-1,-1
44,21,365,1316,99,73,66,-1,-1
44,21,366,1320,97,71,64,-1,-1
44,21,367,1323,97,70,61,-1,-1
44,21,368,1323,96,70,61,-1,-1
44,21,369,1324,93,70,61,-1,-1
44,21,370,1327,91,70,61,-1,-1
44,21,371,1333,90,67,60,-1,-1
44,21,372,1338,90,65,58,-1,-1
44,21,373,1338,89,67,57,-1,-1
44,21,374,1339,86,68,58,-1,-1
44,21,375,1340,86,68,56,-1,-1
44,21,376,1344,83,64,56,-1,-1
44,21,377,1347,84,65,55,-1,-1
44,21,378,1350,84,63,53,-1,-1
44,21,379,1351,82,60,51,-1,-1
44,21,380,1352,80,63,52,-1,-1
44,21,381,1356,80,60,51,-1,-1
44,21,382,1359,78,60,51,-1,-1
44,21,383,1361,76,60,51,-1,-1
44,21,384,1364,78,58,50,-1,-1
44,21,385,1364,77,57,50,-1,-1
44,21,386,1367,74,57,50,-1,-1
44,21,387,1370,74,56,49,-1,-1
44,21,388,1372,71,57,49,-1,-1
44,21,389,1373,70,54,50,-1,-1
44,21,390,1371,70,58,49,-1,-1
44,21,391,1375,69,53,49,-1,-1
44,21,392,1380,68,51,48,-1,-1
44,21,393,1379,67,54,48,-1,-1
44,21,394,1383,67,50,48,-1,-1
44,21,395,1384,65,49,48,-1,-1
44,21,396,1383,64,52,47,-1,-1
44,21,397,1386,63,49,47,-1,-1
44,21,398,1387,63,51,46,-1,-1
44,21,399,1390,62,49,45,-1,-1
44,21,400,1391,62,49,46,-1,-1
44,21,401,1391,60,49,44,-1,-1
44,21,402,1393,60,49,43,-1,-1
44,21,403,1394,58,49,43,-1,-1
44,21,404,1398,59,47,43,-1,-1
44,21,405,1399,58,47,42,-1,-1
44,21,406,1399,58,46,41,-1,-1
44,21,407,1399,58,46,41,-1,-1
44,21,408,1400,56,49,42,-1,-1
44,21,409,1403,56,47,40,-1,-1
44,21,410,1404,56,47,40,-1,-1
44,21,411,1404,56,47,40,-1,-1
44,21,412,1404,56,47,40,-1,-1
44,21,413,1404,53,47,40,-1,-1
44,21,414,1408,55,45,38,-1,-1
44,21,415,1409,52,45,38,-1,-1
44,21,416,1411,52,43,37,-1,-1
44,21,417,1412,51,43,37,-1,-1
44,21,418,1414,52,41,35,-1,-1
44,21,419,1416,51,41,35,-1,-1
44,21,420,1417,51,41,35,-1,-1
44,21,421,1417,51,41,35,-1,-1
44,21,422,1417,51,41,35,-1,-1
44,21,423,1418,50,41,35,-1,-1
44,21,424,1418,49,41,35,-1,-1
44,21,425,1420,49,41,35,-1,-1
44,21,426,1422,47,41,35,-1,-1
44,21,427,1421,47,41,35,-1,-1
44,21,428,1422,47,41,35,-1,-1
44,21,429,1425,46,39,35,-1,-1
44,21,430,1428,45,38,36,-1,-1
44,21,431,1430,44,38,36,-1,-1
44,21,432,1428,44,39,35,-1,-1
44,21,433,1429,41,39,35,-1,-1
44,21,434,1430,41,38,36,-1,-1
44,21,435,1432,43,37,34,-1,-1
