44,1,8,1124,170,323,402,-1,-1
44,1,9,1129,156,316,400,-1,-1
44,1,10,1143,147,292,389,-1,-1
44,1,11,1172,151,270,350,-1,-1
44,1,12,1186,137,265,347,-1,-1
44,1,13,1201,145,258,310,-1,-1
44,1,14,1209,141,259,314,-1,-1
44,1,15,1216,139,251,271,-1,-1
44,1,16,1229,130,244,295,-1,-1
44,1,17,1238,129,236,270,-1,-1
44,1,20,1263,111,219,261,-1,-1
44,1,21,1269,110,213,252,-1,-1
44,1,23,1285,104,201,221,-1,-1
44,1,24,1291,101,198,219,-1,-1
44,1,25,1299,98,188,207,-1,-1
44,1,29,1317,91,170,175,-1,-1
44,1,30,1319,86,170,185,-1,-1
44,1,31,1323,84,166,183,-1,-1
44,1,32,1328,80,162,190,-1,-1
44,1,33,1333,77,157,193,-1,-1
44,1,34,1339,73,152,193,-1,-1
44,1,35,1342,70,151,195,-1,-1
44,1,36,1346,71,148,184,-1,-1
44,1,37,1348,70,146,178,-1,-1
44,1,38,1351,70,143,162,-1,-1
44,1,39,1354,68,139,157,-1,-1
44,1,40,1359,68,134,145,-1,-1
44,1,41,1363,68,131,143,-1,-1
44,1,42,1366,67,127,143,-1,-1
44,1,43,1368,67,126,142,-1,-1
44,1,44,1371,66,123,139,-1,-1
44,1,45,1373,65,120,135,-1,-1
44,1,46,1375,64,118,136,-1,-1
44,1,47,1377,61,117,141,-1,-1
44,1,48,1379,60,117,137,-1,-1
44,1,49,1379,58,116,138,-1,-1
44,1,50,1381,55,117,135,-1,-1
44,1,51,1383,54,116,126,-1,-1
44,1,52,1384,54,115,121,-1,-1
44,1,53,1386,54,113,118,-1,-1
44,1,54,1389,53,110,115,-1,-1
44,1,55,1392,52,108,112,-1,-1
44,1,56,1394,52,105,110,-1,-1
44,1,57,1396,52,102,108,-1,-1
44,1,58,1397,52,101,110,-1,-1
44,1,59,1398,51,100,108,-1,-1
44,1,60,1400,50,99,111,-1,-1
44,1,61,1402,49,97,112,-1,-1
44,1,62,1403,49,96,108,-1,-1
44,1,63,1404,48,97,108,-1,-1
44,1,64,1405,47,96,107,-1,-1
44,1,65,1407,46,94,105,-1,-1
44,1,66,1408,45,93,101,-1,-1
44,1,67,1409,45,93,101,-1,-1
44,1,68,1411,44,93,99,-1,-1
44,1,69,1412,43,91,98,-1,-1
44,1,70,1414,42,89,99,-1,-1
44,1,71,1415,43,88,98,-1,-1
44,1,72,1415,43,87,97,-1,-1
44,1,73,1416,43,86,97,-1,-1
44,1,74,1417,43,85,99,-1,-1
44,1,75,1419,43,83,99,-1,-1
44,1,76,1420,42,83,97,-1,-1
44,1,77,1421,42,82,95,-1,-1
44,1,78,1423,41,81,95,-1,-1
44,1,79,1424,40,80,95,-1,-1
44,1,80,1425,40,80,95,-1,-1
44,1,81,1426,38,80,96,-1,-1
44,1,82,1427,37,79,96,-1,-1
44,1,83,1427,36,78,93,-1,-1
44,1,84,1427,36,78,90,-1,-1
44,1,85,1427,36,78,89,-1,-1
44,1,86,1428,36,77,88,-1,-1
44,1,87,1429,36,76,88,-1,-1
44,1,88,1430,36,75,87,-1,-1
44,1,89,1430,35,75,85,-1,-1
44,1,90,1431,35,74,84,-1,-1
44,1,91,1433,34,72,84,-1,-1
44,1,92,1434,33,71,84,-1,-1
44,1,93,1436,33,70,84,-1,-1
44,1,94,1436,32,70,83,-1,-1
44,1,95,1436,32,70,82,-1,-1
44,1,96,1437,32,69,81,-1,-1
44,1,97,1438,31,69,80,-1,-1
44,1,98,1439,30,68,80,-1,-1
44,1,99,1440,30,67,80,-1,-1
44,1,100,1440,29,67,80,-1,-1
44,1,101,1440,29,67,78,-1,-1
44,1,102,1441,29,66,77,-1,-1
44,1,103,1443,29,64,76,-1,-1
44,1,104,1444,29,63,75,-1,-1
44,1,105,1445,29,62,75,-1,-1
44,1,106,1446,28,61,75,-1,-1
44,1,107,1446,28,62,74,-1,-1
44,1,108,1446,28,62,73,-1,-1
44,1,109,1446,28,62,72,-1,-1
44,1,110,1447,27,61,71,-1,-1
44,1,111,1448,27,60,70,-1,-1
44,1,112,1449,26,59,70,-1,-1
44,1,113,1449,26,59,69,-1,-1
44,1,114,1450,26,58,69,-1,-1
44,1,115,1451,25,58,69,-1,-1
44,1,116,1451,25,58,68,-1,-1
44,1,117,1452,25,57,67,-1,-1
44,1,118,1452,24,57,67,-1,-1
44,1,119,1453,24,56,66,-1,-1
44,1,120,1454,24,55,66,-1,-1
44,1,121,1453,23,56,65,-1,-1
44,1,122,1453,23,56,64,-1,-1
44,1,123,1454,23,56,64,-1,-1
44,1,124,1454,22,55,64,-1,-1
44,1,125,1455,22,54,63,-1,-1
44,1,126,1456,22,54,62,-1,-1
44,1,127,1456,22,53,62,-1,-1
44,1,128,1457,22,52,61,-1,-1
44,1,129,1457,21,53,60,-1,-1
44,1,130,1458,21,52,60,-1,-1
44,1,131,1459,21,51,60,-1,-1
44,1,132,1460,20,51,60,-1,-1
44,1,133,1461,20,51,60,-1,-1
44,1,134,1462,19,51,61,-1,-1
44,1,138,1464,17,51,61,-1,-1
44,1,139,1464,17,50,61,-1,-1
44,1,140,1465,17,49,60,-1,-1
44,1,141,1464,17,51,59,-1,-1
44,1,142,1464,17,51,58,-1,-1
44,1,143,1464,17,51,58,-1,-1
44,1,144,1464,17,51,58,-1,-1
44,1,145,1465,17,50,57,-1,-1
44,1,146,1466,17,49,56,-1,-1
44,1,147,1466,17,50,55,-1,-1
44,1,148,1467,17,49,55,-1,-1
44,1,149,1468,17,48,54,-1,-1
44,1,150,1468,17,48,53,-1,-1
44,1,151,1469,17,47,54,-1,-1
44,1,152,1470,17,47,54,-1,-1
44,1,153,1469,16,48,53,-1,-1
44,1,154,1470,16,48,53,-1,-1
44,1,155,1469,15,49,53,-1,-1
44,1,156,1472,15,46,53,-1,-1
44,1,157,1473,15,45,52,-1,-1
44,2,11,946,322,210,144,-1,-1
44,2,15,1019,274,205,140,-1,-1
44,2,16,1047,267,174,133,-1,-1
44,2,17,1063,257,167,126,-1,-1
44,2,18,1081,249,153,127,-1,-1
44,2,19,1088,240,155,138,-1,-1
44,2,20,1090,236,159,139,-1,-1
44,2,21,1107,225,149,134,-1,-1
44,2,22,1114,219,148,120,-1,-1
44,2,23,1125,212,145,115,-1,-1
44,2,24,1147,204,130,113,-1,-1
44,2,25,1161,196,130,112,-1,-1
44,2,26,1170,194,120,105,-1,-1
44,2,27,1182,189,111,97,-1,-1
44,2,28,1188,187,113,90,-1,-1
44,2,29,1195,181,110,89,-1,-1
44,2,30,1201,177,107,86,-1,-1
44,2,31,1208,171,104,87,-1,-1
44,2,32,1216,166,100,89,-1,-1
44,2,33,1220,163,103,89,-1,-1
44,2,34,1228,158,100,82,-1,-1
44,2,35,1236,155,96,79,-1,-1
44,2,36,1243,151,92,77,-1,-1
44,2,37,1249,148,89,77,-1,-1
44,2,38,1253,146,88,76,-1,-1
44,2,39,1256,142,89,79,-1,-1
44,2,40,1259,139,88,76,-1,-1
44,2,41,1265,135,84,78,-1,-1
44,2,42,1270,130,84,82,-1,-1
44,2,43,1275,127,82,80,-1,-1
44,2,44,1280,125,79,73,-1,-1
44,2,45,1283,124,76,67,-1,-1
44,2,46,1286,122,77,64,-1,-1
44,2,47,1291,121,75,61,-1,-1
44,2,48,1296,119,73,60,-1,-1
44,2,49,1301,116,68,63,-1,-1
44,2,50,1306,114,65,62,-1,-1
44,2,51,1306,112,67,61,-1,-1
44,2,52,1308,110,68,62,-1,-1
44,2,53,1312,108,67,64,-1,-1
44,2,54,1313,106,69,64,-1,-1
44,2,55,1316,104,68,64,-1,-1
44,2,56,1319,103,66,62,-1,-1
44,2,57,1322,101,64,60,-1,-1
44,2,58,1325,100,63,56,-1,-1
44,2,59,1327,98,62,54,-1,-1
44,2,60,1331,97,60,52,-1,-1
44,2,61,1335,96,58,50,-1,-1
44,2,62,1336,95,58,49,-1,-1
44,2,63,1338,94,58,49,-1,-1
44,2,64,1340,92,58,49,-1,-1
44,2,65,1343,90,57,50,-1,-1
44,2,66,1345,88,57,50,-1,-1
44,2,67,1347,88,57,48,-1,-1
44,2,68,1349,87,56,48,-1,-1
44,2,69,1351,85,55,47,-1,-1
44,2,70,1354,84,54,46,-1,-1
44,2,71,1356,83,54,46,-1,-1
44,2,72,1358,81,52,46,-1,-1
44,2,73,1360,80,51,46,-1,-1
44,2,74,1362,79,50,46,-1,-1
44,2,75,1364,78,51,46,-1,-1
44,2,76,1365,77,51,46,-1,-1
44,2,77,1367,76,50,45,-1,-1
44,2,78,1369,75,49,44,-1,-1
44,2,79,1370,74,49,44,-1,-1
44,3,178,1081,204,315,401,-1,-1
44,3,182,1158,73,316,380,-1,-1
44,3,183,1173,72,296,376,-1,-1
44,3,184,1197,81,271,347,-1,-1
44,3,185,1209,84,265,326,-1,-1
44,3,186,1220,84,257,305,-1,-1
44,3,187,1237,82,241,302,-1,-1
44,3,188,1238,86,241,277,-1,-1
44,3,189,1244,85,236,265,-1,-1
44,3,190,1253,83,228,258,-1,-1
44,3,191,1262,80,219,251,-1,-1
44,3,192,1271,78,211,244,-1,-1
44,3,193,1280,74,203,237,-1,-1
44,3,194,1290,72,193,230,-1,-1
44,3,195,1304,72,182,217,-1,-1
44,3,197,1311,67,176,207,-1,-1
44,3,198,1309,65,179,204,-1,-1
44,3,199,1316,63,173,201,-1,-1
44,3,200,1316,61,174,196,-1,-1
44,3,201,1319,60,172,190,-1,-1
44,3,202,1327,61,164,182,-1,-1
44,3,203,1332,60,160,180,-1,-1
44,3,204,1337,57,154,179,-1,-1
44,3,205,1342,57,150,172,-1,-1
44,3,206,1347,58,145,167,-1,-1
44,3,207,1349,57,143,162,-1,-1
44,3,208,1353,55,140,158,-1,-1
44,3,209,1357,53,136,155,-1,-1
44,3,210,1361,52,132,153,-1,-1
44,3,211,1364,51,128,152,-1,-1
44,3,212,1367,50,126,149,-1,-1
44,3,213,1370,49,124,145,-1,-1
44,3,214,1372,49,122,144,-1,-1
44,3,215,1375,49,120,141,-1,-1
44,3,216,1378,49,118,138,-1,-1
44,3,217,1380,48,117,135,-1,-1
44,3,218,1382,47,115,134,-1,-1
44,3,219,1385,46,113,132,-1,-1
44,3,220,1387,45,112,129,-1,-1
44,3,221,1388,44,111,129,-1,-1
44,3,222,1390,42,110,127,-1,-1
44,3,223,1392,42,109,126,-1,-1
44,3,224,1394,41,106,126,-1,-1
44,3,225,1397,41,104,122,-1,-1
44,3,226,1398,40,102,120,-1,-1
44,3,227,1400,40,101,116,-1,-1
44,3,228,1402,40,100,114,-1,-1
44,3,229,1404,39,98,112,-1,-1
44,3,230,1405,38,97,110,-1,-1
44,3,231,1406,37,96,108,-1,-1
44,3,232,1407,36,95,108,-1,-1
44,3,233,1409,35,93,107,-1,-1
44,3,234,1411,35,92,106,-1,-1
44,3,235,1413,34,91,106,-1,-1
44,3,236,1414,33,90,108,-1,-1
44,3,237,1415,33,88,107,-1,-1
44,3,238,1416,33,87,105,-1,-1
44,3,239,1418,32,85,104,-1,-1
44,3,240,1420,32,84,104,-1,-1
44,3,241,1421,31,83,103,-1,-1
44,3,242,1421,31,82,101,-1,-1
44,3,243,1422,30,81,100,-1,-1
44,3,244,1424,29,81,98,-1,-1
44,3,245,1426,29,80,97,-1,-1
44,3,246,1428,28,78,96,-1,-1
44,3,247,1429,28,77,95,-1,-1
44,3,248,1429,28,76,93,-1,-1
44,3,249,1430,28,75,91,-1,-1
44,3,250,1433,28,74,89,-1,-1
44,3,251,1435,30,74,87,-1,-1
44,3,252,1435,27,73,90,-1,-1
44,3,253,1435,26,73,91,-1,-1
44,3,254,1436,25,73,91,-1,-1
44,3,255,1437,24,72,90,-1,-1
44,3,256,1438,24,71,89,-1,-1
44,3,257,1439,23,70,87,-1,-1
44,3,258,1440,23,69,86,-1,-1
44,3,259,1441,23,68,84,-1,-1
44,3,260,1442,22,66,82,-1,-1
44,3,261,1444,22,65,81,-1,-1
44,3,262,1445,22,64,79,-1,-1
44,3,263,1445,21,64,77,-1,-1
44,3,264,1445,21,64,76,-1,-1
44,3,265,1446,21,63,74,-1,-1
44,3,266,1448,21,61,74,-1,-1
44,3,267,1450,20,59,74,-1,-1
44,3,268,1451,20,58,74,-1,-1
44,3,269,1451,20,59,73,-1,-1
44,3,270,1451,19,59,73,-1,-1
44,3,271,1451,19,60,72,-1,-1
44,3,272,1452,19,59,71,-1,-1
44,3,273,1453,19,58,70,-1,-1
44,3,274,1454,18,58,71,-1,-1
44,3,275,1454,18,58,70,-1,-1
44,3,276,1455,18,57,69,-1,-1
44,3,277,1457,18,56,69,-1,-1
44,3,278,1458,17,56,69,-1,-1
44,3,279,1459,17,56,68,-1,-1
44,3,280,1459,17,56,67,-1,-1
44,3,281,1459,17,56,65,-1,-1
44,3,282,1461,17,55,64,-1,-1
44,3,283,1462,16,54,64,-1,-1
44,3,284,1462,16,55,63,-1,-1
44,3,285,1462,16,55,63,-1,-1
44,3,286,1463,16,54,62,-1,-1
44,3,287,1463,16,54,62,-1,-1
44,3,288,1464,15,54,62,-1,-1
44,3,289,1465,15,54,62,-1,-1
44,3,290,1466,15,54,61,-1,-1
44,3,291,1466,15,55,60,-1,-1
44,3,305,1475,13,49,55,-1,-1
44,3,306,1476,13,48,54,-1,-1
44,3,307,1476,13,48,53,-1,-1
44,5,318,912,306,246,190,-1,-1
44,5,319,944,298,228,177,-1,-1
44,5,320,975,293,206,159,-1,-1
44,5,321,988,282,208,152,-1,-1
44,5,322,1006,276,199,140,-1,-1
44,5,323,1025,268,188,132,-1,-1
44,5,324,1041,260,179,126,-1,-1
44,5,325,1057,249,173,126,-1,-1
44,5,326,1071,240,169,121,-1,-1
44,5,327,1088,226,156,124,-1,-1
44,5,328,1099,222,157,117,-1,-1
44,5,329,1112,214,151,116,-1,-1
44,5,330,1124,207,145,112,-1,-1
44,5,331,1135,201,144,108,-1,-1
44,5,332,1146,196,138,103,-1,-1
44,5,333,1155,193,133,98,-1,-1
44,5,334,1163,187,129,95,-1,-1
44,5,335,1173,181,125,94,-1,-1
44,5,336,1183,179,120,91,-1,-1
44,5,337,1191,174,117,88,-1,-1
44,5,338,1197,171,115,85,-1,-1
44,5,339,1203,167,111,83,-1,-1
44,5,340,1211,161,107,85,-1,-1
44,5,341,1220,155,104,83,-1,-1
44,5,342,1227,152,103,82,-1,-1
44,5,343,1229,150,103,80,-1,-1
44,5,344,1236,147,99,77,-1,-1
44,5,345,1242,144,95,76,-1,-1
44,5,346,1247,141,95,76,-1,-1
44,5,347,1252,139,94,74,-1,-1
44,5,348,1257,136,92,73,-1,-1
44,5,349,1260,133,91,71,-1,-1
44,5,350,1266,130,89,71,-1,-1
44,5,351,1268,127,93,70,-1,-1
44,5,352,1273,125,89,70,-1,-1
44,5,353,1277,123,87,68,-1,-1
44,5,354,1281,121,86,66,-1,-1
44,5,355,1285,119,83,64,-1,-1
44,5,356,1289,117,82,63,-1,-1
44,5,357,1293,115,81,63,-1,-1
44,5,358,1298,112,77,64,-1,-1
44,5,359,1302,110,75,64,-1,-1
44,5,360,1303,108,75,63,-1,-1
44,5,361,1307,106,74,62,-1,-1
44,5,362,1312,105,71,61,-1,-1
44,5,363,1316,103,70,60,-1,-1
44,5,364,1318,101,69,59,-1,-1
44,5,365,1319,99,68,58,-1,-1
44,5,366,1322,98,67,57,-1,-1
44,5,367,1325,96,67,56,-1,-1
44,5,368,1330,95,65,56,-1,-1
44,5,369,1333,94,63,55,-1,-1
44,5,370,1334,92,64,55,-1,-1
44,5,371,1335,91,64,53,-1,-1
44,5,372,1338,90,64,52,-1,-1
44,5,373,1342,89,63,52,-1,-1
44,5,374,1345,88,61,51,-1,-1
44,5,375,1347,87,59,50,-1,-1
44,5,376,1348,86,59,49,-1,-1
44,5,377,1350,85,59,48,-1,-1
44,5,378,1353,84,59,47,-1,-1
44,5,379,1356,83,58,47,-1,-1
44,5,380,1358,82,57,46,-1,-1
44,5,381,1359,80,57,46,-1,-1
44,5,382,1361,79,57,46,-1,-1
44,5,383,1363,78,56,46,-1,-1
44,5,384,1367,77,54,46,-1,-1
44,5,385,1369,76,53,44,-1,-1
44,5,386,1370,75,53,44,-1,-1
44,5,387,1372,73,52,44,-1,-1
44,5,388,1374,73,52,43,-1,-1
44,5,389,1376,72,52,43,-1,-1
44,5,390,1378,71,51,43,-1,-1
44,5,391,1379,69,50,43,-1,-1
44,5,392,1380,69,50,42,-1,-1
44,5,393,1382,68,49,41,-1,-1
44,7,257,433,642,219,270,-1,-1
44,9,266,902,350,249,178,-1,-1
44,9,267,942,334,226,167,-1,-1
44,9,268,964,315,219,164,-1,-1
44,9,269,987,302,207,155,-1,-1
44,9,270,1013,293,195,142,-1,-1
44,9,271,1024,282,191,136,-1,-1
44,9,272,1038,274,189,130,-1,-1
44,9,273,1060,263,175,126,-1,-1
44,9,274,1074,253,166,121,-1,-1
44,9,275,1088,244,162,117,-1,-1
44,9,276,1103,237,162,112,-1,-1
44,9,277,1116,231,157,107,-1,-1
44,9,278,1129,224,151,102,-1,-1
44,9,279,1139,219,147,97,-1,-1
44,9,280,1150,211,141,95,-1,-1
44,9,281,1162,203,134,94,-1,-1
44,9,282,1170,199,130,90,-1,-1
44,9,283,1180,195,127,85,-1,-1
44,9,284,1188,189,122,85,-1,-1
44,9,285,1196,184,118,82,-1,-1
44,9,286,1205,182,115,79,-1,-1
44,9,287,1211,176,115,79,-1,-1
44,9,288,1218,172,113,77,-1,-1
44,9,289,1224,168,112,76,-1,-1
44,9,290,1230,165,106,75,-1,-1
44,9,291,1236,160,102,75,-1,-1
44,9,292,1243,156,98,74,-1,-1
44,9,293,1251,152,95,72,-1,-1
44,9,294,1255,149,92,70,-1,-1
44,9,295,1258,145,94,70,-1,-1
44,9,296,1262,143,92,67,-1,-1
44,9,297,1268,140,89,66,-1,-1
44,9,298,1273,137,89,65,-1,-1
44,9,299,1278,135,88,64,-1,-1
44,9,300,1281,132,88,63,-1,-1
44,9,301,1286,128,85,62,-1,-1
44,9,302,1289,126,83,61,-1,-1
44,9,303,1293,123,82,60,-1,-1
44,9,304,1298,122,81,58,-1,-1
44,9,305,1302,120,79,56,-1,-1
44,9,306,1304,118,77,56,-1,-1
44,9,307,1307,116,76,56,-1,-1
44,9,308,1311,113,75,55,-1,-1
44,9,309,1314,111,74,56,-1,-1
44,9,310,1317,110,73,56,-1,-1
44,9,311,1319,108,71,55,-1,-1
44,9,312,1321,107,71,53,-1,-1
44,9,313,1323,105,72,52,-1,-1
44,9,314,1327,103,70,51,-1,-1
44,9,315,1331,102,68,50,-1,-1
44,9,316,1333,101,67,50,-1,-1
44,9,317,1334,99,67,50,-1,-1
44,9,318,1336,97,66,49,-1,-1
44,9,319,1339,96,65,48,-1,-1
44,9,320,1342,95,63,47,-1,-1
44,9,321,1345,94,62,47,-1,-1
44,9,322,1347,92,62,48,-1,-1
44,9,323,1348,90,62,48,-1,-1
44,9,324,1350,89,62,47,-1,-1
44,9,325,1353,88,61,46,-1,-1
44,9,326,1356,87,60,45,-1,-1
44,9,327,1356,86,60,44,-1,-1
44,9,328,1358,84,60,44,-1,-1
44,9,329,1360,83,59,44,-1,-1
44,9,330,1362,82,58,43,-1,-1
44,9,331,1365,81,57,42,-1,-1
44,9,332,1368,80,55,42,-1,-1
44,9,333,1368,79,55,43,-1,-1
44,9,334,1369,78,55,42,-1,-1
44,9,335,1371,77,55,41,-1,-1
44,9,336,1374,76,53,41,-1,-1
44,9,337,1376,75,53,40,-1,-1
44,9,338,1377,74,53,40,-1,-1
44,11,967,1330,46,168,210,-1,-1
44,12,573,1256,292,147,130,-1,-1
44,12,574,1272,280,137,123,-1,-1
44,12,575,1280,264,140,128,-1,-1
44,12,576,1292,257,141,117,-1,-1
44,12,581,1331,210,127,97,-1,-1
44,12,582,1338,205,118,91,-1,-1
44,12,583,1340,201,115,84,-1,-1
44,12,584,1345,190,110,85,-1,-1
44,12,585,1352,182,101,84,-1,-1
44,12,586,1356,180,105,82,-1,-1
44,12,587,1362,176,106,80,-1,-1
44,12,588,1366,169,105,82,-1,-1
44,12,589,1370,162,102,81,-1,-1
44,12,590,1373,160,98,78,-1,-1
44,12,591,1378,157,95,75,-1,-1
44,12,592,1381,150,90,79,-1,-1
44,12,593,1385,146,84,76,-1,-1
44,12,594,1387,143,82,73,-1,-1
44,12,595,1390,138,86,74,-1,-1
44,12,596,1391,135,86,72,-1,-1
44,12,597,1393,133,87,70,-1,-1
44,12,598,1395,129,86,70,-1,-1
44,12,599,1398,127,84,69,-1,-1
44,12,600,1402,126,81,63,-1,-1
44,12,601,1404,123,81,62,-1,-1
44,12,602,1407,120,80,61,-1,-1
44,12,603,1407,117,79,62,-1,-1
44,12,604,1409,114,78,61,-1,-1
44,12,605,1411,113,75,60,-1,-1
44,12,606,1415,110,72,59,-1,-1
44,12,607,1418,107,70,58,-1,-1
44,12,608,1419,105,69,58,-1,-1
44,12,609,1419,104,70,58,-1,-1
44,12,610,1421,102,69,57,-1,-1
44,12,611,1423,101,68,57,-1,-1
44,12,612,1426,99,65,57,-1,-1
44,12,613,1428,97,63,56,-1,-1
44,12,614,1428,95,62,54,-1,-1
44,12,615,1429,93,61,52,-1,-1
44,12,616,1431,91,62,50,-1,-1
44,12,617,1433,90,61,49,-1,-1
44,12,618,1435,89,59,49,-1,-1
44,12,619,1436,87,58,49,-1,-1
44,12,620,1437,85,57,49,-1,-1
44,12,621,1438,84,56,48,-1,-1
44,12,622,1440,83,56,47,-1,-1
44,12,623,1441,81,56,46,-1,-1
44,12,624,1441,80,56,45,-1,-1
44,12,625,1442,78,56,45,-1,-1
44,12,626,1443,77,54,45,-1,-1
44,12,627,1445,76,53,45,-1,-1
44,12,628,1447,75,53,44,-1,-1
44,12,629,1447,74,52,44,-1,-1
44,12,630,1448,73,51,43,-1,-1
44,12,631,1449,72,51,44,-1,-1
44,12,632,1450,71,51,43,-1,-1
44,12,633,1451,70,50,43,-1,-1
44,12,634,1451,68,49,43,-1,-1
44,13,1163,1192,342,225,212,-1,-1
44,13,1164,1204,331,213,197,-1,-1
44,13,1165,1213,321,197,183,-1,-1
44,13,1166,1226,305,173,177,-1,-1
44,13,1167,1236,287,169,180,-1,-1
44,13,1168,1249,278,157,168,-1,-1
44,13,1169,1255,267,156,165,-1,-1
44,13,1170,1267,261,147,156,-1,-1
44,13,1171,1272,257,142,148,-1,-1
44,13,1172,1283,250,134,141,-1,-1
44,13,1173,1291,244,133,134,-1,-1
44,13,1174,1293,240,129,124,-1,-1
44,13,1175,1300,235,121,120,-1,-1
44,13,1176,1306,230,117,114,-1,-1
44,13,1177,1313,218,113,115,-1,-1
44,13,1178,1318,211,128,113,-1,-1
44,13,1179,1324,206,123,108,-1,-1
44,13,1180,1327,202,115,104,-1,-1
44,13,1181,1331,196,106,99,-1,-1
44,13,1182,1335,189,105,107,-1,-1
44,13,1183,1339,185,107,104,-1,-1
44,13,1184,1343,181,102,103,-1,-1
44,13,1185,1347,181,101,96,-1,-1
44,13,1186,1347,177,101,93,-1,-1
44,13,1187,1351,176,103,87,-1,-1
44,13,1188,1354,173,107,83,-1,-1
44,13,1189,1358,167,105,87,-1,-1
44,13,1190,1363,161,103,88,-1,-1
44,13,1191,1366,151,95,92,-1,-1
44,13,1192,1370,145,93,92,-1,-1
44,13,1193,1371,143,89,92,-1,-1
44,13,1194,1374,140,90,91,-1,-1
44,13,1195,1377,137,85,86,-1,-1
44,13,1196,1379,135,82,84,-1,-1
44,13,1197,1382,134,80,81,-1,-1
44,13,1198,1383,130,82,82,-1,-1
44,13,1199,1387,129,81,78,-1,-1
44,13,1200,1391,129,82,75,-1,-1
44,13,1201,1391,127,86,73,-1,-1
44,13,1202,1392,127,87,71,-1,-1
44,13,1203,1394,123,85,70,-1,-1
44,13,1204,1396,124,84,61,-1,-1
44,13,1205,1398,122,82,57,-1,-1
44,13,1206,1400,116,82,65,-1,-1
44,13,1207,1403,114,81,64,-1,-1
44,13,1208,1405,112,79,66,-1,-1
44,13,1209,1407,111,77,64,-1,-1
44,13,1210,1410,108,75,65,-1,-1
44,13,1211,1410,107,76,65,-1,-1
44,13,1212,1412,106,75,64,-1,-1
44,13,1213,1412,105,74,63,-1,-1
44,13,1214,1413,103,72,63,-1,-1
44,13,1215,1417,103,69,59,-1,-1
44,13,1216,1420,105,66,54,-1,-1
44,13,1217,1421,101,66,57,-1,-1
44,13,1218,1421,99,66,54,-1,-1
44,13,1219,1421,98,65,54,-1,-1
44,13,1220,1422,96,66,57,-1,-1
44,13,1221,1425,95,66,58,-1,-1
44,13,1222,1427,94,65,58,-1,-1
44,13,1223,1428,92,65,56,-1,-1
44,13,1224,1429,90,62,55,-1,-1
44,13,1225,1430,88,61,54,-1,-1
44,13,1226,1431,87,60,54,-1,-1
44,13,1227,1433,86,59,53,-1,-1
44,13,1228,1434,86,59,51,-1,-1
44,13,1229,1435,85,58,50,-1,-1
44,13,1230,1436,83,57,50,-1,-1
44,13,1231,1437,82,57,49,-1,-1
44,13,1232,1438,81,57,49,-1,-1
44,13,1233,1439,80,56,47,-1,-1
44,13,1234,1439,79,55,47,-1,-1
44,13,1235,1440,78,55,47,-1,-1
44,13,1236,1442,77,54,47,-1,-1
44,13,1237,1443,76,54,48,-1,-1
44,13,1238,1443,75,55,48,-1,-1
44,13,1239,1443,74,55,47,-1,-1
44,13,1240,1444,74,54,46,-1,-1
44,13,1241,1445,73,54,45,-1,-1
44,13,1242,1447,72,52,46,-1,-1
44,13,1243,1449,71,51,46,-1,-1
44,13,1244,1449,71,50,45,-1,-1
44,13,1245,1449,70,50,44,-1,-1
44,13,1246,1450,69,49,44,-1,-1
44,13,1247,1451,68,49,44,-1,-1
44,13,1248,1451,67,49,43,-1,-1
44,14,940,1141,170,325,402,-1,-1
44,14,941,1157,154,317,400,-1,-1
44,14,942,1161,139,311,399,-1,-1
44,14,944,1184,97,296,385,-1,-1
44,14,945,1201,84,282,382,-1,-1
44,14,946,1211,73,274,374,-1,-1
44,15,559,841,368,256,196,-1,-1
44,15,560,873,354,236,182,-1,-1
44,15,561,901,335,227,180,-1,-1
44,15,562,929,321,183,171,-1,-1
44,15,563,952,309,182,164,-1,-1
44,15,564,974,303,145,147,-1,-1
44,15,565,994,295,134,137,-1,-1
44,15,566,1016,285,122,131,-1,-1
44,15,567,1026,272,182,126,-1,-1
44,15,568,1044,263,172,122,-1,-1
44,15,569,1057,255,164,119,-1,-1
44,15,570,1070,247,164,116,-1,-1
44,15,571,1084,239,158,110,-1,-1
44,15,572,1096,234,152,106,-1,-1
44,15,573,1108,227,148,103,-1,-1
44,15,574,1122,228,95,94,-1,-1
44,15,575,1132,219,94,93,-1,-1
44,15,576,1144,211,90,91,-1,-1
44,15,577,1151,204,130,90,-1,-1
44,15,578,1161,198,125,88,-1,-1
44,15,579,1171,196,115,83,-1,-1
44,15,580,1179,191,113,79,-1,-1
44,15,581,1188,187,109,78,-1,-1
44,15,582,1192,184,105,76,-1,-1
44,15,583,1200,180,102,73,-1,-1
44,15,584,1207,176,95,72,-1,-1
44,15,585,1212,172,95,72,-1,-1
44,15,586,1220,167,93,72,-1,-1
44,15,587,1225,162,97,71,-1,-1
44,15,588,1230,160,93,69,-1,-1
44,15,589,1236,156,95,68,-1,-1
44,15,590,1241,151,92,69,-1,-1
44,15,591,1244,150,91,66,-1,-1
44,15,592,1250,146,89,66,-1,-1
44,15,593,1253,144,88,65,-1,-1
44,15,594,1259,141,87,64,-1,-1
44,15,595,1263,138,86,62,-1,-1
44,15,596,1268,135,85,61,-1,-1
44,15,597,1271,132,84,61,-1,-1
44,15,598,1275,129,82,60,-1,-1
44,15,599,1278,127,81,60,-1,-1
44,15,600,1283,126,78,59,-1,-1
44,15,601,1287,124,77,56,-1,-1
44,15,602,1290,122,76,54,-1,-1
44,15,603,1293,120,74,56,-1,-1
44,15,604,1297,117,72,56,-1,-1
44,15,605,1300,116,71,55,-1,-1
44,15,606,1304,114,70,54,-1,-1
44,15,607,1306,113,71,52,-1,-1
44,15,608,1309,111,70,51,-1,-1
44,15,609,1311,109,68,51,-1,-1
44,15,610,1314,107,67,51,-1,-1
44,15,611,1318,105,65,51,-1,-1
44,15,612,1321,104,65,50,-1,-1
44,15,613,1323,103,64,49,-1,-1
44,15,614,1325,101,63,49,-1,-1
44,15,615,1328,99,62,48,-1,-1
44,15,616,1331,98,61,47,-1,-1
44,15,617,1333,97,60,47,-1,-1
44,15,618,1335,96,60,45,-1,-1
44,15,619,1336,95,60,44,-1,-1
44,15,620,1338,93,59,45,-1,-1
44,15,621,1340,91,59,45,-1,-1
44,15,622,1343,90,59,44,-1,-1
44,15,623,1345,89,58,44,-1,-1
44,15,624,1347,88,57,44,-1,-1
44,15,625,1349,86,56,44,-1,-1
44,15,626,1351,85,56,43,-1,-1
44,15,627,1354,85,55,42,-1,-1
44,15,628,1355,84,55,41,-1,-1
44,15,629,1356,83,54,40,-1,-1
44,15,630,1358,82,53,40,-1,-1
44,15,631,1360,80,52,41,-1,-1
44,15,632,1363,79,51,41,-1,-1
44,15,633,1365,78,51,40,-1,-1
44,15,634,1366,77,51,40,-1,-1
44,16,1004,737,440,280,197,-1,-1
44,16,1005,752,429,301,182,-1,-1
44,16,1007,830,387,274,171,-1,-1
44,16,1008,858,369,267,164,-1,-1
44,16,1011,943,327,223,142,-1,-1
44,16,1012,953,313,222,139,-1,-1
44,16,1013,977,305,206,133,-1,-1
44,16,1014,987,295,212,129,-1,-1
44,16,1015,1007,287,193,125,-1,-1
44,16,1016,1021,277,188,123,-1,-1
44,16,1017,1036,269,178,117,-1,-1
44,16,1018,1050,258,171,118,-1,-1
44,16,1019,1064,255,168,112,-1,-1
44,16,1020,1077,247,165,111,-1,-1
44,16,1021,1084,241,161,106,-1,-1
44,16,1022,1097,233,156,104,-1,-1
44,16,1023,1109,225,150,105,-1,-1
44,16,1024,1118,223,147,100,-1,-1
44,16,1025,1128,218,140,95,-1,-1
44,16,1026,1138,213,135,91,-1,-1
44,16,1027,1145,206,133,93,-1,-1
44,16,1028,1154,200,131,91,-1,-1
44,16,1029,1162,198,127,88,-1,-1
44,16,1030,1170,193,124,85,-1,-1
44,16,1031,1174,188,123,86,-1,-1
44,16,1032,1182,185,116,84,-1,-1
44,16,1033,1188,182,117,80,-1,-1
44,16,1034,1195,179,114,77,-1,-1
44,16,1035,1203,175,111,76,-1,-1
44,16,1036,1208,171,109,76,-1,-1
44,16,1037,1213,167,106,77,-1,-1
44,16,1038,1219,164,106,75,-1,-1
44,16,1039,1226,160,104,74,-1,-1
44,16,1040,1231,156,103,74,-1,-1
44,16,1041,1237,153,100,73,-1,-1
44,16,1042,1241,150,97,71,-1,-1
44,16,1043,1244,148,95,70,-1,-1
44,16,1044,1250,145,92,72,-1,-1
44,16,1045,1252,142,96,73,-1,-1
44,16,1046,1257,141,94,70,-1,-1
44,16,1047,1260,137,95,71,-1,-1
44,16,1048,1263,135,92,69,-1,-1
44,16,1049,1267,132,92,68,-1,-1
44,16,1050,1271,130,91,68,-1,-1
44,16,1051,1276,128,88,63,-1,-1
44,16,1052,1280,126,87,63,-1,-1
44,16,1053,1282,123,86,64,-1,-1
44,16,1054,1285,121,84,62,-1,-1
44,16,1055,1289,120,83,60,-1,-1
44,16,1056,1294,119,79,59,-1,-1
44,16,1057,1299,117,74,61,-1,-1
44,16,1058,1301,114,74,61,-1,-1
44,16,1059,1305,113,73,61,-1,-1
44,16,1060,1305,112,74,60,-1,-1
44,16,1061,1308,110,73,61,-1,-1
44,16,1062,1312,108,71,61,-1,-1
44,16,1063,1314,106,71,60,-1,-1
44,16,1064,1316,105,70,58,-1,-1
44,16,1065,1319,104,69,57,-1,-1
44,16,1066,1322,103,68,56,-1,-1
44,16,1067,1325,101,67,56,-1,-1
44,16,1068,1326,99,67,56,-1,-1
44,16,1069,1327,98,67,53,-1,-1
44,16,1070,1329,97,66,53,-1,-1
44,16,1071,1332,96,65,53,-1,-1
44,16,1072,1335,95,63,52,-1,-1
44,16,1073,1337,94,62,51,-1,-1
44,16,1074,1338,93,62,50,-1,-1
44,16,1075,1340,92,62,50,-1,-1
44,16,1076,1342,90,62,50,-1,-1
44,16,1077,1345,89,60,50,-1,-1
44,16,1078,1347,88,60,49,-1,-1
44,16,1079,1348,87,59,48,-1,-1
44,16,1080,1348,86,59,47,-1,-1
44,16,1081,1350,85,59,47,-1,-1
44,16,1082,1353,85,57,46,-1,-1
44,16,1083,1356,84,56,45,-1,-1
44,16,1084,1356,83,56,44,-1,-1
44,16,1085,1357,82,56,44,-1,-1
44,16,1086,1358,81,55,44,-1,-1
44,16,1087,1360,80,55,44,-1,-1
44,16,1088,1362,79,55,44,-1,-1
44,16,1089,1364,78,54,44,-1,-1
44,16,1090,1365,77,54,44,-1,-1
44,16,1091,1366,76,54,43,-1,-1
44,16,1092,1368,75,53,43,-1,-1
44,16,1093,1370,74,53,43,-1,-1
44,16,1094,1372,74,52,42,-1,-1
44,16,1095,1372,73,51,42,-1,-1
44,16,1096,1373,73,51,41,-1,-1
44,16,1098,1376,72,50,40,-1,-1
44,18,1253,831,332,274,222,-1,-1
44,18,1254,859,324,263,202,-1,-1
44,18,1255,888,307,250,191,-1,-1
44,18,1256,913,296,238,184,-1,-1
44,18,1257,941,287,224,170,-1,-1
44,18,1258,961,277,214,161,-1,-1
44,18,1259,979,264,205,161,-1,-1
44,18,1260,1001,257,190,152,-1,-1
44,18,1261,1018,247,178,146,-1,-1
44,18,1262,1033,240,174,140,-1,-1
44,18,1263,1048,232,168,136,-1,-1
44,18,1264,1060,224,167,130,-1,-1
44,18,1265,1073,219,164,125,-1,-1
44,18,1266,1084,212,158,124,-1,-1
44,18,1267,1097,205,153,121,-1,-1
44,18,1268,1109,199,144,117,-1,-1
44,18,1269,1121,196,137,111,-1,-1
44,18,1270,1131,193,131,105,-1,-1
44,18,1271,1141,189,129,101,-1,-1
44,18,1272,1150,181,125,102,-1,-1
44,18,1273,1159,176,119,99,-1,-1
44,18,1274,1167,170,117,100,-1,-1
44,18,1275,1173,167,115,97,-1,-1
44,18,1276,1180,164,114,95,-1,-1
44,18,1277,1188,159,110,93,-1,-1
44,18,1278,1195,157,107,90,-1,-1
44,18,1279,1201,153,107,89,-1,-1
44,18,1280,1208,150,105,88,-1,-1
44,18,1281,1213,146,103,85,-1,-1
44,18,1282,1219,143,100,84,-1,-1
44,18,1283,1224,139,97,84,-1,-1
44,18,1284,1229,136,96,83,-1,-1
44,18,1285,1235,135,94,80,-1,-1
44,18,1286,1241,132,92,80,-1,-1
44,18,1287,1244,130,92,78,-1,-1
44,18,1288,1250,127,88,76,-1,-1
44,18,1289,1253,125,90,75,-1,-1
44,18,1290,1259,123,86,74,-1,-1
44,18,1291,1262,121,86,73,-1,-1
44,18,1292,1267,118,84,72,-1,-1
44,18,1293,1269,116,82,72,-1,-1
44,18,1294,1272,113,83,73,-1,-1
44,18,1295,1276,111,83,72,-1,-1
44,18,1296,1281,109,79,70,-1,-1
44,18,1297,1286,107,77,71,-1,-1
44,18,1298,1288,105,76,71,-1,-1
44,18,1299,1291,103,75,70,-1,-1
44,18,1300,1295,102,73,70,-1,-1
44,18,1301,1298,100,72,68,-1,-1
44,18,1302,1301,99,72,67,-1,-1
44,18,1303,1303,98,71,66,-1,-1
44,18,1304,1306,97,69,65,-1,-1
44,18,1305,1309,96,67,63,-1,-1
44,18,1306,1312,94,66,63,-1,-1
44,18,1307,1315,92,65,63,-1,-1
44,18,1308,1317,91,64,62,-1,-1
44,18,1309,1319,90,63,61,-1,-1
44,18,1310,1321,88,63,61,-1,-1
44,18,1311,1323,88,62,60,-1,-1
44,18,1312,1326,87,61,59,-1,-1
44,18,1313,1328,86,60,59,-1,-1
44,18,1314,1331,84,59,59,-1,-1
44,18,1315,1333,82,59,59,-1,-1
44,18,1316,1335,81,59,59,-1,-1
44,18,1317,1338,79,58,58,-1,-1
44,18,1318,1340,79,57,57,-1,-1
44,18,1319,1342,78,57,56,-1,-1
44,18,1320,1343,77,56,55,-1,-1
44,18,1321,1345,76,55,54,-1,-1
44,18,1322,1348,75,54,54,-1,-1
44,18,1323,1350,75,53,54,-1,-1
44,18,1324,1352,74,53,53,-1,-1
44,18,1325,1353,73,52,53,-1,-1
44,18,1326,1355,73,51,53,-1,-1
44,18,1327,1357,72,52,52,-1,-1
44,18,1328,1359,71,52,51,-1,-1
44,18,1329,1360,69,51,52,-1,-1
44,18,1330,1361,68,50,51,-1,-1
44,18,1331,1363,68,49,50,-1,-1
44,18,1332,1364,67,48,50,-1,-1
44,18,1333,1367,67,48,49,-1,-1
44,18,1334,1369,66,47,48,-1,-1
44,18,1335,1370,65,46,48,-1,-1
44,18,1336,1371,64,46,47,-1,-1
44,18,1337,1372,63,46,47,-1,-1
44,18,1338,1373,62,45,47,-1,-1
44,18,1339,1375,62,45,46,-1,-1
44,18,1340,1377,61,45,46,-1,-1
44,19,1154,919,377,240,184,-1,-1
44,19,1155,938,362,229,182,-1,-1
44,19,1157,1009,330,185,163,-1,-1
44,19,1158,1022,316,175,152,-1,-1
44,19,1159,1027,308,185,144,-1,-1
44,19,1160,1043,297,178,141,-1,-1
44,19,1161,1069,286,155,133,-1,-1
44,19,1162,1084,277,153,130,-1,-1
44,19,1163,1094,271,155,125,-1,-1
44,19,1164,1108,260,148,127,-1,-1
44,19,1165,1118,253,144,121,-1,-1
44,19,1166,1122,248,154,118,-1,-1
44,19,1167,1134,239,151,116,-1,-1
44,19,1168,1143,233,147,108,-1,-1
44,19,1169,1160,227,136,107,-1,-1
44,19,1170,1166,219,137,104,-1,-1
44,19,1171,1175,214,132,99,-1,-1
44,19,1172,1184,210,123,94,-1,-1
44,19,1173,1193,204,107,90,-1,-1
44,19,1174,1199,200,103,86,-1,-1
44,19,1175,1209,195,97,81,-1,-1
44,19,1176,1216,193,90,77,-1,-1
44,19,1177,1222,188,91,75,-1,-1
44,19,1178,1228,183,97,74,-1,-1
44,19,1179,1233,181,97,75,-1,-1
44,19,1180,1237,177,95,82,-1,-1
44,19,1181,1245,172,85,78,-1,-1
44,19,1182,1254,165,82,78,-1,-1
44,19,1183,1258,164,83,69,-1,-1
44,19,1184,1262,161,80,68,-1,-1
44,19,1185,1267,159,80,68,-1,-1
44,19,1186,1269,155,84,66,-1,-1
44,19,1187,1271,152,82,68,-1,-1
44,19,1188,1275,151,81,60,-1,-1
44,19,1198,1318,126,62,52,-1,-1
44,19,1199,1319,124,64,51,-1,-1
44,19,1200,1322,122,63,52,-1,-1
44,19,1201,1325,121,62,50,-1,-1
44,19,1202,1327,119,62,49,-1,-1
44,19,1203,1329,116,62,49,-1,-1
44,19,1204,1332,115,60,49,-1,-1
44,19,1205,1335,113,60,50,-1,-1
44,19,1206,1337,112,59,50,-1,-1
44,19,1207,1339,110,58,49,-1,-1
44,19,1208,1341,108,56,49,-1,-1
44,19,1209,1344,107,57,48,-1,-1
44,19,1210,1346,106,57,48,-1,-1
44,19,1211,1348,104,57,46,-1,-1
44,19,1212,1350,103,55,45,-1,-1
44,19,1213,1352,101,54,46,-1,-1
44,19,1214,1353,99,54,46,-1,-1
44,19,1215,1355,99,52,43,-1,-1
44,19,1216,1358,98,49,42,-1,-1
44,19,1217,1361,97,49,43,-1,-1
44,19,1218,1361,95,50,43,-1,-1
44,19,1219,1362,94,50,42,-1,-1
44,19,1220,1363,93,50,41,-1,-1
44,19,1221,1365,92,51,41,-1,-1
44,19,1222,1367,90,51,41,-1,-1
44,19,1223,1368,89,50,41,-1,-1
44,19,1224,1368,88,51,42,-1,-1
44,19,1225,1369,86,50,42,-1,-1
44,20,2387,740,450,292,207,-1,-1
44,20,2388,779,428,265,184,-1,-1
44,20,2389,828,400,237,183,-1,-1
44,20,2390,863,385,218,172,-1,-1
44,20,2391,888,367,213,161,-1,-1
44,20,2392,915,351,207,151,-1,-1
44,20,2393,936,340,204,141,-1,-1
44,20,2394,965,329,193,129,-1,-1
44,20,2395,992,314,177,123,-1,-1
44,20,2396,1008,303,174,120,-1,-1
44,20,2397,1024,291,166,115,-1,-1
44,20,2398,1039,283,160,109,-1,-1
44,20,2399,1058,273,152,106,-1,-1
44,20,2400,1073,262,146,104,-1,-1
44,20,2401,1086,251,142,105,-1,-1
44,20,2402,1099,244,138,102,-1,-1
44,20,2403,1109,238,135,96,-1,-1
44,20,2404,1119,231,136,90,-1,-1
44,20,2405,1131,225,131,89,-1,-1
44,20,2406,1146,219,124,85,-1,-1
44,20,2407,1153,213,120,84,-1,-1
44,20,2408,1164,206,114,83,-1,-1
44,20,2409,1173,201,110,80,-1,-1
44,20,2410,1181,198,106,76,-1,-1
44,20,2411,1188,192,105,76,-1,-1
44,20,2412,1195,186,105,76,-1,-1
44,20,2413,1203,182,102,73,-1,-1
44,20,2414,1209,180,100,70,-1,-1
44,20,2415,1216,174,99,73,-1,-1
44,20,2416,1225,171,93,67,-1,-1
44,20,2417,1230,168,93,65,-1,-1
44,20,2418,1237,163,91,66,-1,-1
44,20,2419,1241,159,89,65,-1,-1
44,20,2420,1247,156,87,63,-1,-1
44,20,2421,1254,153,82,61,-1,-1
44,20,2422,1258,150,83,60,-1,-1
44,20,2423,1263,146,80,60,-1,-1
44,20,2424,1268,145,78,58,-1,-1
44,20,2425,1273,141,78,58,-1,-1
44,20,2426,1277,138,78,56,-1,-1
44,20,2427,1281,135,78,56,-1,-1
44,20,2428,1286,133,76,55,-1,-1
44,20,2429,1288,131,75,53,-1,-1
44,20,2430,1294,128,71,52,-1,-1
44,20,2431,1300,126,69,51,-1,-1
44,20,2432,1304,124,67,51,-1,-1
44,20,2433,1307,122,67,51,-1,-1
44,20,2434,1309,121,66,50,-1,-1
44,20,2435,1312,119,65,49,-1,-1
44,20,2436,1316,117,65,49,-1,-1
44,20,2437,1319,114,64,50,-1,-1
44,20,2438,1322,113,63,48,-1,-1
44,20,2439,1324,111,62,47,-1,-1
44,20,2440,1326,109,61,47,-1,-1
44,20,2441,1329,107,61,47,-1,-1
44,20,2442,1333,106,60,45,-1,-1
44,20,2443,1337,104,58,44,-1,-1
44,20,2444,1338,102,58,44,-1,-1
44,20,2445,1340,100,57,44,-1,-1
44,20,2446,1343,99,55,44,-1,-1
44,20,2447,1346,98,55,43,-1,-1
44,20,2448,1349,97,55,42,-1,-1
44,20,2449,1351,95,55,42,-1,-1
44,20,2450,1352,94,54,42,-1,-1
44,20,2451,1354,93,52,41,-1,-1
44,20,2452,1357,92,52,41,-1,-1
44,20,2453,1359,90,52,40,-1,-1
44,20,2455,1363,88,51,39,-1,-1
44,22,1173,773,360,284,205,-1,-1
44,22,1174,811,348,256,196,-1,-1
44,22,1175,844,334,255,182,-1,-1
44,22,1176,870,320,250,175,-1,-1
44,22,1177,896,312,228,159,-1,-1
44,22,1178,925,301,227,151,-1,-1
44,22,1179,945,290,221,144,-1,-1
44,22,1180,964,279,216,139,-1,-1
44,22,1181,982,271,205,135,-1,-1
44,22,1182,1000,258,196,133,-1,-1
44,22,1183,1010,253,187,127,-1,-1
44,22,1184,1030,247,173,120,-1,-1
44,22,1185,1044,239,163,117,-1,-1
44,22,1186,1055,232,163,113,-1,-1
44,22,1187,1069,224,159,113,-1,-1
44,22,1188,1079,219,159,109,-1,-1
44,22,1189,1091,212,154,107,-1,-1
44,22,1190,1102,205,151,105,-1,-1
44,22,1191,1112,199,146,102,-1,-1
44,22,1192,1121,195,140,99,-1,-1
44,22,1193,1132,191,134,96,-1,-1
44,22,1194,1140,186,133,93,-1,-1
44,22,1195,1150,183,128,90,-1,-1
44,22,1196,1156,179,128,88,-1,-1
44,22,1197,1165,175,122,86,-1,-1
44,22,1198,1172,170,120,85,-1,-1
44,22,1199,1179,167,118,83,-1,-1
44,22,1200,1187,165,114,81,-1,-1
44,22,1201,1194,160,112,80,-1,-1
44,22,1202,1199,155,110,80,-1,-1
44,22,1203,1205,152,104,79,-1,-1
44,22,1204,1211,151,98,76,-1,-1
44,22,1205,1218,148,98,73,-1,-1
44,22,1206,1223,146,99,72,-1,-1
44,22,1207,1228,143,97,71,-1,-1
44,22,1208,1232,141,95,69,-1,-1
44,22,1209,1238,138,95,68,-1,-1
44,22,1210,1243,136,93,67,-1,-1
44,22,1211,1248,134,92,65,-1,-1
44,22,1212,1253,132,82,63,-1,-1
44,22,1213,1257,129,88,63,-1,-1
44,22,1214,1261,127,87,62,-1,-1
44,22,1215,1265,126,85,60,-1,-1
44,22,1216,1268,125,89,61,-1,-1
44,22,1217,1273,123,84,59,-1,-1
44,22,1218,1276,121,82,57,-1,-1
44,22,1219,1280,119,78,55,-1,-1
44,22,1220,1283,118,78,54,-1,-1
44,22,1221,1287,116,75,54,-1,-1
44,22,1222,1290,113,75,54,-1,-1
44,22,1223,1294,110,74,54,-1,-1
44,22,1224,1296,109,73,53,-1,-1
44,22,1225,1298,109,73,52,-1,-1
44,22,1226,1301,107,72,52,-1,-1
44,22,1227,1304,105,72,52,-1,-1
44,22,1228,1307,103,71,52,-1,-1
44,22,1229,1308,101,70,53,-1,-1
44,22,1230,1311,100,68,53,-1,-1
44,22,1231,1314,98,67,52,-1,-1
44,22,1232,1317,97,66,53,-1,-1
44,22,1233,1319,96,65,52,-1,-1
44,22,1234,1320,94,65,50,-1,-1
44,22,1235,1322,93,65,49,-1,-1
44,22,1236,1325,92,64,49,-1,-1
44,22,1237,1327,91,62,49,-1,-1
44,22,1238,1330,90,61,49,-1,-1
44,22,1239,1331,89,61,48,-1,-1
44,22,1240,1333,88,61,47,-1,-1
44,22,1241,1335,87,60,46,-1,-1
44,22,1242,1337,86,59,47,-1,-1
44,22,1243,1339,85,59,47,-1,-1
44,22,1244,1341,84,59,46,-1,-1
44,22,1245,1342,83,59,45,-1,-1
44,22,1246,1344,82,58,44,-1,-1
44,22,1247,1347,81,57,43,-1,-1
44,22,1248,1349,80,54,44,-1,-1
44,22,1249,1351,78,54,44,-1,-1
44,22,1250,1352,77,55,43,-1,-1
44,22,1254,1358,74,51,39,-1,-1
44,23,943,1176,109,301,396,-1,-1
44,23,947,1218,78,268,301,-1,-1
44,23,948,1232,71,256,283,-1,-1
44,23,949,1241,70,249,295,-1,-1
44,23,950,1247,69,244,296,-1,-1
44,23,951,1256,66,237,302,-1,-1
44,23,952,1258,65,234,303,-1,-1
44,23,953,1262,62,230,295,-1,-1
44,23,954,1274,60,220,293,-1,-1
44,23,955,1285,58,211,291,-1,-1
44,23,956,1290,52,206,278,-1,-1
44,23,957,1298,49,198,266,-1,-1
44,23,958,1302,48,194,266,-1,-1
44,23,959,1304,50,191,260,-1,-1
44,23,960,1307,48,190,245,-1,-1
44,23,961,1311,48,185,243,-1,-1
44,23,962,1316,47,180,240,-1,-1
44,23,963,1318,47,178,229,-1,-1
44,23,964,1321,49,176,221,-1,-1
44,23,965,1326,48,172,219,-1,-1
44,23,966,1330,46,168,213,-1,-1
44,23,968,1332,45,167,209,-1,-1
44,23,969,1342,48,157,198,-1,-1
44,23,970,1345,46,156,197,-1,-1
44,23,971,1348,43,153,196,-1,-1
44,23,972,1350,42,150,191,-1,-1
44,23,973,1352,41,147,186,-1,-1
44,23,974,1355,40,144,181,-1,-1
44,23,975,1361,39,139,177,-1,-1
44,23,976,1365,38,136,176,-1,-1
44,23,977,1365,36,136,173,-1,-1
44,23,978,1366,34,135,171,-1,-1
44,23,979,1367,33,133,171,-1,-1
44,23,980,1371,34,130,170,-1,-1
44,23,981,1375,35,127,165,-1,-1
44,23,982,1377,35,125,163,-1,-1
44,23,983,1378,33,123,161,-1,-1
44,23,984,1380,32,121,158,-1,-1
44,23,985,1382,32,119,155,-1,-1
44,23,986,1384,32,117,152,-1,-1
44,23,987,1387,32,115,151,-1,-1
44,23,988,1388,31,114,148,-1,-1
44,23,989,1390,31,112,145,-1,-1
44,23,990,1390,30,112,143,-1,-1
44,23,991,1392,30,111,141,-1,-1
44,23,992,1395,30,108,139,-1,-1
44,23,993,1396,30,107,139,-1,-1
44,23,994,1397,29,105,138,-1,-1
44,23,995,1398,28,103,135,-1,-1
44,23,996,1399,27,102,132,-1,-1
44,23,997,1403,27,101,130,-1,-1
44,23,998,1405,27,101,127,-1,-1
44,23,999,1406,27,100,126,-1,-1
44,23,1000,1405,26,99,124,-1,-1
44,23,1001,1406,26,99,123,-1,-1
44,23,1002,1408,25,98,121,-1,-1
44,23,1003,1410,25,96,120,-1,-1
44,23,1004,1412,25,95,119,-1,-1
44,23,1005,1411,24,95,118,-1,-1
44,23,1006,1412,24,94,117,-1,-1
44,23,1007,1413,23,93,116,-1,-1
44,23,1008,1417,23,90,115,-1,-1
44,23,1009,1418,23,89,114,-1,-1
44,23,1010,1417,23,89,113,-1,-1
44,23,1011,1416,23,89,112,-1,-1
44,23,1012,1416,23,89,110,-1,-1
44,23,1013,1419,23,87,108,-1,-1
44,23,1014,1421,23,85,107,-1,-1
44,23,1015,1422,23,85,105,-1,-1
44,23,1016,1422,22,85,105,-1,-1
44,23,1017,1423,21,84,104,-1,-1
44,23,1018,1425,21,82,102,-1,-1
44,23,1019,1427,21,80,101,-1,-1
44,23,1020,1429,21,78,100,-1,-1
44,23,1021,1429,20,78,99,-1,-1
44,23,1022,1429,21,78,98,-1,-1
44,23,1023,1429,21,78,98,-1,-1
44,23,1024,1431,21,78,96,-1,-1
44,23,1025,1432,21,77,95,-1,-1
44,23,1026,1432,18,76,97,-1,-1
44,23,1027,1433,18,75,96,-1,-1
44,23,1028,1434,18,74,95,-1,-1
44,23,1029,1436,17,73,95,-1,-1
44,23,1030,1437,17,72,94,-1,-1
44,23,1031,1437,16,72,94,-1,-1
44,23,1032,1437,16,73,93,-1,-1
44,23,1033,1437,15,73,93,-1,-1
44,23,1034,1439,15,72,93,-1,-1
44,23,1035,1440,15,71,92,-1,-1
44,23,1036,1441,15,71,91,-1,-1
44,23,1037,1441,15,71,90,-1,-1
44,23,1038,1441,15,70,90,-1,-1
44,23,1039,1442,15,69,88,-1,-1
44,23,1040,1444,15,68,88,-1,-1
44,23,1041,1445,14,67,88,-1,-1
44,23,1042,1445,14,67,87,-1,-1
44,23,1043,1445,14,67,86,-1,-1
44,23,1044,1445,14,66,85,-1,-1
44,23,1045,1446,13,66,86,-1,-1
44,23,1046,1447,13,66,85,-1,-1
44,23,1047,1447,13,66,84,-1,-1
44,23,1048,1447,13,66,84,-1,-1
44,23,1049,1447,12,66,84,-1,-1
44,23,1050,1448,12,65,82,-1,-1
44,23,1051,1450,12,64,81,-1,-1
44,23,1052,1451,12,64,80,-1,-1
44,23,1053,1451,12,64,80,-1,-1
44,23,1054,1451,11,63,80,-1,-1
44,23,1055,1451,11,63,79,-1,-1
44,23,1056,1453,11,62,77,-1,-1
44,23,1057,1454,12,62,75,-1,-1
44,23,1058,1454,12,62,74,-1,-1
44,23,1059,1454,12,61,74,-1,-1
44,23,1060,1455,12,60,74,-1,-1
44,23,1061,1456,11,60,74,-1,-1
44,23,1062,1457,11,59,74,-1,-1
44,23,1063,1457,10,59,74,-1,-1
44,23,1064,1457,10,59,73,-1,-1
44,23,1065,1458,10,58,72,-1,-1
44,23,1066,1458,10,59,71,-1,-1
44,23,1067,1459,10,59,70,-1,-1
44,23,1068,1459,10,59,71,-1,-1
44,23,1069,1459,9,59,71,-1,-1
44,23,1070,1459,8,59,71,-1,-1
44,23,1071,1460,8,58,70,-1,-1
44,23,1072,1461,8,58,69,-1,-1
44,23,1073,1462,8,58,69,-1,-1
44,23,1074,1463,8,57,69,-1,-1
44,23,1075,1463,8,56,68,-1,-1
44,23,1076,1463,8,56,68,-1,-1
44,23,1077,1464,7,55,68,-1,-1
44,23,1078,1465,7,55,68,-1,-1
44,23,1079,1466,7,54,68,-1,-1
44,23,1080,1466,7,54,68,-1,-1
44,23,1081,1466,7,54,67,-1,-1
44,23,1082,1467,7,53,66,-1,-1
44,23,1083,1468,7,52,65,-1,-1
44,23,1084,1468,7,52,64,-1,-1
44,23,1085,1468,7,52,64,-1,-1
44,23,1086,1468,7,52,63,-1,-1
44,23,1087,1469,7,52,63,-1,-1
44,23,1088,1471,7,51,63,-1,-1
44,23,1089,1472,6,50,63,-1,-1
44,23,1090,1472,6,50,63,-1,-1
44,23,1091,1472,6,50,62,-1,-1
44,23,1092,1472,6,50,62,-1,-1
44,23,1093,1473,6,50,61,-1,-1
44,23,1094,1474,6,49,61,-1,-1
44,23,1095,1474,6,49,60,-1,-1
44,23,1096,1474,6,49,60,-1,-1
44,23,1097,1474,6,49,58,-1,-1
44,23,1098,1475,6,48,58,-1,-1
44,23,1099,1476,5,48,58,-1,-1
44,23,1100,1476,5,48,58,-1,-1
44,23,1101,1476,5,48,57,-1,-1
44,23,1102,1476,5,48,57,-1,-1
44,23,1103,1477,5,47,57,-1,-1
44,23,1104,1478,5,48,56,-1,-1
44,23,1105,1478,5,48,56,-1,-1
44,23,1106,1479,5,47,57,-1,-1
44,23,1110,1481,5,45,55,-1,-1
44,23,1111,1481,5,45,54,-1,-1
44,24,1200,783,396,258,198,-1,-1
44,24,1201,819,376,248,190,-1,-1
44,24,1202,851,362,219,176,-1,-1
44,24,1203,873,344,216,172,-1,-1
44,24,1204,896,335,210,159,-1,-1
44,24,1205,921,323,209,150,-1,-1
44,24,1207,967,303,184,138,-1,-1
44,24,1208,984,297,180,128,-1,-1
44,24,1209,1000,286,179,123,-1,-1
44,24,1210,1018,276,174,120,-1,-1
44,24,1211,1034,269,169,114,-1,-1
44,24,1212,1047,258,164,113,-1,-1
44,24,1213,1060,253,153,108,-1,-1
44,24,1214,1073,246,152,104,-1,-1
44,24,1215,1086,240,148,100,-1,-1
44,24,1216,1099,231,143,99,-1,-1
44,24,1217,1109,225,138,98,-1,-1
44,24,1218,1120,219,132,94,-1,-1
44,24,1219,1131,213,122,90,-1,-1
44,24,1220,1141,208,119,89,-1,-1
44,24,1221,1150,205,118,86,-1,-1
44,24,1222,1158,199,116,84,-1,-1
44,24,1223,1165,197,114,80,-1,-1
44,24,1224,1173,192,111,77,-1,-1
44,24,1225,1180,187,110,77,-1,-1
44,24,1226,1187,184,109,75,-1,-1
44,24,1227,1195,181,106,73,-1,-1
44,24,1228,1201,176,102,72,-1,-1
44,24,1229,1205,173,101,71,-1,-1
44,24,1230,1213,169,96,70,-1,-1
44,24,1231,1220,167,91,68,-1,-1
44,24,1232,1226,163,91,67,-1,-1
44,24,1233,1231,160,92,66,-1,-1
44,24,1234,1236,157,92,64,-1,-1
44,24,1235,1240,155,90,62,-1,-1
44,24,1236,1246,152,89,61,-1,-1
44,24,1237,1252,149,84,60,-1,-1
44,24,1238,1255,146,85,59,-1,-1
44,24,1239,1260,143,82,58,-1,-1
44,24,1240,1263,140,82,57,-1,-1
44,24,1241,1268,139,81,56,-1,-1
44,24,1242,1273,136,79,55,-1,-1
44,24,1243,1276,133,77,55,-1,-1
44,24,1244,1281,131,75,54,-1,-1
44,24,1245,1283,130,73,53,-1,-1
44,24,1246,1286,128,72,52,-1,-1
44,24,1247,1290,125,71,51,-1,-1
44,24,1248,1294,123,69,51,-1,-1
44,24,1249,1299,122,66,50,-1,-1
44,24,1250,1301,120,65,49,-1,-1
44,24,1251,1303,119,67,48,-1,-1
44,24,1252,1306,117,66,46,-1,-1
44,24,1253,1309,115,66,46,-1,-1
44,24,1254,1311,113,66,46,-1,-1
44,24,1255,1314,111,65,46,-1,-1
44,24,1256,1316,108,64,47,-1,-1
44,24,1257,1319,107,62,46,-1,-1
44,24,1258,1321,104,63,47,-1,-1
44,24,1259,1324,103,62,46,-1,-1
44,24,1260,1326,102,61,45,-1,-1
44,24,1261,1327,101,60,45,-1,-1
44,24,1262,1330,100,59,44,-1,-1
44,24,1263,1333,97,58,46,-1,-1
44,24,1264,1335,96,58,44,-1,-1
44,24,1265,1338,95,57,43,-1,-1
44,24,1266,1340,95,56,42,-1,-1
44,24,1267,1342,94,55,41,-1,-1
44,24,1268,1344,93,55,40,-1,-1
44,24,1269,1346,91,55,40,-1,-1
44,24,1270,1348,91,55,40,-1,-1
44,24,1271,1350,90,54,39,-1,-1
44,24,1272,1352,88,54,39,-1,-1
44,24,1273,1353,87,54,38,-1,-1
44,25,1626,857,417,263,177,-1,-1
44,25,1627,887,384,250,174,-1,-1
44,25,1628,925,360,232,166,-1,-1
44,25,1629,957,345,221,150,-1,-1
44,25,1630,992,335,204,139,-1,-1
44,25,1631,1012,316,198,131,-1,-1
44,25,1632,1030,305,190,119,-1,-1
44,25,1633,1043,292,183,112,-1,-1
44,25,1634,1065,280,167,110,-1,-1
44,25,1635,1078,273,166,103,-1,-1
44,25,1636,1097,258,153,102,-1,-1
44,25,1637,1111,248,150,97,-1,-1
44,25,1638,1123,239,150,96,-1,-1
44,25,1639,1133,232,149,93,-1,-1
44,25,1640,1145,226,145,87,-1,-1
44,25,1641,1159,220,137,83,-1,-1
44,25,1642,1169,211,130,83,-1,-1
44,25,1643,1182,206,121,79,-1,-1
44,25,1644,1194,199,112,79,-1,-1
44,25,1645,1201,195,109,75,-1,-1
44,25,1646,1211,189,107,73,-1,-1
44,25,1647,1218,185,102,70,-1,-1
44,25,1648,1223,182,102,67,-1,-1
44,25,1649,1229,177,104,65,-1,-1
44,25,1650,1236,172,101,64,-1,-1
44,25,1651,1244,166,97,66,-1,-1
44,25,1652,1249,161,95,68,-1,-1
44,25,1653,1257,157,91,65,-1,-1
44,25,1654,1262,154,89,61,-1,-1
44,25,1655,1267,150,87,60,-1,-1
44,25,1656,1273,147,86,57,-1,-1
44,25,1657,1278,143,84,56,-1,-1
44,25,1658,1281,141,86,53,-1,-1
44,25,1659,1287,137,80,52,-1,-1
44,25,1660,1292,135,79,51,-1,-1
44,25,1661,1296,133,77,49,-1,-1
44,25,1662,1301,130,73,48,-1,-1
44,25,1663,1305,129,75,48,-1,-1
44,25,1664,1308,126,74,47,-1,-1
44,25,1665,1311,122,73,48,-1,-1
44,25,1666,1315,120,70,48,-1,-1
44,25,1667,1318,118,70,48,-1,-1
44,25,1668,1321,117,69,50,-1,-1
44,25,1669,1325,115,67,45,-1,-1
44,25,1670,1329,112,65,43,-1,-1
44,25,1671,1331,110,65,42,-1,-1
44,25,1672,1334,108,62,41,-1,-1
44,25,1673,1338,107,60,40,-1,-1
44,25,1674,1340,104,62,46,-1,-1
44,25,1675,1343,103,60,43,-1,-1
44,25,1676,1346,101,58,41,-1,-1
44,25,1677,1348,99,58,41,-1,-1
44,25,1678,1351,98,57,41,-1,-1
44,25,1679,1353,96,57,41,-1,-1
44,25,1680,1356,94,54,41,-1,-1
44,25,1681,1358,93,55,43,-1,-1
44,25,1682,1360,92,55,43,-1,-1
44,25,1683,1363,91,54,40,-1,-1
44,25,1684,1365,90,54,40,-1,-1
44,25,1685,1367,88,53,41,-1,-1
44,25,1686,1368,86,53,42,-1,-1
44,25,1687,1370,84,53,42,-1,-1
44,25,1688,1372,83,51,41,-1,-1
44,28,1844,720,479,306,193,-1,-1
44,28,1845,773,450,279,176,-1,-1
44,28,1846,809,428,264,165,-1,-1
44,28,1847,850,398,243,165,-1,-1
44,28,1848,886,381,219,138,-1,-1
44,28,1849,919,360,206,136,-1,-1
44,28,1850,952,342,196,127,-1,-1
44,28,1851,974,327,191,117,-1,-1
44,28,1852,998,312,178,113,-1,-1
44,28,1853,1015,300,173,110,-1,-1
44,28,1854,1035,288,162,103,-1,-1
44,28,1855,1053,277,155,99,-1,-1
44,28,1856,1071,265,146,97,-1,-1
44,28,1857,1087,255,140,98,-1,-1
44,28,1858,1102,247,139,95,-1,-1
44,28,1859,1117,239,133,92,-1,-1
44,28,1860,1125,231,133,88,-1,-1
44,28,1861,1134,223,132,89,-1,-1
44,28,1862,1147,217,127,86,-1,-1
44,28,1863,1158,210,124,84,-1,-1
44,28,1864,1171,203,114,81,-1,-1
44,28,1865,1180,198,112,78,-1,-1
44,28,1866,1188,193,107,75,-1,-1
44,28,1867,1196,188,105,74,-1,-1
44,28,1868,1204,184,102,71,-1,-1
44,28,1869,1211,179,101,69,-1,-1
44,28,1870,1220,176,98,68,-1,-1
44,28,1871,1225,170,95,68,-1,-1
44,28,1872,1230,165,96,66,-1,-1
44,28,1873,1239,162,93,63,-1,-1
44,28,1874,1245,158,90,62,-1,-1
44,28,1875,1252,154,84,62,-1,-1
44,28,1876,1258,150,81,61,-1,-1
44,28,1877,1262,146,82,61,-1,-1
44,28,1878,1267,144,81,60,-1,-1
44,28,1879,1272,140,81,61,-1,-1
44,28,1880,1276,138,79,57,-1,-1
44,28,1881,1281,135,77,58,-1,-1
44,28,1882,1286,133,75,54,-1,-1
44,28,1883,1289,130,75,54,-1,-1
44,28,1884,1294,128,72,51,-1,-1
44,28,1885,1300,125,69,52,-1,-1
44,28,1886,1303,122,68,52,-1,-1
44,28,1887,1306,121,67,51,-1,-1
44,28,1888,1310,118,66,49,-1,-1
44,28,1889,1313,116,66,49,-1,-1
44,28,1890,1316,114,65,50,-1,-1
44,28,1891,1320,113,64,48,-1,-1
44,28,1892,1322,111,64,47,-1,-1
44,28,1893,1325,108,63,47,-1,-1
44,28,1894,1328,107,61,46,-1,-1
44,28,1895,1332,105,60,46,-1,-1
44,28,1896,1335,103,58,44,-1,-1
44,28,1897,1338,101,56,43,-1,-1
44,28,1898,1340,99,56,43,-1,-1
44,28,1899,1342,97,56,43,-1,-1
44,28,1900,1345,96,55,43,-1,-1
44,28,1901,1348,95,55,42,-1,-1
44,28,1902,1351,94,54,42,-1,-1
44,28,1903,1352,92,53,42,-1,-1
44,28,1904,1354,91,53,41,-1,-1
44,28,1905,1356,89,53,40,-1,-1
44,29,2500,1177,386,218,200,-1,-1
44,29,2501,1198,363,201,185,-1,-1
44,29,2502,1211,347,191,167,-1,-1
44,29,2503,1224,331,180,154,-1,-1
44,29,2504,1238,311,170,149,-1,-1
44,29,2505,1251,292,162,148,-1,-1
44,29,2506,1265,274,158,141,-1,-1
44,29,2507,1276,269,156,126,-1,-1
44,29,2508,1283,265,151,116,-1,-1
44,29,2509,1290,255,146,109,-1,-1
44,29,2510,1299,248,127,104,-1,-1
44,29,2511,1305,240,125,100,-1,-1
44,29,2512,1314,230,120,99,-1,-1
44,29,2513,1320,221,112,96,-1,-1
44,29,2514,1324,217,115,91,-1,-1
44,29,2515,1330,208,114,90,-1,-1
44,29,2516,1334,202,115,88,-1,-1
44,29,2517,1341,198,104,84,-1,-1
44,29,2518,1345,192,102,79,-1,-1
44,29,2519,1348,187,101,75,-1,-1
44,29,2520,1353,182,98,72,-1,-1
44,29,2521,1357,179,97,69,-1,-1
44,29,2522,1361,176,94,66,-1,-1
44,29,2523,1365,170,93,67,-1,-1
44,29,2524,1368,164,91,66,-1,-1
44,29,2525,1371,162,89,64,-1,-1
44,29,2526,1373,157,87,63,-1,-1
44,29,2527,1377,152,86,63,-1,-1
44,29,2528,1380,148,83,63,-1,-1
44,29,2529,1383,144,78,62,-1,-1
44,29,2530,1387,140,74,61,-1,-1
44,29,2531,1390,137,72,59,-1,-1
44,29,2532,1393,135,73,57,-1,-1
44,29,2533,1395,134,72,54,-1,-1
44,29,2534,1396,131,72,52,-1,-1
44,29,2535,1397,128,72,53,-1,-1
44,29,2536,1398,124,72,52,-1,-1
44,29,2537,1400,122,72,51,-1,-1
44,29,2538,1403,120,71,50,-1,-1
44,29,2539,1406,117,69,51,-1,-1
44,29,2540,1408,114,67,51,-1,-1
44,29,2541,1409,113,66,50,-1,-1
44,29,2542,1411,111,64,49,-1,-1
44,29,2543,1414,110,63,48,-1,-1
44,29,2544,1416,108,62,47,-1,-1
44,29,2545,1417,105,61,46,-1,-1
44,29,2546,1418,103,61,44,-1,-1
44,29,2547,1419,102,62,43,-1,-1
44,29,2548,1420,100,62,43,-1,-1
44,29,2549,1422,98,61,43,-1,-1
44,29,2550,1424,96,60,43,-1,-1
44,29,2551,1426,95,56,40,-1,-1
44,29,2552,1428,94,55,38,-1,-1
44,30,2284,858,380,261,196,-1,-1
44,30,2285,875,364,255,211,-1,-1
44,30,2286,901,345,247,194,-1,-1
44,30,2287,932,332,230,182,-1,-1
44,30,2288,959,330,216,168,-1,-1
44,30,2289,982,309,204,170,-1,-1
44,30,2290,996,298,198,162,-1,-1
44,30,2291,1020,287,183,151,-1,-1
44,30,2292,1034,279,177,143,-1,-1
44,30,2293,1047,270,174,136,-1,-1
44,30,2294,1059,259,167,128,-1,-1
44,30,2295,1075,251,157,126,-1,-1
44,30,2296,1083,243,159,123,-1,-1
44,30,2297,1095,238,155,120,-1,-1
44,30,2298,1110,231,149,121,-1,-1
44,30,2299,1120,225,143,114,-1,-1
44,30,2300,1129,221,142,109,-1,-1
44,30,2301,1142,214,129,99,-1,-1
44,30,2302,1153,207,128,97,-1,-1
44,30,2303,1158,201,126,96,-1,-1
44,30,2304,1165,197,125,95,-1,-1
44,30,2305,1176,191,116,95,-1,-1
44,30,2306,1181,186,117,95,-1,-1
44,30,2307,1186,184,118,93,-1,-1
44,30,2308,1193,181,115,88,-1,-1
44,30,2309,1203,179,108,82,-1,-1
44,30,2310,1211,172,105,84,-1,-1
44,30,2311,1216,166,102,84,-1,-1
44,30,2312,1221,165,102,82,-1,-1
44,30,2313,1226,161,101,84,-1,-1
44,30,2314,1231,157,99,82,-1,-1
44,30,2315,1238,153,95,81,-1,-1
44,30,2316,1245,151,92,80,-1,-1
44,30,2317,1250,147,89,78,-1,-1
44,30,2318,1254,145,87,76,-1,-1
44,30,2319,1255,142,88,75,-1,-1
44,30,2320,1259,139,88,78,-1,-1
44,30,2321,1262,137,87,77,-1,-1
44,30,2322,1266,134,88,75,-1,-1
44,30,2323,1269,131,87,75,-1,-1
44,30,2324,1273,128,85,76,-1,-1
44,30,2325,1278,126,83,76,-1,-1
44,30,2326,1282,124,80,70,-1,-1
44,30,2327,1285,122,79,71,-1,-1
44,30,2328,1287,121,78,65,-1,-1
44,30,2329,1291,119,77,67,-1,-1
44,30,2330,1297,117,73,66,-1,-1
44,30,2331,1301,117,71,62,-1,-1
44,30,2332,1304,114,70,64,-1,-1
44,30,2333,1302,112,73,65,-1,-1
44,30,2334,1305,111,72,63,-1,-1
44,30,2335,1307,109,72,64,-1,-1
44,30,2336,1310,107,72,64,-1,-1
44,30,2337,1313,105,71,64,-1,-1
44,30,2338,1316,103,69,64,-1,-1
44,30,2339,1318,103,68,64,-1,-1
44,30,2340,1320,102,68,62,-1,-1
44,30,2341,1323,100,67,60,-1,-1
44,30,2342,1326,98,66,59,-1,-1
44,30,2343,1328,98,64,56,-1,-1
44,30,2344,1331,97,63,54,-1,-1
44,30,2345,1331,95,64,53,-1,-1
44,30,2346,1333,94,63,52,-1,-1
44,30,2347,1336,93,61,51,-1,-1
44,30,2348,1338,92,61,52,-1,-1
44,30,2349,1340,90,61,52,-1,-1
44,30,2350,1342,89,60,52,-1,-1
44,30,2351,1343,87,61,53,-1,-1
44,30,2352,1345,87,60,52,-1,-1
44,30,2353,1348,86,59,51,-1,-1
44,30,2354,1350,85,58,50,-1,-1
44,30,2355,1351,84,57,49,-1,-1
44,30,2356,1353,83,56,48,-1,-1
44,30,2357,1355,82,56,47,-1,-1
44,30,2358,1356,81,56,47,-1,-1
44,30,2359,1358,80,55,46,-1,-1
44,30,2360,1358,79,55,46,-1,-1
44,30,2361,1359,78,55,46,-1,-1
44,30,2362,1361,77,55,46,-1,-1
44,30,2363,1363,76,55,46,-1,-1
44,30,2364,1365,75,54,46,-1,-1
44,30,2365,1366,74,53,45,-1,-1
44,30,2366,1367,74,53,44,-1,-1
44,30,2367,1369,73,52,44,-1,-1
44,30,2368,1372,72,51,43,-1,-1
44,30,2369,1373,72,51,42,-1,-1
44,30,2370,1374,71,51,42,-1,-1
44,30,2371,1375,71,50,41,-1,-1
44,30,2372,1376,70,50,41,-1,-1
44,33,2635,1232,337,227,215,-1,-1
44,33,2636,1249,306,208,218,-1,-1
44,33,2637,1264,283,190,212,-1,-1
44,33,2638,1278,273,177,190,-1,-1
44,33,2639,1290,259,164,176,-1,-1
44,33,2640,1299,255,160,162,-1,-1
44,33,2641,1309,241,150,152,-1,-1
44,33,2642,1317,230,146,147,-1,-1
44,33,2643,1326,219,139,142,-1,-1
44,33,2644,1335,214,133,135,-1,-1
44,33,2645,1342,207,128,128,-1,-1
44,33,2646,1349,200,120,120,-1,-1
44,33,2647,1355,193,118,116,-1,-1
44,33,2648,1359,187,115,112,-1,-1
44,33,2649,1363,180,109,109,-1,-1
44,33,2650,1366,175,105,104,-1,-1
44,33,2651,1372,168,105,103,-1,-1
44,33,2652,1376,165,101,96,-1,-1
44,33,2653,1380,159,98,94,-1,-1
44,33,2654,1385,152,95,92,-1,-1
44,33,2655,1388,148,94,89,-1,-1
44,33,2656,1390,142,94,88,-1,-1
44,33,2657,1393,137,92,87,-1,-1
44,33,2658,1395,134,89,85,-1,-1
44,33,2659,1396,131,89,83,-1,-1
44,33,2660,1399,127,89,81,-1,-1
44,33,2661,1403,125,87,79,-1,-1
44,33,2662,1405,121,84,77,-1,-1
44,33,2663,1407,119,81,75,-1,-1
44,33,2664,1410,115,79,75,-1,-1
44,33,2665,1414,112,77,74,-1,-1
44,33,2666,1416,111,76,72,-1,-1
44,33,2667,1418,108,74,69,-1,-1
44,33,2668,1419,106,73,67,-1,-1
44,33,2669,1421,105,73,65,-1,-1
44,33,2670,1424,104,71,63,-1,-1
44,33,2671,1427,100,69,64,-1,-1
44,33,2672,1429,99,68,63,-1,-1
44,33,2673,1430,98,67,60,-1,-1
44,33,2674,1430,96,67,61,-1,-1
44,33,2675,1432,93,66,60,-1,-1
44,33,2676,1434,91,65,57,-1,-1
44,33,2677,1436,89,63,55,-1,-1
44,33,2678,1437,87,62,55,-1,-1
44,33,2679,1438,85,61,55,-1,-1
44,33,2680,1440,84,60,54,-1,-1
44,33,2681,1442,84,58,52,-1,-1
44,33,2682,1444,82,57,52,-1,-1
44,33,2683,1444,80,57,51,-1,-1
44,33,2684,1445,78,57,50,-1,-1
44,33,2685,1446,77,55,49,-1,-1
44,33,2686,1448,76,54,48,-1,-1
44,33,2687,1449,75,53,47,-1,-1
44,33,2688,1451,74,52,47,-1,-1
44,33,2689,1451,72,52,47,-1,-1
44,33,2690,1452,72,51,45,-1,-1
44,33,2691,1454,71,50,45,-1,-1
44,33,2692,1455,69,50,45,-1,-1
44,33,2693,1456,69,50,44,-1,-1
44,33,2694,1457,68,50,43,-1,-1
44,34,2507,776,429,278,185,-1,-1
44,35,2514,987,310,183,123,-1,-1
44,35,2515,1004,297,181,117,-1,-1
44,35,2516,1024,286,173,112,-1,-1
44,35,2517,1039,276,169,107,-1,-1
44,35,2518,1057,267,158,102,-1,-1
44,35,2519,1073,257,152,100,-1,-1
44,35,2520,1086,248,147,95,-1,-1
44,35,2521,1101,242,141,90,-1,-1
44,35,2522,1114,234,141,88,-1,-1
44,35,2523,1125,227,137,86,-1,-1
44,35,2524,1138,221,124,82,-1,-1
44,35,2525,1149,214,124,80,-1,-1
44,35,2526,1158,208,122,78,-1,-1
44,35,2527,1169,202,118,77,-1,-1
44,35,2528,1177,198,111,75,-1,-1
44,35,2529,1187,193,103,71,-1,-1
44,35,2530,1192,187,106,71,-1,-1
44,35,2531,1201,183,103,69,-1,-1
44,35,2532,1207,180,98,66,-1,-1
44,35,2533,1215,176,94,63,-1,-1
44,35,2534,1222,171,92,65,-1,-1
44,35,2535,1227,167,89,65,-1,-1
44,35,2536,1234,164,86,64,-1,-1
44,35,2537,1241,160,90,65,-1,-1
44,35,2538,1248,156,85,62,-1,-1
44,35,2539,1253,152,84,61,-1,-1
44,35,2540,1258,150,81,58,-1,-1
44,35,2541,1263,146,80,58,-1,-1
44,35,2542,1268,144,80,54,-1,-1
44,35,2543,1273,141,82,55,-1,-1
44,35,2544,1278,138,81,54,-1,-1
44,35,2545,1281,135,79,54,-1,-1
44,35,2546,1286,132,77,53,-1,-1
44,35,2547,1290,130,75,54,-1,-1
44,35,2548,1295,129,73,53,-1,-1
44,35,2549,1300,126,71,52,-1,-1
44,35,2550,1303,123,70,52,-1,-1
44,35,2551,1305,121,70,50,-1,-1
44,35,2552,1308,119,70,55,-1,-1
44,35,2553,1312,117,70,59,-1,-1
44,35,2554,1316,115,69,54,-1,-1
44,35,2555,1318,113,67,52,-1,-1
44,35,2556,1320,111,67,51,-1,-1
44,35,2557,1323,109,67,50,-1,-1
44,35,2558,1327,108,64,47,-1,-1
44,35,2559,1331,107,62,44,-1,-1
44,35,2560,1334,105,61,46,-1,-1
44,35,2561,1335,103,60,46,-1,-1
44,35,2562,1337,101,60,47,-1,-1
44,35,2563,1340,100,60,47,-1,-1
44,35,2564,1343,99,59,46,-1,-1
44,35,2565,1346,97,58,46,-1,-1
44,35,2566,1348,96,56,45,-1,-1
44,35,2567,1349,94,56,45,-1,-1
44,35,2568,1351,93,56,45,-1,-1
44,35,2569,1354,92,55,44,-1,-1
44,35,2570,1357,91,54,44,-1,-1
44,35,2571,1358,90,54,43,-1,-1
44,35,2572,1360,89,53,44,-1,-1
44,35,2573,1362,87,52,44,-1,-1
44,35,2574,1364,87,51,42,-1,-1
44,35,2575,1367,85,51,42,-1,-1
44,35,2576,1368,83,51,42,-1,-1
44,35,2577,1368,83,51,41,-1,-1
