45,1,589,1,747,591,305,-1,-1
45,1,590,63,696,576,321,-1,-1
45,1,591,149,656,531,295,-1,-1
45,1,592,225,634,504,287,-1,-1
45,1,593,316,616,436,256,-1,-1
45,1,594,377,583,427,237,-1,-1
45,1,595,430,556,410,234,-1,-1
45,1,596,499,536,373,212,-1,-1
45,1,597,551,514,350,190,-1,-1
45,1,598,603,493,317,185,-1,-1
45,1,599,640,472,308,181,-1,-1
45,1,600,686,459,278,165,-1,-1
45,1,601,719,447,275,157,-1,-1
45,1,602,750,437,262,150,-1,-1
45,1,603,787,423,243,142,-1,-1
45,1,604,813,408,229,140,-1,-1
45,1,605,841,398,220,128,-1,-1
45,1,606,866,388,208,127,-1,-1
45,1,607,884,379,208,127,-1,-1
45,1,608,892,370,217,116,-1,-1
45,1,609,933,361,184,115,-1,-1
45,1,610,955,352,179,111,-1,-1
45,1,611,973,344,167,111,-1,-1
45,1,612,987,335,163,111,-1,-1
45,1,613,1001,327,165,112,-1,-1
45,1,614,1014,321,163,100,-1,-1
45,1,615,1030,316,153,100,-1,-1
45,1,616,1045,306,150,103,-1,-1
45,1,617,1060,303,142,96,-1,-1
45,1,618,1072,296,142,96,-1,-1
45,1,619,1082,289,140,89,-1,-1
45,1,620,1092,282,134,89,-1,-1
45,1,621,1110,280,124,89,-1,-1
45,1,622,1117,277,125,85,-1,-1
45,1,623,1126,273,125,85,-1,-1
45,1,624,1132,266,123,87,-1,-1
45,1,625,1146,262,117,81,-1,-1
45,1,626,1155,260,115,79,-1,-1
45,1,627,1164,260,111,70,-1,-1
45,1,628,1170,257,108,70,-1,-1
45,1,629,1180,252,105,71,-1,-1
45,1,630,1189,249,101,69,-1,-1
45,1,631,1197,245,101,69,-1,-1
45,1,632,1204,241,97,68,-1,-1
45,1,633,1207,238,97,68,-1,-1
45,1,634,1216,233,94,72,-1,-1
45,1,635,1223,231,93,69,-1,-1
45,1,636,1228,230,92,65,-1,-1
45,1,637,1234,228,90,63,-1,-1
45,1,638,1236,224,91,62,-1,-1
45,1,639,1245,221,86,63,-1,-1
45,1,640,1248,223,86,59,-1,-1
45,1,641,1255,221,84,58,-1,-1
45,1,642,1259,218,84,58,-1,-1
45,1,643,1265,216,82,58,-1,-1
45,1,644,1271,213,78,57,-1,-1
45,1,645,1274,212,80,55,-1,-1
45,1,646,1279,209,77,57,-1,-1
45,1,647,1282,207,78,57,-1,-1
45,1,648,1289,204,74,57,-1,-1
45,1,649,1291,203,74,54,-1,-1
45,1,650,1295,200,75,55,-1,-1
45,1,651,1299,200,73,52,-1,-1
45,1,652,1303,201,73,50,-1,-1
45,1,653,1308,199,70,48,-1,-1
45,1,654,1311,193,71,53,-1,-1
45,1,655,1317,195,67,50,-1,-1
45,1,656,1320,192,67,49,-1,-1
45,1,657,1322,191,67,49,-1,-1
45,1,658,1325,187,66,51,-1,-1
45,1,659,1330,187,65,47,-1,-1
45,1,660,1332,187,65,47,-1,-1
45,1,661,1334,185,65,47,-1,-1
45,1,662,1336,183,65,47,-1,-1
45,1,663,1339,181,65,47,-1,-1
45,1,664,1343,178,65,47,-1,-1
45,1,665,1344,178,65,47,-1,-1
45,1,666,1347,180,65,47,-1,-1
45,2,583,484,736,562,344,-1,-1
45,2,584,584,683,510,346,-1,-1
45,2,585,666,642,441,269,-1,-1
45,2,586,753,606,391,239,-1,-1
45,2,587,800,572,366,229,-1,-1
45,2,588,854,542,335,209,-1,-1
45,2,589,901,520,311,191,-1,-1
45,2,590,939,494,289,185,-1,-1
45,2,591,976,470,265,177,-1,-1
45,2,592,997,445,260,165,-1,-1
45,2,593,1030,432,243,162,-1,-1
45,2,594,1062,414,225,148,-1,-1
45,2,595,1086,398,209,147,-1,-1
45,2,596,1113,387,194,142,-1,-1
45,2,597,1125,379,192,125,-1,-1
45,2,598,1142,360,182,127,-1,-1
45,2,599,1161,350,171,122,-1,-1
45,2,600,1174,341,167,114,-1,-1
45,2,601,1187,333,159,109,-1,-1
45,2,602,1199,327,151,103,-1,-1
45,2,603,1213,313,151,103,-1,-1
45,2,604,1225,306,143,103,-1,-1
45,2,605,1235,299,138,106,-1,-1
45,2,606,1251,294,127,106,-1,-1
45,2,607,1256,289,129,96,-1,-1
45,2,608,1262,282,129,96,-1,-1
45,2,609,1270,274,122,95,-1,-1
45,2,610,1278,266,122,95,-1,-1
45,2,611,1292,265,110,87,-1,-1
45,2,612,1295,260,110,87,-1,-1
45,2,613,1301,253,110,87,-1,-1
45,2,614,1307,250,110,87,-1,-1
45,2,615,1315,245,105,80,-1,-1
45,2,616,1319,243,105,80,-1,-1
45,2,617,1327,239,98,78,-1,-1
45,2,618,1331,234,98,78,-1,-1
45,2,619,1339,230,91,76,-1,-1
45,2,620,1345,227,91,76,-1,-1
45,2,621,1346,225,93,69,-1,-1
45,2,622,1349,224,89,68,-1,-1
45,2,623,1355,221,89,68,-1,-1
45,2,624,1360,217,85,66,-1,-1
45,2,625,1364,214,85,66,-1,-1
45,2,626,1369,211,82,63,-1,-1
45,2,627,1372,207,82,63,-1,-1
45,2,628,1379,206,76,61,-1,-1
45,2,629,1381,204,76,61,-1,-1
45,2,630,1383,203,76,61,-1,-1
45,2,631,1389,200,74,58,-1,-1
45,2,632,1390,198,74,58,-1,-1
45,2,633,1393,196,74,58,-1,-1
45,2,634,1394,191,74,58,-1,-1
45,2,635,1399,191,74,58,-1,-1
45,2,636,1401,191,74,58,-1,-1
45,2,637,1403,190,74,58,-1,-1
45,2,638,1404,188,74,58,-1,-1
45,2,639,1409,184,70,52,-1,-1
45,2,640,1413,181,68,54,-1,-1
45,2,641,1416,179,67,53,-1,-1
45,2,642,1419,181,64,50,-1,-1
45,2,643,1420,177,64,50,-1,-1
45,2,644,1422,175,64,50,-1,-1
45,2,645,1423,173,64,50,-1,-1
45,2,646,1427,171,64,50,-1,-1
45,2,647,1429,170,64,50,-1,-1
45,2,648,1429,169,64,50,-1,-1
45,3,995,391,231,930,849,-1,-1
45,3,996,475,224,851,825,-1,-1
45,3,997,535,220,797,767,-1,-1
45,3,998,603,215,739,711,-1,-1
45,3,999,666,212,680,661,-1,-1
45,3,1000,715,209,631,620,-1,-1
45,3,1001,741,198,618,585,-1,-1
45,3,1002,784,198,580,560,-1,-1
45,3,1003,811,192,560,534,-1,-1
45,3,1004,844,193,532,500,-1,-1
45,3,1005,875,190,503,482,-1,-1
45,3,1006,909,187,476,465,-1,-1
45,3,1007,936,184,453,440,-1,-1
45,3,1008,968,184,431,423,-1,-1
45,3,1009,980,180,418,415,-1,-1
45,3,1010,998,179,402,400,-1,-1
45,3,1011,1027,174,382,388,-1,-1
45,3,1012,1035,173,371,372,-1,-1
45,3,1013,1047,173,367,358,-1,-1
45,3,1014,1074,172,345,342,-1,-1
45,3,1015,1091,165,328,340,-1,-1
45,3,1016,1097,166,326,325,-1,-1
45,3,1017,1112,164,315,314,-1,-1
45,3,1018,1132,163,298,306,-1,-1
45,3,1019,1141,159,291,301,-1,-1
45,3,1020,1150,160,284,286,-1,-1
45,3,1021,1162,158,276,279,-1,-1
45,3,1022,1170,157,272,272,-1,-1
45,3,1023,1177,154,263,274,-1,-1
45,3,1024,1190,153,253,267,-1,-1
45,3,1025,1204,150,242,259,-1,-1
45,3,1026,1210,150,237,250,-1,-1
45,3,1027,1215,147,237,250,-1,-1
45,3,1028,1228,146,226,237,-1,-1
45,3,1029,1233,145,220,238,-1,-1
45,3,1030,1238,146,216,227,-1,-1
45,3,1031,1244,141,216,226,-1,-1
45,3,1032,1248,142,214,221,-1,-1
45,3,1033,1258,140,207,215,-1,-1
45,3,1034,1267,142,199,208,-1,-1
45,3,1035,1269,141,199,208,-1,-1
45,3,1036,1277,139,188,207,-1,-1
45,3,1037,1280,135,188,207,-1,-1
45,3,1038,1286,137,188,200,-1,-1
45,3,1039,1290,136,181,195,-1,-1
45,3,1040,1297,134,175,191,-1,-1
45,3,1041,1303,134,173,185,-1,-1
45,3,1042,1311,136,168,182,-1,-1
45,3,1043,1311,134,168,178,-1,-1
45,3,1044,1317,133,165,178,-1,-1
45,4,1052,48,698,578,329,-1,-1
45,4,1053,121,683,561,312,-1,-1
45,4,1054,204,641,501,269,-1,-1
45,4,1055,276,616,464,241,-1,-1
45,4,1056,344,603,435,241,-1,-1
45,4,1057,396,575,418,240,-1,-1
45,4,1058,449,545,394,229,-1,-1
45,4,1059,502,521,366,219,-1,-1
45,4,1060,547,512,349,206,-1,-1
45,4,1061,585,499,332,196,-1,-1
45,4,1062,628,485,312,183,-1,-1
45,4,1063,667,467,298,180,-1,-1
45,4,1064,699,443,283,182,-1,-1
45,4,1065,731,433,266,170,-1,-1
45,4,1066,766,421,253,171,-1,-1
45,4,1067,792,407,241,164,-1,-1
45,4,1068,823,399,231,150,-1,-1
45,4,1069,845,395,219,143,-1,-1
45,4,1070,864,393,213,125,-1,-1
45,4,1071,883,376,210,129,-1,-1
45,4,1072,900,364,202,130,-1,-1
45,4,1073,928,350,195,131,-1,-1
45,4,1074,940,344,186,132,-1,-1
45,4,1075,956,339,177,117,-1,-1
45,4,1076,975,332,172,116,-1,-1
45,4,1077,992,327,165,113,-1,-1
45,4,1078,1008,321,161,110,-1,-1
45,4,1079,1017,311,159,111,-1,-1
45,4,1080,1029,306,159,111,-1,-1
45,4,1081,1042,301,153,103,-1,-1
45,4,1082,1053,297,148,102,-1,-1
45,4,1083,1069,294,141,97,-1,-1
45,4,1084,1076,288,141,97,-1,-1
45,4,1085,1085,285,141,97,-1,-1
45,4,1086,1098,278,135,99,-1,-1
45,4,1087,1104,273,135,99,-1,-1
45,4,1088,1118,273,126,91,-1,-1
45,4,1089,1126,265,126,91,-1,-1
45,4,1090,1138,264,118,84,-1,-1
45,4,1091,1144,263,118,84,-1,-1
45,4,1092,1150,260,118,84,-1,-1
45,4,1093,1161,255,112,80,-1,-1
45,4,1094,1169,253,112,80,-1,-1
45,4,1095,1174,249,112,80,-1,-1
45,4,1096,1182,247,107,73,-1,-1
45,4,1097,1189,238,105,78,-1,-1
45,4,1098,1195,239,104,71,-1,-1
45,4,1099,1201,237,103,72,-1,-1
45,4,1100,1207,233,102,74,-1,-1
45,4,1101,1213,231,97,71,-1,-1
45,4,1102,1223,232,95,63,-1,-1
45,4,1103,1225,231,98,67,-1,-1
45,4,1104,1231,225,93,68,-1,-1
45,4,1105,1237,222,93,68,-1,-1
45,4,1106,1240,221,93,68,-1,-1
45,4,1107,1245,218,93,68,-1,-1
45,4,1108,1251,215,88,66,-1,-1
45,4,1109,1257,215,88,66,-1,-1
45,4,1110,1260,212,88,66,-1,-1
45,4,1111,1265,208,85,65,-1,-1
45,4,1112,1270,208,85,65,-1,-1
45,4,1113,1273,207,85,65,-1,-1
45,4,1114,1279,203,81,62,-1,-1
45,4,1115,1282,203,81,62,-1,-1
45,4,1116,1285,200,81,62,-1,-1
45,4,1117,1290,199,80,62,-1,-1
45,4,1118,1294,198,77,56,-1,-1
45,4,1119,1299,197,77,56,-1,-1
45,4,1120,1302,194,77,56,-1,-1
45,4,1121,1305,195,77,56,-1,-1
45,4,1122,1308,193,72,54,-1,-1
45,4,1123,1313,192,72,54,-1,-1
45,4,1124,1316,190,72,54,-1,-1
45,4,1125,1319,188,72,54,-1,-1
45,4,1126,1323,187,68,53,-1,-1
45,4,1127,1327,185,68,53,-1,-1
45,4,1128,1329,182,68,53,-1,-1
45,4,1129,1330,181,68,53,-1,-1
45,4,1130,1335,180,68,53,-1,-1
45,4,1131,1336,178,68,53,-1,-1
45,4,1132,1339,175,65,53,-1,-1
45,4,1133,1342,176,65,53,-1,-1
45,4,1134,1347,176,61,50,-1,-1
45,4,1135,1351,179,57,46,-1,-1
45,4,1136,1356,176,57,46,-1,-1
45,4,1137,1356,174,57,46,-1,-1
45,4,1138,1360,174,57,46,-1,-1
45,4,1139,1362,171,57,46,-1,-1
45,4,1140,1364,171,57,46,-1,-1
45,4,1141,1366,168,57,46,-1,-1
45,4,1142,1367,166,57,46,-1,-1
45,4,1143,1369,164,57,46,-1,-1
45,4,1144,1371,166,57,46,-1,-1
45,4,1145,1375,164,57,46,-1,-1
45,4,1146,1376,163,57,46,-1,-1
45,4,1147,1376,162,57,46,-1,-1
45,4,1148,1380,161,57,46,-1,-1
45,4,1149,1383,163,54,44,-1,-1
45,4,1150,1386,165,52,40,-1,-1
45,4,1151,1388,162,52,40,-1,-1
45,5,1211,610,649,515,411,-1,-1
45,5,1212,669,623,476,380,-1,-1
45,5,1213,727,589,434,362,-1,-1
45,5,1214,775,561,410,332,-1,-1
45,5,1215,814,544,380,306,-1,-1
45,5,1216,860,519,352,284,-1,-1
45,5,1217,890,504,336,266,-1,-1
45,5,1218,921,481,316,247,-1,-1
45,5,1219,959,470,296,235,-1,-1
45,5,1220,978,449,285,231,-1,-1
45,5,1221,1000,438,280,218,-1,-1
45,5,1222,1026,423,260,223,-1,-1
45,5,1223,1045,412,253,207,-1,-1
45,5,1224,1071,404,232,180,-1,-1
45,5,1225,1093,397,222,172,-1,-1
45,5,1226,1106,384,213,169,-1,-1
45,5,1227,1122,371,205,161,-1,-1
45,5,1228,1134,362,197,160,-1,-1
45,5,1229,1145,355,193,152,-1,-1
45,5,1230,1162,350,185,153,-1,-1
45,5,1231,1175,340,175,147,-1,-1
45,5,1232,1176,335,177,139,-1,-1
45,5,1233,1196,327,165,142,-1,-1
45,5,1234,1196,324,173,134,-1,-1
45,5,1235,1210,314,165,131,-1,-1
45,5,1236,1218,313,158,122,-1,-1
45,5,1237,1223,306,156,120,-1,-1
45,5,1238,1236,307,146,113,-1,-1
45,5,1239,1246,301,145,111,-1,-1
45,5,1240,1253,299,141,106,-1,-1
45,5,1241,1260,292,136,100,-1,-1
45,5,1242,1265,285,137,107,-1,-1
45,5,1243,1271,276,133,104,-1,-1
45,5,1244,1278,276,127,98,-1,-1
45,5,1245,1283,274,127,96,-1,-1
45,5,1246,1290,268,125,98,-1,-1
45,5,1247,1296,262,118,95,-1,-1
45,5,1248,1297,260,118,95,-1,-1
45,5,1249,1302,256,118,95,-1,-1
45,5,1250,1305,253,118,95,-1,-1
45,5,1251,1312,252,112,90,-1,-1
45,5,1252,1318,249,107,86,-1,-1
45,5,1253,1325,248,102,82,-1,-1
45,5,1254,1327,246,102,82,-1,-1
45,5,1255,1334,241,102,82,-1,-1
45,5,1256,1336,237,102,82,-1,-1
45,5,1257,1340,235,102,82,-1,-1
45,5,1258,1346,232,97,75,-1,-1
45,5,1259,1344,232,97,78,-1,-1
45,5,1260,1350,230,92,74,-1,-1
45,5,1261,1358,227,88,71,-1,-1
45,5,1262,1361,223,88,71,-1,-1
45,5,1263,1363,222,88,71,-1,-1
45,5,1264,1365,220,88,71,-1,-1
45,5,1265,1368,218,88,71,-1,-1
45,5,1266,1371,215,88,71,-1,-1
45,5,1267,1374,214,84,68,-1,-1
45,5,1268,1376,212,84,68,-1,-1
45,5,1269,1379,208,84,68,-1,-1
45,5,1270,1383,207,80,64,-1,-1
45,5,1271,1387,202,80,64,-1,-1
45,5,1272,1388,201,80,64,-1,-1
45,5,1273,1391,200,76,61,-1,-1
45,5,1274,1394,197,76,61,-1,-1
45,5,1275,1396,198,76,61,-1,-1
45,5,1276,1399,194,76,61,-1,-1
45,5,1277,1403,194,72,58,-1,-1
45,5,1278,1403,193,72,58,-1,-1
45,5,1279,1405,192,72,58,-1,-1
45,5,1280,1409,189,72,58,-1,-1
45,5,1281,1410,188,72,58,-1,-1
45,5,1282,1415,187,70,58,-1,-1
45,5,1283,1414,182,72,58,-1,-1
45,5,1284,1415,181,69,58,-1,-1
45,5,1285,1419,184,69,56,-1,-1
45,5,1286,1420,179,69,56,-1,-1
45,5,1287,1423,181,66,53,-1,-1
45,5,1288,1425,184,66,53,-1,-1
45,5,1289,1427,182,66,53,-1,-1
45,5,1290,1428,180,66,53,-1,-1
45,5,1291,1432,181,63,50,-1,-1
45,6,1191,120,730,562,345,-1,-1
45,6,1192,262,689,466,310,-1,-1
45,6,1193,304,653,473,302,-1,-1
45,6,1194,373,623,437,292,-1,-1
45,6,1195,432,603,405,277,-1,-1
45,6,1196,484,579,392,258,-1,-1
45,6,1197,541,561,358,233,-1,-1
45,6,1198,589,540,331,221,-1,-1
45,6,1199,640,521,299,211,-1,-1
45,6,1200,681,498,285,200,-1,-1
45,6,1201,714,479,273,187,-1,-1
45,6,1202,747,467,260,189,-1,-1
45,6,1203,783,450,248,180,-1,-1
45,6,1204,807,438,248,180,-1,-1
45,6,1205,837,430,231,155,-1,-1
45,6,1206,861,418,231,155,-1,-1
45,6,1207,881,405,231,155,-1,-1
45,6,1208,910,393,199,144,-1,-1
45,6,1209,929,381,199,144,-1,-1
45,6,1210,946,370,199,144,-1,-1
45,6,1211,965,362,186,133,-1,-1
45,6,1212,986,358,175,125,-1,-1
45,6,1213,997,351,175,125,-1,-1
45,6,1214,1019,341,161,119,-1,-1
45,6,1215,1036,332,155,105,-1,-1
45,6,1216,1049,331,155,105,-1,-1
45,6,1217,1064,323,146,109,-1,-1
45,6,1218,1072,316,147,111,-1,-1
45,6,1219,1083,313,145,100,-1,-1
45,6,1220,1098,305,140,104,-1,-1
45,6,1221,1107,295,138,104,-1,-1
45,6,1222,1118,296,135,102,-1,-1
45,6,1223,1129,293,126,95,-1,-1
45,6,1224,1138,283,128,94,-1,-1
45,6,1225,1152,281,115,91,-1,-1
45,6,1226,1159,280,116,83,-1,-1
45,6,1227,1165,271,115,82,-1,-1
45,6,1228,1175,273,108,76,-1,-1
45,6,1229,1181,263,109,81,-1,-1
45,6,1230,1192,261,103,74,-1,-1
45,6,1231,1198,256,105,75,-1,-1
45,6,1232,1209,257,97,68,-1,-1
45,6,1233,1211,249,100,78,-1,-1
45,6,1234,1220,246,99,77,-1,-1
45,6,1235,1228,247,93,69,-1,-1
45,6,1236,1235,241,90,68,-1,-1
45,6,1237,1235,238,94,64,-1,-1
45,6,1238,1245,236,89,65,-1,-1
45,6,1239,1252,236,87,62,-1,-1
45,6,1240,1253,234,88,62,-1,-1
45,6,1241,1264,227,82,61,-1,-1
45,6,1242,1263,228,85,58,-1,-1
45,6,1243,1268,224,83,55,-1,-1
45,6,1244,1277,222,79,58,-1,-1
45,6,1245,1281,219,81,57,-1,-1
45,6,1246,1287,219,76,56,-1,-1
45,6,1247,1283,223,82,56,-1,-1
45,6,1248,1287,223,82,56,-1,-1
45,6,1249,1292,222,78,53,-1,-1
45,6,1250,1297,219,78,53,-1,-1
45,6,1251,1301,218,75,51,-1,-1
45,6,1252,1304,217,75,51,-1,-1
45,6,1253,1306,213,75,51,-1,-1
45,6,1254,1311,202,75,51,-1,-1
45,6,1255,1323,200,69,52,-1,-1
45,6,1256,1323,194,66,55,-1,-1
45,6,1257,1324,197,72,53,-1,-1
45,6,1258,1332,193,64,52,-1,-1
45,6,1259,1333,193,70,52,-1,-1
45,6,1260,1333,188,69,52,-1,-1
45,6,1261,1339,190,63,48,-1,-1
45,6,1262,1341,189,65,49,-1,-1
45,6,1263,1342,187,65,50,-1,-1
45,6,1264,1346,184,63,48,-1,-1
45,6,1265,1349,181,62,49,-1,-1
45,6,1266,1354,179,58,52,-1,-1
45,6,1267,1357,178,55,52,-1,-1
45,6,1268,1358,180,55,47,-1,-1
45,6,1269,1362,180,55,47,-1,-1
45,6,1270,1365,179,55,47,-1,-1
45,6,1271,1369,179,52,45,-1,-1
45,6,1272,1370,179,52,45,-1,-1
45,6,1273,1371,178,52,45,-1,-1
45,6,1274,1374,176,52,45,-1,-1
45,6,1275,1377,174,52,45,-1,-1
45,6,1276,1381,172,52,45,-1,-1
45,6,1277,1382,172,52,45,-1,-1
45,6,1278,1383,172,50,43,-1,-1
45,6,1279,1386,168,50,43,-1,-1
45,6,1280,1390,170,48,41,-1,-1
45,6,1281,1394,169,45,39,-1,-1
45,6,1282,1395,168,45,39,-1,-1
45,6,1283,1396,166,45,39,-1,-1
45,6,1284,1397,167,45,39,-1,-1
45,7,1213,15,668,610,387,-1,-1
45,7,1214,97,640,567,338,-1,-1
45,7,1215,178,617,540,322,-1,-1
45,7,1216,255,585,489,307,-1,-1
45,7,1217,320,560,461,284,-1,-1
45,7,1218,374,532,439,268,-1,-1
45,7,1219,427,517,414,249,-1,-1
45,7,1220,486,502,387,235,-1,-1
45,7,1221,536,487,360,222,-1,-1
45,7,1222,580,471,335,215,-1,-1
45,7,1223,608,453,335,203,-1,-1
45,7,1224,651,440,314,191,-1,-1
45,7,1225,687,426,295,185,-1,-1
45,7,1226,719,417,281,175,-1,-1
45,7,1227,747,409,269,159,-1,-1
45,7,1228,777,394,251,161,-1,-1
45,7,1229,804,386,244,150,-1,-1
45,7,1230,826,379,236,148,-1,-1
45,7,1231,851,373,223,142,-1,-1
45,7,1232,871,360,217,142,-1,-1
45,7,1233,890,349,209,137,-1,-1
45,7,1234,913,344,200,136,-1,-1
45,7,1235,929,341,200,123,-1,-1
45,7,1236,944,332,194,126,-1,-1
45,7,1237,960,323,184,130,-1,-1
45,7,1238,977,313,178,124,-1,-1
45,7,1239,992,311,174,122,-1,-1
45,7,1240,1009,305,167,118,-1,-1
45,7,1241,1019,303,161,106,-1,-1
45,7,1242,1032,296,158,113,-1,-1
45,7,1243,1049,290,150,111,-1,-1
45,7,1244,1059,284,144,107,-1,-1
45,7,1245,1065,281,150,100,-1,-1
45,7,1246,1079,276,141,100,-1,-1
45,7,1247,1090,270,137,98,-1,-1
45,7,1248,1088,267,137,98,-1,-1
45,7,1249,1098,263,137,98,-1,-1
45,7,1250,1110,261,130,93,-1,-1
45,7,1251,1117,256,130,93,-1,-1
45,7,1252,1122,253,130,93,-1,-1
45,7,1253,1128,251,130,93,-1,-1
45,7,1254,1147,247,121,90,-1,-1
45,7,1255,1159,244,117,84,-1,-1
45,7,1256,1164,240,117,84,-1,-1
45,7,1257,1172,238,113,89,-1,-1
45,7,1258,1177,238,115,76,-1,-1
45,7,1259,1186,237,108,74,-1,-1
45,7,1260,1192,231,107,76,-1,-1
45,7,1261,1199,228,105,76,-1,-1
45,7,1262,1203,224,105,81,-1,-1
45,7,1263,1209,223,101,73,-1,-1
45,7,1264,1219,222,94,72,-1,-1
45,7,1265,1225,221,95,67,-1,-1
45,7,1266,1227,219,97,69,-1,-1
45,7,1267,1225,218,95,67,-1,-1
45,7,1268,1231,216,95,67,-1,-1
45,7,1269,1242,210,92,68,-1,-1
45,7,1270,1245,208,90,68,-1,-1
45,7,1271,1250,204,90,64,-1,-1
45,7,1272,1254,204,90,64,-1,-1
45,7,1273,1259,204,86,61,-1,-1
45,7,1274,1262,202,88,61,-1,-1
45,7,1275,1267,199,88,62,-1,-1
45,7,1276,1273,198,86,61,-1,-1
45,7,1277,1277,197,82,58,-1,-1
45,7,1278,1278,195,82,58,-1,-1
45,7,1279,1286,193,79,60,-1,-1
45,7,1280,1286,192,82,58,-1,-1
45,7,1281,1290,193,82,58,-1,-1
45,7,1282,1294,189,76,56,-1,-1
45,7,1283,1301,189,74,56,-1,-1
45,7,1284,1303,186,72,53,-1,-1
45,7,1285,1305,187,75,49,-1,-1
45,7,1286,1309,185,73,53,-1,-1
45,7,1287,1313,183,72,54,-1,-1
45,7,1288,1314,180,70,55,-1,-1
45,7,1289,1318,179,70,54,-1,-1
45,7,1290,1323,179,67,52,-1,-1
45,7,1291,1325,179,68,51,-1,-1
45,7,1292,1331,178,60,51,-1,-1
45,7,1293,1328,173,60,51,-1,-1
45,7,1294,1330,172,60,51,-1,-1
45,7,1295,1333,171,60,51,-1,-1
45,7,1296,1337,170,57,49,-1,-1
45,7,1297,1340,170,57,49,-1,-1
45,7,1298,1342,169,57,49,-1,-1
45,7,1299,1344,167,57,49,-1,-1
45,7,1300,1347,166,57,49,-1,-1
45,7,1301,1349,164,57,49,-1,-1
45,7,1302,1351,163,57,49,-1,-1
45,7,1303,1352,163,57,49,-1,-1
45,7,1304,1355,161,57,49,-1,-1
45,7,1305,1359,159,57,49,-1,-1
45,7,1306,1363,160,54,46,-1,-1
45,7,1307,1365,160,54,46,-1,-1
45,7,1308,1366,160,54,46,-1,-1
45,7,1309,1367,159,54,46,-1,-1
45,7,1310,1369,159,54,46,-1,-1
45,7,1311,1373,158,52,44,-1,-1
45,7,1312,1374,156,52,44,-1,-1
45,7,1313,1376,156,52,44,-1,-1
45,7,1314,1377,155,52,44,-1,-1
45,7,1315,1381,155,52,44,-1,-1
45,7,1316,1383,154,52,44,-1,-1
45,7,1317,1388,154,49,42,-1,-1
45,7,1318,1389,153,49,42,-1,-1
45,7,1319,1389,151,49,42,-1,-1
45,7,1320,1395,151,49,42,-1,-1
45,7,1321,1397,152,49,42,-1,-1
45,7,1322,1400,152,47,40,-1,-1
45,7,1323,1400,151,47,40,-1,-1
45,7,1324,1401,150,47,40,-1,-1
45,8,1238,20,704,597,371,-1,-1
45,8,1239,113,675,547,345,-1,-1
45,8,1240,198,646,510,313,-1,-1
45,8,1241,284,620,461,285,-1,-1
45,8,1242,350,596,435,265,-1,-1
45,8,1243,416,573,399,246,-1,-1
45,8,1244,469,548,382,232,-1,-1
45,8,1245,522,525,354,217,-1,-1
45,8,1246,566,511,334,202,-1,-1
45,8,1247,614,491,310,192,-1,-1
45,8,1248,651,477,298,183,-1,-1
45,8,1249,689,459,275,176,-1,-1
45,8,1250,726,451,262,166,-1,-1
45,8,1251,758,434,246,153,-1,-1
45,8,1252,787,424,238,149,-1,-1
45,8,1253,815,414,228,140,-1,-1
45,8,1254,837,402,218,134,-1,-1
45,8,1255,861,396,213,125,-1,-1
45,8,1256,884,382,207,130,-1,-1
45,8,1257,907,373,195,122,-1,-1
45,8,1258,927,368,183,116,-1,-1
45,8,1259,944,356,179,118,-1,-1
45,8,1260,963,352,171,104,-1,-1
45,8,1261,982,340,166,107,-1,-1
45,8,1262,995,336,162,102,-1,-1
45,8,1263,1010,330,155,97,-1,-1
45,8,1264,1023,322,152,98,-1,-1
45,8,1265,1040,314,142,97,-1,-1
45,8,1266,1053,310,142,97,-1,-1
45,8,1267,1066,303,135,92,-1,-1
45,8,1268,1073,299,135,92,-1,-1
45,8,1269,1084,290,135,92,-1,-1
45,8,1270,1097,291,129,88,-1,-1
45,8,1271,1104,285,129,88,-1,-1
45,8,1272,1117,282,123,84,-1,-1
45,8,1273,1122,277,123,84,-1,-1
45,8,1274,1134,269,123,84,-1,-1
45,8,1275,1143,267,117,80,-1,-1
45,8,1276,1155,266,111,76,-1,-1
45,8,1277,1157,263,111,76,-1,-1
45,8,1278,1164,261,106,72,-1,-1
45,8,1279,1171,256,106,72,-1,-1
45,8,1280,1179,253,106,72,-1,-1
45,8,1281,1186,251,106,72,-1,-1
45,8,1282,1194,249,101,69,-1,-1
45,8,1283,1200,247,96,66,-1,-1
45,8,1284,1205,243,96,66,-1,-1
45,8,1285,1219,238,90,59,-1,-1
45,8,1286,1220,239,90,59,-1,-1
45,8,1287,1226,235,90,59,-1,-1
45,8,1288,1231,234,86,56,-1,-1
45,8,1289,1239,231,82,54,-1,-1
45,8,1290,1243,228,82,54,-1,-1
45,8,1291,1247,226,82,54,-1,-1
45,8,1292,1251,223,82,54,-1,-1
45,8,1293,1257,223,78,51,-1,-1
45,8,1294,1261,221,78,51,-1,-1
45,8,1295,1265,218,78,51,-1,-1
45,8,1296,1274,215,73,49,-1,-1
45,8,1297,1278,213,72,50,-1,-1
45,8,1298,1280,209,78,51,-1,-1
45,8,1299,1278,208,78,51,-1,-1
45,8,1300,1281,206,78,51,-1,-1
45,8,1301,1285,204,78,51,-1,-1
45,8,1302,1288,203,78,51,-1,-1
45,8,1303,1292,201,78,51,-1,-1
45,8,1304,1296,200,74,49,-1,-1
45,8,1305,1302,199,71,46,-1,-1
45,8,1306,1306,197,71,46,-1,-1
45,8,1307,1309,196,71,46,-1,-1
45,8,1308,1313,195,67,44,-1,-1
45,8,1309,1315,194,67,44,-1,-1
45,8,1310,1322,193,64,42,-1,-1
45,8,1311,1325,191,64,42,-1,-1
45,8,1312,1326,191,64,42,-1,-1
45,8,1313,1330,190,64,42,-1,-1
45,8,1314,1333,187,61,40,-1,-1
45,8,1315,1336,187,61,40,-1,-1
45,8,1316,1339,184,61,40,-1,-1
45,8,1317,1340,181,64,42,-1,-1
45,8,1318,1343,181,61,40,-1,-1
45,8,1319,1347,181,58,38,-1,-1
45,8,1320,1348,182,58,38,-1,-1
45,8,1321,1352,181,58,38,-1,-1
45,8,1322,1354,180,58,38,-1,-1
45,8,1323,1356,179,58,38,-1,-1
45,8,1324,1358,178,55,36,-1,-1
45,8,1325,1360,177,55,36,-1,-1
45,8,1326,1364,176,55,36,-1,-1
45,8,1327,1367,176,53,34,-1,-1
45,8,1328,1370,175,53,34,-1,-1
45,8,1329,1370,175,53,34,-1,-1
45,8,1330,1373,173,53,34,-1,-1
45,8,1331,1380,167,49,39,-1,-1
45,8,1332,1382,164,50,41,-1,-1
45,8,1333,1385,162,46,42,-1,-1
45,8,1334,1384,165,48,39,-1,-1
45,8,1335,1385,164,48,39,-1,-1
45,8,1336,1389,160,47,42,-1,-1
45,8,1337,1392,162,46,38,-1,-1
45,8,1338,1392,159,49,40,-1,-1
45,8,1339,1393,159,49,38,-1,-1
45,8,1340,1394,159,47,35,-1,-1
45,8,1341,1398,157,46,36,-1,-1
45,8,1342,1403,157,44,37,-1,-1
45,8,1343,1401,155,45,37,-1,-1
45,8,1344,1404,157,44,36,-1,-1
45,8,1345,1404,154,46,39,-1,-1
45,8,1346,1408,155,44,36,-1,-1
45,8,1347,1410,154,44,37,-1,-1
45,8,1348,1411,151,46,35,-1,-1
45,8,1349,1412,149,44,34,-1,-1
45,8,1350,1414,149,43,34,-1,-1
45,9,1285,70,628,604,367,-1,-1
45,9,1286,175,601,548,338,-1,-1
45,9,1287,257,573,497,314,-1,-1
45,9,1288,336,534,469,292,-1,-1
45,9,1289,404,513,431,274,-1,-1
45,9,1290,464,493,404,250,-1,-1
45,9,1291,521,481,384,222,-1,-1
45,9,1292,576,455,354,218,-1,-1
45,9,1293,623,435,327,213,-1,-1
45,9,1294,663,431,316,191,-1,-1
45,9,1295,711,414,292,180,-1,-1
45,9,1296,742,399,279,181,-1,-1
45,9,1297,782,385,258,177,-1,-1
45,9,1298,808,373,252,175,-1,-1
45,9,1299,834,355,244,172,-1,-1
45,9,1300,860,348,234,168,-1,-1
45,9,1301,886,340,222,151,-1,-1
45,9,1302,906,331,217,156,-1,-1
45,9,1303,928,325,209,146,-1,-1
45,9,1304,949,316,197,141,-1,-1
45,9,1305,970,310,185,132,-1,-1
45,9,1306,995,303,172,130,-1,-1
45,9,1307,1007,298,173,124,-1,-1
45,9,1308,1029,294,159,118,-1,-1
45,9,1309,1043,286,154,121,-1,-1
45,9,1310,1051,281,156,116,-1,-1
45,9,1311,1064,278,154,111,-1,-1
45,9,1312,1076,268,152,113,-1,-1
45,9,1313,1095,264,139,110,-1,-1
45,9,1314,1098,257,142,105,-1,-1
45,9,1315,1111,255,138,101,-1,-1
45,9,1316,1124,251,133,103,-1,-1
45,9,1317,1134,248,131,103,-1,-1
45,9,1318,1145,245,125,98,-1,-1
45,9,1319,1153,242,120,95,-1,-1
45,9,1320,1162,238,122,97,-1,-1
45,9,1321,1174,234,114,95,-1,-1
45,9,1322,1180,232,116,89,-1,-1
45,9,1323,1190,230,109,87,-1,-1
45,9,1324,1196,225,109,89,-1,-1
45,9,1325,1202,223,107,83,-1,-1
45,9,1326,1212,219,101,85,-1,-1
45,9,1327,1218,213,102,86,-1,-1
45,9,1328,1224,216,99,83,-1,-1
45,9,1329,1227,212,102,80,-1,-1
45,9,1330,1234,208,101,82,-1,-1
45,9,1331,1243,205,95,80,-1,-1
45,9,1332,1252,203,92,74,-1,-1
45,9,1333,1251,202,92,76,-1,-1
45,9,1334,1258,201,91,73,-1,-1
45,9,1335,1263,195,89,73,-1,-1
45,9,1336,1270,196,87,70,-1,-1
45,9,1337,1278,194,82,73,-1,-1
45,9,1338,1281,193,83,68,-1,-1
45,9,1339,1286,191,80,69,-1,-1
45,9,1340,1290,189,78,70,-1,-1
45,9,1341,1295,187,77,71,-1,-1
45,9,1342,1301,187,75,71,-1,-1
45,9,1343,1304,183,76,71,-1,-1
45,9,1344,1305,182,75,68,-1,-1
45,9,1345,1308,182,78,65,-1,-1
45,9,1346,1313,178,74,67,-1,-1
45,9,1347,1315,176,75,68,-1,-1
45,9,1348,1321,176,71,61,-1,-1
45,9,1349,1327,176,66,60,-1,-1
45,9,1350,1327,175,69,59,-1,-1
45,9,1351,1331,170,68,67,-1,-1
45,9,1352,1335,169,67,67,-1,-1
45,9,1353,1338,168,66,65,-1,-1
45,9,1354,1342,165,64,66,-1,-1
45,9,1355,1345,166,63,60,-1,-1
45,9,1356,1346,166,65,57,-1,-1
45,9,1357,1349,164,65,61,-1,-1
45,9,1358,1351,165,65,61,-1,-1
45,9,1359,1352,164,65,61,-1,-1
45,9,1360,1353,163,65,61,-1,-1
45,9,1361,1358,160,65,61,-1,-1
45,9,1362,1364,159,60,59,-1,-1
45,9,1363,1367,159,60,60,-1,-1
45,9,1364,1370,160,56,54,-1,-1
45,9,1365,1366,158,62,56,-1,-1
45,9,1366,1369,155,63,57,-1,-1
45,9,1367,1372,156,61,55,-1,-1
45,9,1368,1374,154,60,55,-1,-1
45,9,1369,1376,153,59,55,-1,-1
45,9,1370,1379,153,60,54,-1,-1
45,9,1371,1380,153,58,52,-1,-1
45,9,1372,1386,152,55,53,-1,-1
45,9,1373,1388,150,59,53,-1,-1
45,9,1374,1389,149,56,53,-1,-1
45,9,1375,1392,148,54,52,-1,-1
45,9,1376,1395,149,53,49,-1,-1
45,9,1377,1397,147,53,50,-1,-1
45,9,1378,1393,143,59,55,-1,-1
45,9,1379,1395,142,59,55,-1,-1
45,9,1380,1396,140,59,55,-1,-1
45,9,1381,1399,141,56,53,-1,-1
45,9,1382,1401,144,54,48,-1,-1
45,9,1383,1406,143,51,48,-1,-1
45,9,1384,1407,144,47,46,-1,-1
45,9,1385,1409,143,50,46,-1,-1
45,9,1386,1411,141,47,48,-1,-1
45,10,1646,152,682,536,326,-1,-1
45,10,1647,257,644,483,291,-1,-1
45,10,1648,349,617,441,247,-1,-1
45,10,1649,430,583,403,221,-1,-1
45,10,1650,502,554,369,206,-1,-1
45,10,1651,559,537,344,191,-1,-1
45,10,1652,614,507,321,183,-1,-1
45,10,1653,665,483,298,175,-1,-1
45,10,1654,709,460,282,164,-1,-1
45,10,1655,750,442,263,156,-1,-1
45,10,1656,787,431,250,149,-1,-1
45,10,1657,822,420,233,134,-1,-1
45,10,1658,852,406,226,132,-1,-1
45,10,1659,882,393,214,125,-1,-1
45,10,1660,905,388,204,119,-1,-1
45,10,1661,932,375,197,119,-1,-1
45,10,1662,954,359,185,124,-1,-1
45,10,1663,977,349,178,113,-1,-1
45,10,1664,999,340,167,104,-1,-1
45,10,1665,1012,333,164,96,-1,-1
45,10,1666,1034,326,154,89,-1,-1
45,10,1667,1048,321,147,85,-1,-1
45,10,1668,1066,310,145,87,-1,-1
45,10,1669,1078,306,145,87,-1,-1
45,10,1670,1096,297,132,86,-1,-1
45,10,1671,1107,292,132,86,-1,-1
45,10,1672,1122,288,123,85,-1,-1
45,10,1673,1133,283,123,85,-1,-1
45,10,1674,1148,276,114,84,-1,-1
45,10,1675,1156,269,114,84,-1,-1
45,10,1676,1166,267,109,76,-1,-1
45,10,1677,1175,262,109,76,-1,-1
45,10,1678,1185,258,108,76,-1,-1
45,10,1679,1194,255,104,70,-1,-1
45,10,1680,1201,251,100,67,-1,-1
45,10,1681,1208,244,101,69,-1,-1
45,10,1682,1215,239,98,69,-1,-1
45,10,1683,1224,236,98,69,-1,-1
45,10,1684,1233,235,92,58,-1,-1
45,10,1685,1240,233,92,58,-1,-1
45,10,1686,1244,231,92,58,-1,-1
45,10,1687,1250,229,92,58,-1,-1
45,10,1688,1261,225,84,57,-1,-1
45,10,1689,1266,221,84,57,-1,-1
45,10,1690,1270,219,84,57,-1,-1
45,10,1691,1274,214,84,57,-1,-1
45,10,1692,1278,214,84,57,-1,-1
45,10,1693,1284,208,84,57,-1,-1
45,10,1694,1288,209,84,57,-1,-1
45,10,1695,1297,205,80,56,-1,-1
45,10,1696,1300,204,76,54,-1,-1
45,10,1697,1307,201,72,55,-1,-1
45,10,1698,1311,197,72,55,-1,-1
45,10,1699,1315,198,72,55,-1,-1
45,10,1700,1319,194,72,55,-1,-1
45,10,1701,1325,195,68,49,-1,-1
45,10,1702,1328,195,68,49,-1,-1
45,10,1703,1332,191,67,55,-1,-1
45,10,1704,1337,188,67,55,-1,-1
45,10,1705,1338,186,67,55,-1,-1
45,10,1706,1343,185,64,53,-1,-1
45,10,1707,1347,182,64,53,-1,-1
45,10,1708,1349,181,64,53,-1,-1
45,10,1709,1353,179,64,53,-1,-1
45,10,1710,1356,178,59,50,-1,-1
45,10,1711,1361,176,59,50,-1,-1
45,10,1712,1363,175,59,50,-1,-1
45,10,1713,1366,175,59,50,-1,-1
45,10,1714,1369,173,60,51,-1,-1
45,10,1715,1370,173,55,44,-1,-1
45,10,1716,1373,173,53,42,-1,-1
45,10,1717,1377,172,50,45,-1,-1
45,10,1718,1379,171,50,42,-1,-1
45,10,1719,1382,168,51,42,-1,-1
45,10,1720,1385,168,50,42,-1,-1
45,10,1721,1387,167,51,42,-1,-1
45,10,1722,1389,167,52,41,-1,-1
45,10,1723,1392,166,49,42,-1,-1
45,10,1724,1395,160,48,43,-1,-1
45,10,1725,1396,164,49,37,-1,-1
45,10,1726,1397,162,51,38,-1,-1
45,10,1727,1399,160,53,41,-1,-1
45,10,1728,1403,159,50,37,-1,-1
45,10,1729,1407,156,48,40,-1,-1
45,10,1730,1408,154,49,43,-1,-1
45,10,1731,1408,151,54,45,-1,-1
45,10,1732,1411,150,54,45,-1,-1
45,10,1733,1415,150,51,43,-1,-1
45,10,1734,1418,150,51,43,-1,-1
45,10,1735,1418,148,51,43,-1,-1
45,10,1736,1420,149,49,40,-1,-1
45,10,1737,1420,148,49,41,-1,-1
45,11,1862,21,745,583,305,-1,-1
45,11,1863,144,696,445,289,-1,-1
45,11,1864,237,663,445,275,-1,-1
45,11,1865,337,625,417,229,-1,-1
45,11,1866,418,587,378,232,-1,-1
45,11,1867,481,562,360,215,-1,-1
45,11,1868,541,534,332,203,-1,-1
45,11,1869,599,516,302,178,-1,-1
45,11,1870,651,501,278,159,-1,-1
45,11,1871,698,485,257,149,-1,-1
45,11,1872,737,470,257,149,-1,-1
45,11,1873,788,441,224,142,-1,-1
45,11,1874,823,423,215,138,-1,-1
45,11,1875,846,410,204,138,-1,-1
45,11,1876,870,398,204,126,-1,-1
45,11,1877,895,387,191,126,-1,-1
45,11,1878,923,374,175,114,-1,-1
45,11,1879,943,363,173,113,-1,-1
45,11,1880,966,355,164,107,-1,-1
45,11,1881,988,344,155,99,-1,-1
45,11,1882,1006,339,155,99,-1,-1
45,11,1883,1018,330,155,99,-1,-1
45,11,1884,1035,321,148,94,-1,-1
45,11,1885,1053,311,137,91,-1,-1
45,11,1886,1070,306,132,92,-1,-1
45,11,1887,1084,298,128,91,-1,-1
45,11,1888,1096,293,120,87,-1,-1
45,11,1889,1108,288,116,80,-1,-1
45,11,1890,1121,283,110,80,-1,-1
45,11,1891,1133,275,110,80,-1,-1
45,11,1892,1141,270,110,80,-1,-1
45,11,1893,1151,265,110,80,-1,-1
45,11,1894,1160,266,110,72,-1,-1
45,11,1895,1168,260,110,72,-1,-1
45,11,1896,1181,254,100,72,-1,-1
45,11,1897,1191,250,98,71,-1,-1
45,11,1898,1195,246,98,71,-1,-1
45,11,1899,1207,241,92,66,-1,-1
45,11,1900,1212,239,92,66,-1,-1
45,11,1901,1219,235,92,66,-1,-1
45,11,1902,1228,232,88,66,-1,-1
45,11,1903,1235,230,88,66,-1,-1
45,11,1904,1240,227,87,61,-1,-1
45,11,1905,1250,225,80,59,-1,-1
45,11,1906,1254,222,80,59,-1,-1
45,11,1907,1261,218,80,59,-1,-1
45,11,1908,1266,215,80,59,-1,-1
45,11,1909,1270,214,80,59,-1,-1
45,11,1910,1277,211,74,55,-1,-1
45,11,1911,1284,209,71,56,-1,-1
45,11,1912,1289,206,71,56,-1,-1
45,11,1913,1290,205,71,56,-1,-1
45,11,1914,1295,202,71,56,-1,-1
45,11,1915,1300,197,71,56,-1,-1
45,11,1916,1307,196,71,56,-1,-1
45,11,1917,1310,194,70,51,-1,-1
45,11,1918,1316,195,66,47,-1,-1
45,11,1919,1317,192,66,47,-1,-1
45,11,1920,1323,189,63,49,-1,-1
45,11,1921,1325,185,63,49,-1,-1
45,11,1922,1329,184,63,49,-1,-1
45,11,1923,1332,182,63,49,-1,-1
45,11,1924,1337,184,63,49,-1,-1
45,11,1925,1342,185,59,45,-1,-1
45,11,1926,1344,182,59,45,-1,-1
45,11,1927,1347,180,59,45,-1,-1
45,11,1928,1349,177,59,45,-1,-1
45,11,1929,1353,178,59,45,-1,-1
45,11,1930,1356,174,58,46,-1,-1
45,11,1931,1361,174,55,40,-1,-1
45,11,1932,1363,172,55,40,-1,-1
45,11,1933,1365,169,55,40,-1,-1
45,11,1934,1366,169,55,40,-1,-1
45,11,1935,1371,168,55,40,-1,-1
45,11,1936,1373,168,55,40,-1,-1
45,11,1937,1376,168,53,39,-1,-1
45,11,1938,1381,166,50,40,-1,-1
45,11,1939,1382,163,47,43,-1,-1
45,11,1940,1386,163,47,39,-1,-1
45,11,1941,1390,163,47,39,-1,-1
45,11,1942,1391,161,47,39,-1,-1
45,11,1943,1392,159,47,39,-1,-1
45,11,1944,1395,160,45,36,-1,-1
45,11,1945,1396,161,45,36,-1,-1
45,11,1946,1397,160,45,36,-1,-1
45,11,1947,1400,158,45,36,-1,-1
45,11,1948,1403,154,45,36,-1,-1
45,11,1949,1406,155,45,36,-1,-1
45,11,1950,1406,153,45,36,-1,-1
45,11,1951,1407,150,45,36,-1,-1
45,11,1952,1412,151,45,36,-1,-1
45,11,1953,1412,150,45,36,-1,-1
45,11,1954,1414,151,45,36,-1,-1
45,11,1955,1416,148,45,36,-1,-1
45,11,1956,1416,148,45,36,-1,-1
45,11,1957,1419,147,45,36,-1,-1
45,11,1958,1422,145,45,36,-1,-1
45,11,1959,1424,147,43,32,-1,-1
45,11,1960,1425,147,42,32,-1,-1
45,11,1961,1428,146,41,32,-1,-1
45,11,1962,1430,146,41,30,-1,-1
45,11,1963,1428,144,42,30,-1,-1
45,11,1964,1428,143,41,31,-1,-1
45,11,1965,1431,142,41,30,-1,-1
45,11,1966,1432,142,42,31,-1,-1
45,12,2323,91,700,560,333,-1,-1
45,12,2324,151,658,537,341,-1,-1
45,12,2325,263,625,477,322,-1,-1
45,12,2326,334,600,435,292,-1,-1
45,12,2327,389,570,421,279,-1,-1
45,12,2328,443,550,400,258,-1,-1
45,12,2329,499,529,372,250,-1,-1
45,12,2330,549,514,351,227,-1,-1
45,12,2331,594,496,329,216,-1,-1
45,12,2332,637,478,312,202,-1,-1
45,12,2333,676,462,297,192,-1,-1
45,12,2334,716,454,283,179,-1,-1
45,12,2335,737,427,283,179,-1,-1
45,12,2336,769,417,261,179,-1,-1
45,12,2337,794,408,256,160,-1,-1
45,12,2338,826,396,237,159,-1,-1
45,12,2339,858,386,224,154,-1,-1
45,12,2340,873,376,224,141,-1,-1
45,12,2341,901,363,205,141,-1,-1
45,12,2342,916,349,208,148,-1,-1
45,12,2343,942,347,187,132,-1,-1
45,12,2344,958,342,187,132,-1,-1
45,12,2345,978,332,177,134,-1,-1
45,12,2346,994,323,173,121,-1,-1
45,12,2347,1005,320,173,121,-1,-1
45,12,2348,1022,312,166,119,-1,-1
45,12,2349,1036,305,159,118,-1,-1
45,12,2350,1050,300,153,115,-1,-1
45,12,2351,1061,295,153,109,-1,-1
45,12,2352,1078,291,140,104,-1,-1
45,12,2353,1087,284,140,104,-1,-1
45,12,2354,1100,281,136,95,-1,-1
45,12,2355,1110,277,132,96,-1,-1
45,12,2356,1119,271,132,96,-1,-1
45,12,2357,1128,269,132,96,-1,-1
45,12,2358,1138,266,125,92,-1,-1
45,12,2359,1148,260,119,93,-1,-1
45,12,2360,1156,259,119,93,-1,-1
45,12,2361,1162,253,119,93,-1,-1
45,12,2362,1173,251,112,84,-1,-1
45,12,2363,1183,249,109,85,-1,-1
45,12,2364,1188,245,109,85,-1,-1
45,12,2365,1195,238,109,85,-1,-1
45,12,2366,1204,233,103,84,-1,-1
45,12,2367,1208,233,103,84,-1,-1
45,12,2368,1214,229,103,84,-1,-1
45,12,2369,1221,227,98,74,-1,-1
45,12,2370,1227,227,98,74,-1,-1
45,12,2371,1233,224,98,74,-1,-1
45,12,2372,1235,223,98,74,-1,-1
45,12,2373,1240,221,98,74,-1,-1
45,12,2374,1250,219,93,72,-1,-1
45,12,2375,1256,216,93,72,-1,-1
45,12,2376,1259,210,93,72,-1,-1
45,12,2377,1263,210,93,72,-1,-1
45,12,2378,1267,210,93,72,-1,-1
45,12,2379,1273,211,90,69,-1,-1
45,12,2380,1278,211,90,69,-1,-1
45,12,2381,1283,203,90,69,-1,-1
45,12,2382,1287,201,81,71,-1,-1
45,12,2383,1293,195,81,71,-1,-1
45,12,2384,1295,195,81,71,-1,-1
45,12,2385,1300,195,81,68,-1,-1
45,12,2386,1304,197,77,63,-1,-1
45,12,2387,1307,192,77,63,-1,-1
45,12,2388,1311,191,77,63,-1,-1
45,12,2389,1317,191,74,58,-1,-1
45,12,2390,1320,190,74,58,-1,-1
45,12,2391,1321,189,74,58,-1,-1
45,12,2392,1325,186,74,58,-1,-1
45,12,2393,1327,186,74,58,-1,-1
45,12,2394,1333,187,70,56,-1,-1
45,12,2395,1336,183,70,56,-1,-1
45,12,2396,1338,179,70,56,-1,-1
45,12,2397,1342,179,70,56,-1,-1
45,12,2398,1346,176,70,56,-1,-1
45,12,2399,1348,175,70,56,-1,-1
45,12,2400,1349,178,65,52,-1,-1
45,12,2401,1353,179,65,48,-1,-1
45,12,2402,1355,176,65,48,-1,-1
45,12,2403,1358,175,65,48,-1,-1
45,12,2404,1362,173,62,51,-1,-1
45,12,2405,1365,174,62,51,-1,-1
45,12,2406,1369,171,59,48,-1,-1
45,12,2407,1370,170,59,48,-1,-1
45,12,2408,1371,170,59,48,-1,-1
45,12,2409,1374,166,59,48,-1,-1
45,12,2410,1377,163,59,48,-1,-1
45,12,2411,1379,161,59,48,-1,-1
45,12,2412,1381,163,59,48,-1,-1
45,12,2413,1382,161,59,48,-1,-1
45,12,2414,1385,160,59,48,-1,-1
45,12,2415,1387,160,59,48,-1,-1
45,12,2416,1389,158,59,48,-1,-1
45,12,2417,1390,156,59,48,-1,-1
45,12,2418,1391,157,59,48,-1,-1
45,12,2419,1393,155,59,48,-1,-1
45,12,2420,1397,154,57,48,-1,-1
45,12,2421,1398,156,54,45,-1,-1
45,12,2422,1401,157,51,42,-1,-1
45,12,2423,1406,154,51,42,-1,-1
45,12,2424,1407,153,51,42,-1,-1
45,12,2425,1407,154,51,42,-1,-1
45,12,2426,1410,154,51,42,-1,-1
45,12,2427,1410,152,51,42,-1,-1
45,12,2428,1411,151,51,42,-1,-1
45,12,2429,1413,149,51,42,-1,-1
45,12,2430,1417,148,51,42,-1,-1
45,12,2431,1416,147,51,42,-1,-1
45,12,2432,1416,149,51,42,-1,-1
45,13,2415,63,743,587,337,-1,-1
45,13,2416,155,697,542,331,-1,-1
45,13,2417,230,664,510,298,-1,-1
45,13,2418,346,630,438,267,-1,-1
45,13,2419,434,612,390,235,-1,-1
45,13,2420,487,577,372,226,-1,-1
45,13,2421,547,557,344,207,-1,-1
45,13,2422,593,526,328,197,-1,-1
45,13,2423,631,496,321,198,-1,-1
45,13,2424,678,483,291,176,-1,-1
45,13,2425,709,469,281,176,-1,-1
45,13,2426,762,458,256,153,-1,-1
45,13,2427,810,445,228,144,-1,-1
45,13,2428,820,432,228,139,-1,-1
45,13,2429,853,414,217,132,-1,-1
45,13,2430,874,404,210,130,-1,-1
45,13,2431,914,395,189,118,-1,-1
45,13,2432,937,384,178,114,-1,-1
45,13,2433,956,370,171,115,-1,-1
45,13,2434,975,361,169,109,-1,-1
45,13,2435,994,357,161,101,-1,-1
45,13,2436,1013,347,152,104,-1,-1
45,13,2437,1028,337,148,101,-1,-1
45,13,2438,1041,332,145,93,-1,-1
45,13,2439,1056,324,141,92,-1,-1
45,13,2440,1074,312,134,93,-1,-1
45,13,2441,1089,307,126,92,-1,-1
45,13,2442,1098,304,126,92,-1,-1
45,13,2443,1108,300,120,88,-1,-1
45,13,2444,1123,293,120,88,-1,-1
45,13,2445,1133,285,117,80,-1,-1
45,13,2446,1142,282,115,80,-1,-1
45,13,2447,1149,280,115,80,-1,-1
45,13,2448,1159,274,110,73,-1,-1
45,13,2449,1166,270,111,74,-1,-1
45,13,2450,1179,266,105,70,-1,-1
45,13,2451,1185,261,105,72,-1,-1
45,13,2452,1195,259,98,68,-1,-1
45,13,2453,1200,254,98,68,-1,-1
45,13,2454,1209,251,93,69,-1,-1
45,13,2455,1216,247,93,69,-1,-1
45,13,2456,1223,242,93,69,-1,-1
45,13,2457,1229,241,91,61,-1,-1
45,13,2458,1237,237,86,65,-1,-1
45,13,2459,1240,234,86,65,-1,-1
45,13,2460,1246,233,85,59,-1,-1
45,13,2461,1252,231,85,59,-1,-1
45,13,2462,1257,228,85,59,-1,-1
45,13,2463,1262,224,83,55,-1,-1
45,13,2464,1266,221,79,56,-1,-1
45,13,2465,1272,220,79,56,-1,-1
45,13,2466,1278,220,79,56,-1,-1
45,13,2467,1284,215,74,54,-1,-1
45,13,2468,1287,213,74,54,-1,-1
45,13,2469,1290,212,74,54,-1,-1
45,13,2470,1294,208,74,54,-1,-1
45,13,2471,1298,206,74,54,-1,-1
45,13,2472,1303,204,74,54,-1,-1
45,13,2473,1307,201,70,55,-1,-1
45,13,2474,1310,200,70,55,-1,-1
45,13,2475,1312,197,70,55,-1,-1
45,13,2476,1317,196,69,53,-1,-1
45,13,2477,1322,194,68,50,-1,-1
45,13,2478,1325,195,67,48,-1,-1
45,13,2479,1327,194,67,48,-1,-1
45,13,2480,1332,192,64,45,-1,-1
45,13,2481,1334,191,64,45,-1,-1
45,13,2482,1339,188,64,45,-1,-1
45,13,2483,1343,187,58,44,-1,-1
45,13,2484,1344,185,58,44,-1,-1
45,13,2485,1349,183,58,44,-1,-1
45,13,2486,1352,184,58,44,-1,-1
45,13,2487,1356,182,58,44,-1,-1
45,13,2488,1358,179,58,44,-1,-1
45,13,2489,1358,179,58,44,-1,-1
45,13,2490,1363,178,55,42,-1,-1
45,13,2491,1366,177,55,42,-1,-1
45,13,2492,1367,176,55,39,-1,-1
45,13,2493,1369,175,55,39,-1,-1
45,13,2494,1371,173,55,39,-1,-1
45,13,2495,1374,171,53,38,-1,-1
45,13,2496,1376,170,53,38,-1,-1
45,13,2497,1378,170,53,38,-1,-1
45,13,2498,1380,170,53,38,-1,-1
45,13,2499,1381,169,53,38,-1,-1
45,13,2500,1384,166,53,38,-1,-1
45,13,2501,1388,164,51,39,-1,-1
45,13,2502,1392,164,47,38,-1,-1
45,13,2503,1393,161,47,38,-1,-1
45,13,2504,1393,161,47,38,-1,-1
45,13,2505,1396,159,47,38,-1,-1
45,13,2506,1397,159,47,38,-1,-1
45,13,2507,1400,157,47,38,-1,-1
45,13,2508,1402,157,47,38,-1,-1
45,13,2509,1403,155,47,38,-1,-1
45,13,2510,1406,152,47,38,-1,-1
45,13,2511,1406,151,47,38,-1,-1
45,13,2512,1409,153,47,38,-1,-1
45,13,2513,1409,153,47,38,-1,-1
45,13,2514,1410,151,47,38,-1,-1
45,13,2515,1411,150,47,38,-1,-1
45,13,2516,1413,151,45,36,-1,-1
45,13,2517,1417,150,45,36,-1,-1
45,13,2518,1418,148,45,36,-1,-1
45,13,2519,1419,148,45,35,-1,-1
45,13,2520,1422,149,43,34,-1,-1
45,13,2521,1425,149,42,32,-1,-1
45,13,2522,1426,148,43,32,-1,-1
45,14,2538,100,697,525,326,-1,-1
45,14,2539,188,655,489,292,-1,-1
45,14,2540,258,630,466,272,-1,-1
45,14,2541,347,599,413,259,-1,-1
45,14,2542,413,577,389,235,-1,-1
45,14,2543,477,549,360,219,-1,-1
45,14,2544,530,531,336,202,-1,-1
45,14,2545,577,507,323,190,-1,-1
45,14,2546,623,494,302,176,-1,-1
45,14,2547,669,471,279,168,-1,-1
45,14,2548,707,455,266,160,-1,-1
45,14,2549,744,441,253,148,-1,-1
45,14,2550,773,431,238,138,-1,-1
45,14,2551,809,421,222,132,-1,-1
45,14,2552,834,409,216,119,-1,-1
45,14,2553,860,397,208,122,-1,-1
45,14,2554,884,382,200,124,-1,-1
45,14,2555,909,371,189,121,-1,-1
45,14,2556,929,361,184,116,-1,-1
45,14,2557,950,355,175,110,-1,-1
45,14,2558,971,344,169,109,-1,-1
45,14,2559,988,333,159,110,-1,-1
45,14,2560,1004,330,157,99,-1,-1
45,14,2561,1019,321,151,97,-1,-1
45,14,2562,1038,317,145,97,-1,-1
45,14,2563,1047,312,145,97,-1,-1
45,14,2564,1064,304,138,97,-1,-1
45,14,2565,1076,297,138,97,-1,-1
45,14,2566,1090,291,127,97,-1,-1
45,14,2567,1104,288,124,89,-1,-1
45,14,2568,1115,283,121,88,-1,-1
45,14,2569,1123,279,121,88,-1,-1
45,14,2570,1134,275,116,88,-1,-1
45,14,2571,1145,266,113,80,-1,-1
45,14,2572,1152,262,113,80,-1,-1
45,14,2573,1162,262,107,80,-1,-1
45,14,2574,1171,254,107,80,-1,-1
45,14,2575,1177,253,106,74,-1,-1
45,14,2576,1183,256,106,74,-1,-1
45,14,2577,1196,248,101,70,-1,-1
45,14,2578,1201,243,97,71,-1,-1
45,14,2579,1209,242,97,71,-1,-1
45,14,2580,1214,237,97,71,-1,-1
45,14,2581,1223,233,91,71,-1,-1
45,14,2582,1230,229,91,71,-1,-1
45,14,2583,1237,228,89,68,-1,-1
45,14,2584,1244,227,84,63,-1,-1
45,14,2585,1250,224,82,64,-1,-1
45,14,2586,1256,220,81,64,-1,-1
45,14,2587,1262,218,82,60,-1,-1
45,14,2588,1267,216,78,58,-1,-1
45,14,2589,1273,213,77,61,-1,-1
45,14,2590,1276,212,77,59,-1,-1
45,14,2591,1280,211,77,53,-1,-1
45,14,2592,1285,206,76,56,-1,-1
45,14,2593,1291,205,73,54,-1,-1
45,14,2594,1296,203,73,54,-1,-1
45,14,2595,1300,202,71,55,-1,-1
45,14,2596,1304,199,69,55,-1,-1
45,14,2597,1307,197,71,53,-1,-1
45,14,2598,1312,196,70,53,-1,-1
45,14,2599,1315,195,69,50,-1,-1
45,14,2600,1318,192,69,50,-1,-1
45,14,2601,1320,189,69,50,-1,-1
45,14,2602,1325,188,69,50,-1,-1
45,14,2603,1328,187,69,50,-1,-1
45,14,2604,1334,185,65,48,-1,-1
45,14,2605,1335,183,65,48,-1,-1
45,14,2606,1340,182,65,48,-1,-1
45,14,2607,1341,181,65,48,-1,-1
45,14,2608,1347,179,61,47,-1,-1
45,14,2609,1350,178,61,47,-1,-1
45,14,2610,1354,177,61,47,-1,-1
45,14,2611,1356,176,61,47,-1,-1
45,14,2612,1359,174,61,47,-1,-1
45,14,2613,1361,172,61,47,-1,-1
45,14,2614,1365,172,58,45,-1,-1
45,14,2615,1367,170,58,45,-1,-1
45,14,2616,1368,167,58,45,-1,-1
45,14,2617,1373,166,54,45,-1,-1
45,14,2618,1377,164,54,45,-1,-1
45,14,2619,1380,166,54,45,-1,-1
45,14,2620,1382,165,53,42,-1,-1
45,14,2621,1383,164,53,42,-1,-1
45,14,2622,1385,163,53,42,-1,-1
45,14,2623,1387,163,53,42,-1,-1
45,14,2624,1391,163,53,42,-1,-1
45,14,2625,1392,159,53,42,-1,-1
45,14,2626,1394,159,53,42,-1,-1
45,14,2627,1396,158,53,42,-1,-1
45,14,2628,1397,158,53,42,-1,-1
45,14,2629,1400,157,53,42,-1,-1
45,14,2630,1401,154,53,42,-1,-1
45,14,2631,1404,155,53,42,-1,-1
45,14,2632,1405,153,53,42,-1,-1
45,14,2633,1406,153,53,42,-1,-1
45,14,2634,1408,151,53,42,-1,-1
45,14,2635,1410,150,53,42,-1,-1
45,14,2636,1411,150,53,42,-1,-1
45,14,2637,1412,148,53,42,-1,-1
45,14,2638,1417,149,50,40,-1,-1
45,14,2639,1419,150,48,38,-1,-1
45,14,2640,1422,149,48,38,-1,-1
45,14,2641,1424,148,46,36,-1,-1
45,14,2642,1427,144,46,36,-1,-1
45,15,2519,578,681,472,368,-1,-1
45,15,2520,657,647,424,313,-1,-1
45,15,2521,727,611,382,273,-1,-1
45,15,2522,785,573,349,261,-1,-1
45,15,2523,835,551,318,233,-1,-1
45,15,2524,878,524,296,219,-1,-1
45,15,2525,919,502,272,198,-1,-1
45,15,2526,954,479,260,189,-1,-1
45,15,2527,984,462,243,169,-1,-1
45,15,2528,1015,449,231,161,-1,-1
45,15,2529,1039,428,216,163,-1,-1
45,15,2530,1063,413,204,147,-1,-1
45,15,2531,1083,400,193,139,-1,-1
45,15,2532,1103,393,185,126,-1,-1
45,15,2533,1120,379,176,126,-1,-1
45,15,2534,1133,368,172,119,-1,-1
45,15,2535,1149,361,164,113,-1,-1
45,15,2536,1162,351,164,113,-1,-1
45,15,2537,1173,342,159,105,-1,-1
45,15,2538,1190,334,152,100,-1,-1
45,15,2539,1202,325,142,101,-1,-1
45,15,2540,1213,320,135,96,-1,-1
45,15,2541,1223,314,131,89,-1,-1
45,15,2542,1234,306,125,85,-1,-1
45,15,2543,1244,301,120,82,-1,-1
45,15,2544,1254,296,116,83,-1,-1
45,15,2545,1260,290,115,79,-1,-1
45,15,2546,1270,283,110,76,-1,-1
45,15,2547,1276,276,110,76,-1,-1
45,15,2548,1281,270,110,76,-1,-1
45,15,2549,1290,267,104,68,-1,-1
45,15,2550,1296,261,100,69,-1,-1
45,15,2551,1301,257,100,69,-1,-1
45,15,2552,1309,255,96,66,-1,-1
45,15,2553,1312,252,96,66,-1,-1
45,15,2554,1320,246,94,67,-1,-1
45,15,2555,1323,242,92,67,-1,-1
45,15,2556,1329,237,87,67,-1,-1
45,15,2557,1335,238,88,58,-1,-1
45,15,2558,1338,235,88,58,-1,-1
45,15,2559,1343,230,88,58,-1,-1
45,15,2560,1346,227,85,59,-1,-1
45,15,2561,1352,226,82,59,-1,-1
45,15,2562,1356,221,82,59,-1,-1
45,15,2563,1360,219,78,56,-1,-1
45,15,2564,1364,215,78,56,-1,-1
45,15,2565,1365,213,78,56,-1,-1
45,15,2566,1371,210,74,56,-1,-1
45,15,2567,1377,209,71,51,-1,-1
45,15,2568,1380,207,71,51,-1,-1
45,15,2569,1383,203,71,51,-1,-1
45,15,2570,1385,202,71,51,-1,-1
45,15,2571,1388,199,71,51,-1,-1
45,15,2572,1391,196,71,51,-1,-1
45,15,2573,1395,197,67,51,-1,-1
45,15,2574,1399,195,67,51,-1,-1
45,15,2575,1401,190,65,50,-1,-1
45,15,2576,1404,193,62,45,-1,-1
45,15,2577,1407,188,62,45,-1,-1
45,15,2578,1410,188,62,45,-1,-1
45,15,2579,1411,188,62,45,-1,-1
45,15,2580,1415,185,62,45,-1,-1
45,15,2581,1417,180,62,45,-1,-1
45,15,2582,1419,180,62,45,-1,-1
45,15,2583,1422,180,60,44,-1,-1
45,15,2584,1425,179,59,43,-1,-1
45,15,2585,1425,176,59,43,-1,-1
45,15,2586,1429,175,56,41,-1,-1
45,15,2587,1433,170,56,41,-1,-1
45,15,2588,1434,174,56,37,-1,-1
45,16,2643,641,631,506,449,-1,-1
45,16,2644,724,597,456,396,-1,-1
45,16,2645,801,557,405,358,-1,-1
45,16,2646,865,526,361,318,-1,-1
45,16,2647,920,499,331,285,-1,-1
45,16,2648,962,476,304,257,-1,-1
45,16,2649,1002,446,279,246,-1,-1
45,16,2650,1036,429,261,221,-1,-1
45,16,2651,1067,412,242,208,-1,-1
45,16,2652,1090,396,230,198,-1,-1
45,16,2653,1113,378,220,189,-1,-1
45,16,2654,1134,362,209,180,-1,-1
45,16,2655,1155,348,199,171,-1,-1
45,16,2656,1171,336,190,163,-1,-1
45,16,2657,1187,326,181,155,-1,-1
45,16,2658,1202,319,172,148,-1,-1
45,16,2659,1218,311,164,141,-1,-1
45,16,2660,1228,300,164,141,-1,-1
45,16,2661,1254,301,145,119,-1,-1
45,16,2662,1257,292,145,119,-1,-1
45,16,2663,1268,285,138,113,-1,-1
45,16,2664,1275,276,138,113,-1,-1
45,16,2665,1284,273,132,108,-1,-1
45,16,2666,1298,264,124,106,-1,-1
45,16,2667,1303,261,124,106,-1,-1
45,16,2668,1312,256,118,101,-1,-1
45,16,2669,1320,248,118,101,-1,-1
45,16,2670,1325,246,116,95,-1,-1
45,16,2671,1339,239,107,89,-1,-1
45,16,2672,1341,235,107,89,-1,-1
45,16,2673,1348,233,102,85,-1,-1
45,16,2674,1355,229,97,81,-1,-1
45,16,2675,1360,226,97,81,-1,-1
45,16,2676,1362,223,97,81,-1,-1
45,16,2677,1367,219,97,81,-1,-1
45,16,2678,1374,216,92,77,-1,-1
45,16,2679,1378,214,92,77,-1,-1
45,16,2680,1380,206,92,77,-1,-1
45,16,2681,1389,207,83,68,-1,-1
45,16,2682,1393,206,83,68,-1,-1
45,16,2683,1396,204,83,68,-1,-1
45,16,2684,1401,203,79,65,-1,-1
45,16,2685,1403,200,79,65,-1,-1
45,16,2686,1406,198,79,65,-1,-1
45,16,2687,1409,195,79,65,-1,-1
45,16,2688,1414,192,75,62,-1,-1
45,16,2689,1418,192,72,59,-1,-1
45,16,2690,1421,188,72,59,-1,-1
45,16,2691,1422,187,72,59,-1,-1
45,16,2692,1424,184,72,59,-1,-1
45,16,2693,1427,183,72,59,-1,-1
45,17,30,69,709,535,338,-1,-1
45,17,31,148,669,509,323,-1,-1
45,17,32,279,634,447,281,-1,-1
45,17,33,349,607,399,269,-1,-1
45,17,34,413,574,377,279,-1,-1
45,17,35,487,556,344,244,-1,-1
45,17,36,539,532,324,211,-1,-1
45,17,37,592,504,307,210,-1,-1
45,17,38,642,483,287,208,-1,-1
45,17,39,687,463,268,184,-1,-1
45,17,40,729,447,255,175,-1,-1
45,17,41,764,437,243,167,-1,-1
45,17,42,800,422,234,167,-1,-1
45,17,43,833,404,217,155,-1,-1
45,17,44,864,394,200,145,-1,-1
45,17,45,887,382,200,145,-1,-1
45,17,46,917,369,187,133,-1,-1
45,17,47,939,360,176,130,-1,-1
45,17,48,963,349,167,123,-1,-1
45,17,49,981,341,167,123,-1,-1
45,17,50,1000,329,157,130,-1,-1
45,17,51,1020,326,152,114,-1,-1
45,17,52,1032,317,151,122,-1,-1
45,17,53,1049,310,145,107,-1,-1
45,17,54,1060,303,145,107,-1,-1
45,17,55,1076,299,136,106,-1,-1
45,17,56,1088,290,136,106,-1,-1
45,17,57,1102,283,136,106,-1,-1
45,17,58,1111,278,136,106,-1,-1
45,17,59,1124,276,127,100,-1,-1
45,17,60,1137,270,123,90,-1,-1
45,17,61,1147,266,119,94,-1,-1
45,17,62,1158,262,115,88,-1,-1
45,17,63,1168,259,110,83,-1,-1
45,17,64,1176,254,109,86,-1,-1
45,17,65,1188,250,103,83,-1,-1
45,17,66,1198,249,100,74,-1,-1
45,17,67,1207,247,100,74,-1,-1
45,17,68,1210,243,100,74,-1,-1
45,17,69,1218,240,100,74,-1,-1
45,17,70,1227,237,95,66,-1,-1
45,17,71,1234,233,95,66,-1,-1
45,17,72,1240,228,93,68,-1,-1
45,17,73,1246,225,93,68,-1,-1
45,17,74,1251,219,93,68,-1,-1
45,17,75,1261,221,85,61,-1,-1
45,17,76,1266,219,85,61,-1,-1
45,17,77,1271,213,85,61,-1,-1
45,17,78,1274,212,85,61,-1,-1
45,17,79,1287,214,81,58,-1,-1
45,18,59,436,419,682,637,-1,-1
45,18,60,496,399,645,610,-1,-1
45,18,61,554,372,612,567,-1,-1
45,18,62,633,367,553,529,-1,-1
45,18,63,670,360,531,501,-1,-1
45,18,64,719,341,496,479,-1,-1
45,18,65,763,330,461,471,-1,-1
45,18,66,795,317,448,452,-1,-1
45,18,67,834,305,418,427,-1,-1
45,18,68,860,299,406,407,-1,-1
45,18,69,897,297,379,381,-1,-1
45,18,70,928,283,358,366,-1,-1
45,18,71,953,278,338,350,-1,-1
45,18,72,981,265,321,342,-1,-1
45,18,73,990,255,321,342,-1,-1
45,18,74,1009,252,311,318,-1,-1
45,18,75,1032,248,292,301,-1,-1
45,18,76,1051,242,284,295,-1,-1
45,18,77,1070,239,270,278,-1,-1
45,18,78,1082,235,263,270,-1,-1
45,18,79,1094,227,256,269,-1,-1
45,18,80,1110,223,250,262,-1,-1
45,18,81,1116,222,250,262,-1,-1
45,18,82,1138,221,236,245,-1,-1
45,18,83,1150,217,228,235,-1,-1
45,18,84,1157,210,223,234,-1,-1
45,18,85,1163,204,223,234,-1,-1
45,18,86,1181,203,209,217,-1,-1
45,18,87,1192,196,199,218,-1,-1
45,18,88,1200,198,196,208,-1,-1
45,18,89,1211,195,196,208,-1,-1
45,18,90,1215,190,196,208,-1,-1
45,18,91,1224,193,188,193,-1,-1
45,18,92,1230,191,180,187,-1,-1
45,18,93,1240,189,172,180,-1,-1
45,18,94,1244,183,172,180,-1,-1
45,18,95,1252,184,167,172,-1,-1
45,18,96,1261,178,168,182,-1,-1
45,18,97,1264,175,168,182,-1,-1
45,18,98,1270,180,161,160,-1,-1
45,18,99,1276,180,161,160,-1,-1
45,18,100,1282,179,154,159,-1,-1
45,18,101,1287,180,154,159,-1,-1
45,18,102,1291,176,148,151,-1,-1
45,18,103,1297,176,147,152,-1,-1
45,18,104,1301,168,147,152,-1,-1
45,18,105,1306,168,144,146,-1,-1
45,18,106,1309,165,144,146,-1,-1
45,18,107,1317,163,136,145,-1,-1
45,18,108,1323,161,136,145,-1,-1
45,18,109,1325,160,136,145,-1,-1
45,18,110,1331,161,130,129,-1,-1
45,18,111,1333,159,130,129,-1,-1
45,18,112,1338,158,130,129,-1,-1
45,18,113,1341,156,130,129,-1,-1
45,18,114,1344,154,130,129,-1,-1
45,18,115,1351,153,121,130,-1,-1
45,18,116,1354,154,121,130,-1,-1
45,18,117,1355,149,121,130,-1,-1
45,18,118,1361,148,115,120,-1,-1
45,18,119,1362,147,115,120,-1,-1
45,18,120,1366,147,116,121,-1,-1
45,18,121,1371,146,116,121,-1,-1
45,18,122,1376,148,110,116,-1,-1
45,18,123,1381,150,103,106,-1,-1
45,18,124,1382,147,104,110,-1,-1
45,18,125,1387,145,98,109,-1,-1
45,19,211,368,256,966,824,-1,-1
45,19,212,480,253,865,789,-1,-1
45,19,213,559,246,795,698,-1,-1
45,19,214,656,240,699,639,-1,-1
45,19,215,716,233,648,610,-1,-1
45,19,216,768,224,600,581,-1,-1
45,19,217,815,215,561,554,-1,-1
45,19,218,854,218,522,500,-1,-1
45,19,219,902,212,486,470,-1,-1
45,19,220,929,208,469,440,-1,-1
45,19,221,965,203,432,427,-1,-1
45,19,222,994,205,412,393,-1,-1
45,19,223,1011,199,398,378,-1,-1
45,19,224,1041,197,371,360,-1,-1
45,19,225,1057,192,356,351,-1,-1
45,19,226,1074,189,339,336,-1,-1
45,19,227,1100,187,318,321,-1,-1
45,19,228,1121,184,301,307,-1,-1
45,19,229,1139,184,283,300,-1,-1
45,19,230,1150,184,278,285,-1,-1
45,19,231,1166,179,267,279,-1,-1
45,19,232,1176,172,261,280,-1,-1
45,19,233,1178,172,271,261,-1,-1
45,19,234,1195,169,256,256,-1,-1
45,19,235,1208,167,239,250,-1,-1
45,19,236,1219,167,232,245,-1,-1
45,19,237,1229,162,219,240,-1,-1
45,19,238,1237,160,216,229,-1,-1
45,19,239,1245,159,209,225,-1,-1
45,19,240,1256,159,202,215,-1,-1
45,19,241,1263,157,197,214,-1,-1
45,19,242,1269,154,194,203,-1,-1
45,19,243,1278,153,191,199,-1,-1
45,19,244,1286,151,183,196,-1,-1
45,19,245,1294,149,178,189,-1,-1
45,19,246,1298,153,176,181,-1,-1
45,19,247,1304,150,166,181,-1,-1
45,19,248,1309,146,165,173,-1,-1
45,19,249,1316,147,167,164,-1,-1
45,19,250,1324,146,155,167,-1,-1
45,19,251,1325,145,153,163,-1,-1
45,19,252,1328,143,153,163,-1,-1
45,19,253,1336,142,146,155,-1,-1
45,19,254,1336,142,146,155,-1,-1
45,19,255,1339,137,145,156,-1,-1
45,19,256,1344,136,145,156,-1,-1
45,19,257,1350,139,141,144,-1,-1
45,19,258,1351,139,141,144,-1,-1
45,20,291,92,692,612,359,-1,-1
45,20,292,167,652,586,352,-1,-1
45,20,293,287,624,509,328,-1,-1
45,20,294,369,592,462,295,-1,-1
45,20,295,432,571,435,262,-1,-1
45,20,296,490,539,402,239,-1,-1
45,20,297,562,517,370,223,-1,-1
45,20,298,610,495,346,211,-1,-1
45,20,299,656,478,325,201,-1,-1
45,20,300,700,462,304,187,-1,-1
45,20,301,742,444,285,175,-1,-1
45,20,302,777,431,271,167,-1,-1
45,20,303,802,418,264,167,-1,-1
45,20,304,836,407,250,153,-1,-1
45,20,305,858,397,239,142,-1,-1
45,20,306,895,384,223,143,-1,-1
45,20,307,921,368,212,140,-1,-1
45,20,308,943,359,199,135,-1,-1
45,20,309,958,352,199,135,-1,-1
45,20,310,977,341,195,127,-1,-1
45,20,311,999,333,181,118,-1,-1
45,20,312,1018,328,178,117,-1,-1
45,20,313,1028,322,172,114,-1,-1
45,20,314,1047,315,166,109,-1,-1
45,20,315,1062,305,162,111,-1,-1
45,20,316,1077,297,156,109,-1,-1
45,20,317,1092,293,150,107,-1,-1
45,20,318,1107,290,139,100,-1,-1
45,20,319,1114,286,143,95,-1,-1
45,20,320,1126,280,140,98,-1,-1
45,20,321,1135,276,135,92,-1,-1
45,20,322,1147,271,130,91,-1,-1
45,20,323,1158,266,124,87,-1,-1
45,20,324,1164,263,124,87,-1,-1
45,20,325,1173,257,124,87,-1,-1
45,20,326,1183,252,118,86,-1,-1
45,20,327,1190,246,118,86,-1,-1
45,20,328,1194,246,118,86,-1,-1
45,20,329,1208,241,110,76,-1,-1
45,20,330,1211,241,110,76,-1,-1
45,20,331,1222,239,106,73,-1,-1
45,20,332,1226,233,106,73,-1,-1
45,20,333,1232,229,105,73,-1,-1
45,20,334,1238,223,105,73,-1,-1
45,20,335,1241,221,105,73,-1,-1
45,20,336,1254,217,94,74,-1,-1
45,20,337,1258,217,94,74,-1,-1
45,20,338,1262,209,94,74,-1,-1
45,20,339,1263,209,94,74,-1,-1
45,20,340,1275,208,94,74,-1,-1
45,20,341,1276,210,91,64,-1,-1
45,20,342,1284,205,91,64,-1,-1
45,20,343,1288,202,91,64,-1,-1
45,20,344,1293,201,85,65,-1,-1
45,20,345,1295,198,85,65,-1,-1
45,20,346,1300,196,85,65,-1,-1
45,20,347,1303,198,83,57,-1,-1
45,20,348,1306,196,83,57,-1,-1
45,20,349,1310,194,83,57,-1,-1
45,20,350,1320,190,75,60,-1,-1
45,20,351,1323,188,75,60,-1,-1
45,20,352,1324,188,75,60,-1,-1
45,20,353,1330,187,75,60,-1,-1
45,20,354,1331,189,75,60,-1,-1
45,20,355,1336,185,72,53,-1,-1
45,20,356,1338,182,72,53,-1,-1
45,20,357,1341,183,72,53,-1,-1
45,20,358,1348,180,65,52,-1,-1
45,20,359,1349,182,65,52,-1,-1
45,20,360,1354,179,65,47,-1,-1
45,20,361,1355,175,65,47,-1,-1
45,20,362,1358,174,65,47,-1,-1
45,20,363,1359,173,65,47,-1,-1
45,20,364,1360,172,65,47,-1,-1
45,20,365,1361,172,65,47,-1,-1
45,20,366,1368,168,63,51,-1,-1
45,20,367,1371,168,61,48,-1,-1
45,20,368,1372,167,61,48,-1,-1
45,20,369,1373,167,61,48,-1,-1
45,20,370,1376,168,61,48,-1,-1
45,20,371,1381,164,59,45,-1,-1
45,20,372,1382,166,59,45,-1,-1
45,20,373,1383,166,59,45,-1,-1
45,20,374,1386,161,59,45,-1,-1
45,20,375,1388,161,58,46,-1,-1
45,20,376,1391,158,58,46,-1,-1
45,20,377,1390,158,58,46,-1,-1
45,21,342,13,685,670,395,-1,-1
45,21,343,119,657,603,390,-1,-1
45,21,344,208,621,557,370,-1,-1
45,21,345,311,586,496,345,-1,-1
45,21,346,367,565,483,318,-1,-1
45,21,347,447,534,435,298,-1,-1
45,21,348,512,516,393,272,-1,-1
45,21,349,566,490,373,264,-1,-1
45,21,350,616,468,350,251,-1,-1
45,21,351,666,457,328,228,-1,-1
45,21,352,708,445,300,213,-1,-1
45,21,353,742,432,287,198,-1,-1
45,21,354,778,418,278,188,-1,-1
45,21,355,809,402,264,181,-1,-1
45,21,356,842,394,249,173,-1,-1
45,21,357,870,379,238,168,-1,-1
45,21,358,893,370,227,160,-1,-1
45,21,359,911,357,227,160,-1,-1
45,21,360,939,349,211,150,-1,-1
45,21,361,960,338,202,147,-1,-1
45,21,362,982,334,194,138,-1,-1
45,21,363,998,329,188,131,-1,-1
45,21,364,1015,321,179,128,-1,-1
45,21,365,1030,312,174,129,-1,-1
45,21,366,1047,308,166,122,-1,-1
45,21,367,1061,303,159,113,-1,-1
45,21,368,1075,297,153,109,-1,-1
45,21,369,1087,287,150,112,-1,-1
45,21,370,1101,281,144,109,-1,-1
45,21,371,1109,274,144,109,-1,-1
45,21,372,1126,266,135,106,-1,-1
45,21,373,1136,265,132,105,-1,-1
45,21,374,1148,263,125,97,-1,-1
45,21,375,1156,260,122,95,-1,-1
45,21,376,1163,256,121,93,-1,-1
45,21,377,1175,250,117,94,-1,-1
45,21,378,1182,252,116,89,-1,-1
45,21,379,1189,245,114,91,-1,-1
45,21,380,1196,241,112,88,-1,-1
45,21,381,1204,239,110,86,-1,-1
45,21,382,1214,235,104,81,-1,-1
45,21,383,1219,233,103,82,-1,-1
45,21,384,1224,228,101,81,-1,-1
45,21,385,1230,226,102,78,-1,-1
45,21,386,1238,226,96,76,-1,-1
45,21,387,1244,223,96,71,-1,-1
45,21,388,1248,220,95,74,-1,-1
45,21,389,1255,217,91,70,-1,-1
45,21,390,1261,216,89,70,-1,-1
45,21,391,1268,214,87,68,-1,-1
45,21,392,1272,212,87,68,-1,-1
45,21,393,1276,208,86,67,-1,-1
45,21,394,1280,209,83,66,-1,-1
45,21,395,1284,205,83,65,-1,-1
45,21,396,1290,204,81,64,-1,-1
45,21,397,1293,201,81,65,-1,-1
45,21,398,1298,201,80,60,-1,-1
45,21,399,1302,199,79,60,-1,-1
45,21,400,1307,196,78,62,-1,-1
45,21,401,1309,193,78,58,-1,-1
45,21,402,1313,193,77,59,-1,-1
45,21,403,1316,191,75,57,-1,-1
45,21,404,1321,187,73,61,-1,-1
45,21,405,1324,188,73,57,-1,-1
45,21,406,1329,187,69,54,-1,-1
45,21,407,1330,182,72,56,-1,-1
45,21,408,1335,181,67,57,-1,-1
45,21,409,1337,182,69,54,-1,-1
45,21,410,1341,179,67,53,-1,-1
45,21,411,1344,178,66,52,-1,-1
45,21,412,1346,176,67,53,-1,-1
45,21,413,1346,174,69,53,-1,-1
45,21,414,1351,173,66,52,-1,-1
45,21,415,1353,171,66,50,-1,-1
45,21,416,1359,172,62,50,-1,-1
45,21,417,1361,170,63,52,-1,-1
45,21,418,1363,170,59,48,-1,-1
45,21,419,1367,170,58,47,-1,-1
45,21,420,1368,168,60,48,-1,-1
45,21,421,1371,164,59,50,-1,-1
45,21,422,1372,164,59,48,-1,-1
45,21,423,1372,164,61,45,-1,-1
45,21,424,1374,161,62,49,-1,-1
45,21,425,1377,162,60,47,-1,-1
45,21,426,1380,161,58,45,-1,-1
45,21,427,1383,161,57,44,-1,-1
45,21,428,1383,160,59,44,-1,-1
45,21,429,1387,157,57,46,-1,-1
45,21,430,1390,158,58,45,-1,-1
45,21,431,1393,160,57,40,-1,-1
45,21,432,1394,158,58,42,-1,-1
45,21,433,1395,157,58,41,-1,-1
45,21,434,1399,157,54,39,-1,-1
45,21,435,1401,154,55,41,-1,-1
45,21,436,1401,154,56,42,-1,-1
45,21,437,1406,153,52,41,-1,-1
45,21,438,1408,152,50,40,-1,-1
45,21,439,1408,152,52,37,-1,-1
