45,1,1244,490,538,313,236,-1,-1
45,1,1245,537,502,315,238,-1,-1
45,1,1246,586,495,307,212,-1,-1
45,1,1247,624,485,294,193,-1,-1
45,1,1248,663,464,276,190,-1,-1
45,1,1249,694,449,266,178,-1,-1
45,1,1250,730,436,256,168,-1,-1
45,1,1253,832,412,208,138,-1,-1
45,1,1254,856,402,199,132,-1,-1
45,1,1255,874,391,194,126,-1,-1
45,1,1256,894,382,192,121,-1,-1
45,1,1257,914,373,187,116,-1,-1
45,1,1258,934,364,179,111,-1,-1
45,1,1259,948,354,173,109,-1,-1
45,1,1260,967,346,168,106,-1,-1
45,1,1261,986,337,162,103,-1,-1
45,1,1262,1000,329,157,101,-1,-1
45,1,1263,1015,322,151,99,-1,-1
45,1,1264,1027,320,146,93,-1,-1
45,1,1265,1040,312,141,93,-1,-1
45,1,1266,1055,311,135,86,-1,-1
45,1,1267,1067,306,133,83,-1,-1
45,1,1268,1079,300,129,82,-1,-1
45,1,1269,1090,294,126,80,-1,-1
45,1,1270,1100,289,123,79,-1,-1
45,1,1271,1110,284,121,78,-1,-1
45,1,1272,1122,281,117,76,-1,-1
45,1,1273,1130,277,113,73,-1,-1
45,1,1274,1139,273,110,71,-1,-1
45,1,1275,1146,271,109,69,-1,-1
45,1,1276,1156,267,106,68,-1,-1
45,1,1277,1165,263,103,67,-1,-1
45,1,1278,1172,259,101,67,-1,-1
45,1,1279,1178,254,100,67,-1,-1
45,1,1280,1185,250,99,66,-1,-1
45,1,1281,1192,248,98,65,-1,-1
45,1,1282,1199,247,96,62,-1,-1
45,1,1283,1205,243,95,62,-1,-1
45,1,1284,1212,240,91,61,-1,-1
45,1,1285,1218,238,88,59,-1,-1
45,1,1286,1224,236,88,57,-1,-1
45,1,1287,1231,234,86,56,-1,-1
45,1,1288,1237,231,83,55,-1,-1
45,1,1289,1241,230,82,54,-1,-1
45,1,1290,1246,228,80,53,-1,-1
45,1,1291,1252,225,79,52,-1,-1
45,1,1292,1256,223,78,51,-1,-1
45,1,1293,1262,223,77,49,-1,-1
45,1,1294,1264,220,77,49,-1,-1
45,1,1295,1269,217,76,49,-1,-1
45,1,1296,1274,215,74,48,-1,-1
45,1,1297,1280,213,70,48,-1,-1
45,1,1298,1285,212,69,47,-1,-1
45,1,1299,1287,210,68,46,-1,-1
45,1,1300,1291,207,68,46,-1,-1
45,1,1301,1295,204,68,46,-1,-1
45,1,1302,1300,203,66,46,-1,-1
45,1,1303,1303,201,66,46,-1,-1
45,1,1304,1306,199,65,45,-1,-1
45,1,1305,1310,198,64,44,-1,-1
45,1,1306,1314,197,63,43,-1,-1
45,1,1307,1317,196,62,43,-1,-1
45,1,1308,1320,194,61,43,-1,-1
45,1,1309,1322,192,62,43,-1,-1
45,1,1310,1325,191,62,42,-1,-1
45,1,1311,1328,190,60,41,-1,-1
45,1,1312,1333,189,58,40,-1,-1
45,1,1313,1336,187,58,40,-1,-1
45,1,1314,1338,185,58,40,-1,-1
45,1,1315,1340,184,59,39,-1,-1
45,1,1316,1343,183,57,38,-1,-1
45,1,1317,1347,182,54,38,-1,-1
45,1,1318,1350,180,53,39,-1,-1
45,1,1319,1352,179,53,39,-1,-1
45,1,1320,1353,178,55,38,-1,-1
45,1,1321,1356,177,54,39,-1,-1
45,2,1062,629,478,295,175,-1,-1
45,2,1063,674,451,271,175,-1,-1
45,2,1064,711,437,257,163,-1,-1
45,2,1065,745,434,249,158,-1,-1
45,2,1066,772,420,226,148,-1,-1
45,2,1071,888,369,193,124,-1,-1
45,2,1072,910,359,190,123,-1,-1
45,2,1073,928,349,186,121,-1,-1
45,2,1074,950,345,176,115,-1,-1
45,2,1076,967,325,181,112,-1,-1
45,2,1077,988,319,170,111,-1,-1
45,2,1078,1005,318,163,103,-1,-1
45,2,1079,1014,313,165,101,-1,-1
45,2,1080,1025,308,162,97,-1,-1
45,2,1081,1037,304,158,94,-1,-1
45,2,1082,1055,296,145,94,-1,-1
45,2,1083,1070,292,140,92,-1,-1
45,2,1084,1082,287,137,90,-1,-1
45,2,1085,1092,283,133,86,-1,-1
45,2,1086,1099,279,134,85,-1,-1
45,2,1087,1108,276,131,81,-1,-1
45,2,1088,1118,273,128,78,-1,-1
45,2,1089,1130,269,122,76,-1,-1
45,2,1090,1138,264,120,77,-1,-1
45,2,1091,1148,258,117,79,-1,-1
45,2,1092,1155,255,114,77,-1,-1
45,2,1093,1164,251,111,75,-1,-1
45,2,1094,1172,249,108,74,-1,-1
45,2,1095,1179,246,106,72,-1,-1
45,2,1096,1185,244,106,70,-1,-1
45,2,1097,1187,242,109,68,-1,-1
45,2,1098,1195,240,105,65,-1,-1
45,2,1099,1203,236,103,66,-1,-1
45,2,1100,1211,233,98,65,-1,-1
45,2,1101,1215,230,98,65,-1,-1
45,2,1102,1221,228,96,64,-1,-1
45,2,1103,1228,225,91,63,-1,-1
45,2,1104,1235,223,88,62,-1,-1
45,2,1105,1242,222,86,61,-1,-1
45,2,1106,1247,220,83,60,-1,-1
45,2,1110,1266,213,81,56,-1,-1
45,2,1111,1269,211,80,56,-1,-1
45,2,1147,1378,166,54,39,-1,-1
45,2,1150,1385,162,52,39,-1,-1
45,2,1152,1388,160,52,39,-1,-1
45,3,308,951,360,189,120,-1,-1
45,3,309,965,354,185,116,-1,-1
45,3,310,981,340,183,114,-1,-1
45,3,311,999,330,180,112,-1,-1
45,3,312,1017,323,175,108,-1,-1
45,3,313,1037,318,164,102,-1,-1
45,3,314,1049,311,162,99,-1,-1
45,3,315,1063,305,158,96,-1,-1
45,3,316,1079,300,150,92,-1,-1
45,3,317,1090,294,147,90,-1,-1
45,3,318,1104,287,140,87,-1,-1
45,3,319,1116,285,136,84,-1,-1
45,3,320,1128,280,134,83,-1,-1
45,3,321,1141,273,128,83,-1,-1
45,3,322,1149,266,126,83,-1,-1
45,3,323,1161,263,122,80,-1,-1
45,3,324,1170,259,117,78,-1,-1
45,3,325,1181,256,112,73,-1,-1
45,3,326,1187,251,112,73,-1,-1
45,3,327,1196,247,109,73,-1,-1
45,3,328,1204,244,106,70,-1,-1
45,3,329,1212,240,103,70,-1,-1
45,3,330,1219,238,103,69,-1,-1
45,3,331,1225,234,101,67,-1,-1
45,3,332,1232,230,99,66,-1,-1
45,3,333,1237,228,98,66,-1,-1
45,3,334,1244,226,95,65,-1,-1
45,3,335,1251,225,92,62,-1,-1
45,3,336,1256,222,91,61,-1,-1
45,3,337,1261,220,91,59,-1,-1
45,3,338,1267,217,89,60,-1,-1
45,3,339,1272,214,87,59,-1,-1
45,3,340,1278,212,85,58,-1,-1
45,3,341,1283,210,83,57,-1,-1
45,3,342,1287,208,83,55,-1,-1
45,3,343,1292,206,82,55,-1,-1
45,3,344,1297,204,79,54,-1,-1
45,3,345,1301,202,77,53,-1,-1
45,3,346,1305,200,77,53,-1,-1
45,3,347,1310,198,76,52,-1,-1
45,3,348,1314,196,74,52,-1,-1
45,3,349,1317,195,73,51,-1,-1
45,3,350,1321,193,73,51,-1,-1
45,3,351,1325,194,72,48,-1,-1
45,3,352,1330,191,70,49,-1,-1
45,3,353,1333,188,69,49,-1,-1
45,3,354,1335,186,68,49,-1,-1
45,3,355,1339,187,67,48,-1,-1
45,3,356,1343,186,66,46,-1,-1
45,3,357,1345,184,66,46,-1,-1
45,3,358,1348,182,65,47,-1,-1
45,3,359,1351,179,64,48,-1,-1
45,3,360,1353,178,64,46,-1,-1
45,3,361,1357,177,61,45,-1,-1
45,3,362,1361,176,60,44,-1,-1
45,3,363,1364,175,60,44,-1,-1
45,3,364,1367,173,60,44,-1,-1
45,3,365,1369,172,58,43,-1,-1
45,3,366,1372,171,56,42,-1,-1
45,3,367,1375,171,55,41,-1,-1
45,3,368,1376,170,57,41,-1,-1
45,3,369,1378,168,57,41,-1,-1
45,3,370,1380,167,56,40,-1,-1
45,3,371,1382,167,55,40,-1,-1
45,3,372,1385,166,54,39,-1,-1
45,3,373,1387,165,53,39,-1,-1
45,3,374,1389,163,52,39,-1,-1
45,4,60,1139,271,118,88,-1,-1
45,4,61,1148,267,118,84,-1,-1
45,4,62,1155,264,119,80,-1,-1
45,4,63,1169,260,113,77,-1,-1
45,4,64,1179,254,107,77,-1,-1
45,4,65,1188,250,104,75,-1,-1
45,4,66,1198,248,102,71,-1,-1
45,4,67,1206,245,99,68,-1,-1
45,4,68,1215,241,95,69,-1,-1
45,4,69,1222,235,93,69,-1,-1
45,4,70,1230,232,91,68,-1,-1
45,4,75,1263,219,82,63,-1,-1
45,5,598,605,486,310,203,-1,-1
45,5,599,649,460,296,198,-1,-1
45,5,600,682,443,287,194,-1,-1
45,5,601,721,429,255,182,-1,-1
45,5,602,759,424,222,166,-1,-1
45,5,603,795,413,219,153,-1,-1
45,5,604,820,402,216,143,-1,-1
45,5,605,857,392,199,134,-1,-1
45,5,606,877,381,197,131,-1,-1
45,5,607,894,375,196,123,-1,-1
45,5,608,918,365,187,119,-1,-1
45,5,609,934,360,181,111,-1,-1
45,5,610,952,350,177,109,-1,-1
45,5,611,968,344,172,103,-1,-1
45,5,612,988,323,165,113,-1,-1
45,5,613,1002,312,161,117,-1,-1
45,5,614,1016,310,158,110,-1,-1
45,5,615,1026,307,157,102,-1,-1
45,5,616,1040,301,154,98,-1,-1
45,5,617,1058,296,145,95,-1,-1
45,5,618,1072,293,139,91,-1,-1
45,5,619,1087,289,132,87,-1,-1
45,5,620,1096,285,128,83,-1,-1
45,5,621,1109,281,124,81,-1,-1
45,5,622,1118,276,123,80,-1,-1
45,5,623,1129,271,120,80,-1,-1
45,5,624,1139,265,115,80,-1,-1
45,5,625,1149,260,114,80,-1,-1
45,5,626,1158,256,110,77,-1,-1
45,5,627,1166,254,108,74,-1,-1
45,5,628,1174,252,105,72,-1,-1
45,5,629,1182,248,102,71,-1,-1
45,5,630,1188,244,102,70,-1,-1
45,5,631,1196,243,100,67,-1,-1
45,5,632,1204,240,98,67,-1,-1
45,5,633,1211,236,95,66,-1,-1
45,5,634,1217,232,93,66,-1,-1
45,5,635,1223,229,92,65,-1,-1
45,5,636,1230,227,89,63,-1,-1
45,5,637,1236,226,86,61,-1,-1
45,5,638,1242,224,83,59,-1,-1
45,5,639,1249,223,81,58,-1,-1
45,5,640,1252,221,81,56,-1,-1
45,5,641,1257,219,80,55,-1,-1
45,5,642,1262,216,79,55,-1,-1
45,5,643,1267,213,78,55,-1,-1
45,5,644,1272,211,77,55,-1,-1
45,5,645,1277,209,75,53,-1,-1
45,5,646,1281,207,74,51,-1,-1
45,5,647,1285,205,73,51,-1,-1
45,5,648,1290,203,72,51,-1,-1
45,5,649,1294,201,71,51,-1,-1
45,5,650,1299,200,69,50,-1,-1
45,5,651,1302,199,69,49,-1,-1
45,5,652,1306,198,68,48,-1,-1
45,5,653,1310,196,67,48,-1,-1
45,5,654,1314,194,66,48,-1,-1
45,5,655,1317,193,65,46,-1,-1
45,5,656,1321,192,64,45,-1,-1
45,5,657,1325,190,63,45,-1,-1
45,5,658,1329,189,62,45,-1,-1
45,5,659,1332,188,62,43,-1,-1
45,5,660,1334,187,62,42,-1,-1
45,5,661,1337,184,61,44,-1,-1
45,5,662,1341,182,60,44,-1,-1
45,5,663,1345,181,58,43,-1,-1
45,5,664,1347,180,57,42,-1,-1
45,5,665,1349,179,59,42,-1,-1
45,5,666,1352,178,58,41,-1,-1
45,5,667,1355,176,57,40,-1,-1
45,5,668,1357,175,56,40,-1,-1
45,5,669,1360,173,55,40,-1,-1
45,5,670,1363,172,54,39,-1,-1
45,5,671,1365,171,54,39,-1,-1
45,5,672,1367,170,54,39,-1,-1
45,5,673,1369,169,54,39,-1,-1
45,5,674,1372,168,53,39,-1,-1
45,5,675,1374,167,53,39,-1,-1
45,6,65,913,418,278,386,-1,-1
45,6,66,905,370,307,396,-1,-1
45,6,67,918,350,308,391,-1,-1
45,6,68,932,318,315,393,-1,-1
45,6,70,947,267,326,394,-1,-1
45,6,71,965,255,317,386,-1,-1
45,6,72,968,259,325,353,-1,-1
45,6,73,1004,246,297,345,-1,-1
45,6,74,1017,253,294,314,-1,-1
45,6,75,1036,265,284,278,-1,-1
45,6,76,1049,253,279,270,-1,-1
45,6,77,1068,245,270,257,-1,-1
45,6,78,1086,241,259,250,-1,-1
45,6,79,1098,231,255,256,-1,-1
45,6,80,1111,227,246,246,-1,-1
45,6,81,1125,228,240,235,-1,-1
45,6,82,1136,218,234,233,-1,-1
45,6,83,1148,214,231,230,-1,-1
45,6,84,1157,211,227,224,-1,-1
45,6,85,1170,207,216,214,-1,-1
45,6,86,1179,202,212,216,-1,-1
45,6,87,1191,198,206,203,-1,-1
45,6,88,1198,194,203,205,-1,-1
45,6,89,1209,190,191,194,-1,-1
45,6,90,1215,188,188,187,-1,-1
45,6,91,1226,185,182,184,-1,-1
45,6,92,1229,185,179,177,-1,-1
45,6,93,1236,183,179,171,-1,-1
45,6,94,1245,182,166,167,-1,-1
45,6,95,1251,180,166,170,-1,-1
45,6,96,1259,179,159,161,-1,-1
45,6,97,1266,174,162,159,-1,-1
45,6,98,1272,171,159,161,-1,-1
45,6,99,1280,171,153,150,-1,-1
45,6,100,1283,170,152,145,-1,-1
45,6,101,1290,168,147,146,-1,-1
45,6,102,1295,168,142,144,-1,-1
45,6,103,1299,166,140,138,-1,-1
45,6,104,1305,166,137,136,-1,-1
45,6,105,1311,163,134,140,-1,-1
45,6,106,1315,161,133,138,-1,-1
45,6,107,1320,160,131,136,-1,-1
45,6,108,1324,157,130,137,-1,-1
45,6,109,1328,155,130,134,-1,-1
45,6,110,1332,155,128,126,-1,-1
45,6,111,1336,154,126,123,-1,-1
45,6,112,1341,153,124,120,-1,-1
45,6,113,1346,152,122,118,-1,-1
45,6,114,1348,151,121,123,-1,-1
45,6,115,1350,151,121,122,-1,-1
45,6,116,1354,151,119,114,-1,-1
45,6,117,1358,150,119,114,-1,-1
45,6,118,1361,149,118,117,-1,-1
45,6,119,1365,147,116,116,-1,-1
45,6,120,1367,144,119,117,-1,-1
45,6,121,1371,143,114,116,-1,-1
45,6,122,1375,142,111,114,-1,-1
45,6,123,1378,141,109,108,-1,-1
45,6,124,1382,141,108,104,-1,-1
45,6,125,1385,140,106,103,-1,-1
45,6,126,1387,139,104,102,-1,-1
45,6,127,1389,139,104,100,-1,-1
45,6,128,1393,138,100,99,-1,-1
45,6,129,1395,139,98,100,-1,-1
45,6,130,1397,139,96,102,-1,-1
45,6,131,1400,139,94,100,-1,-1
45,6,132,1402,138,92,97,-1,-1
45,6,133,1404,138,90,98,-1,-1
45,7,1866,444,602,311,203,-1,-1
45,7,1867,492,568,309,201,-1,-1
45,7,1868,545,542,300,184,-1,-1
45,7,1869,604,515,275,175,-1,-1
45,7,1870,654,494,234,159,-1,-1
45,7,1871,703,473,221,150,-1,-1
45,7,1872,744,455,221,143,-1,-1
45,7,1873,780,441,215,132,-1,-1
45,7,1874,820,429,205,129,-1,-1
45,7,1875,844,408,205,132,-1,-1
45,7,1876,873,393,195,126,-1,-1
45,7,1877,900,381,185,120,-1,-1
45,7,1878,923,365,176,119,-1,-1
45,7,1879,945,352,172,114,-1,-1
45,7,1880,960,349,170,108,-1,-1
45,7,1881,984,343,159,102,-1,-1
45,7,1882,1005,330,150,102,-1,-1
45,7,1883,1020,323,148,99,-1,-1
45,7,1884,1035,318,144,92,-1,-1
45,7,1885,1051,310,138,88,-1,-1
45,7,1886,1066,305,134,84,-1,-1
45,7,1887,1082,299,127,81,-1,-1
45,7,1888,1098,297,123,76,-1,-1
45,7,1889,1110,288,120,77,-1,-1
45,7,1890,1122,281,115,75,-1,-1
45,7,1891,1133,275,112,74,-1,-1
45,7,1892,1143,269,112,75,-1,-1
45,7,1893,1155,266,107,72,-1,-1
45,7,1894,1165,262,103,69,-1,-1
45,7,1895,1173,258,100,67,-1,-1
45,7,1896,1183,255,96,65,-1,-1
45,7,1897,1192,251,95,64,-1,-1
45,7,1898,1203,247,91,62,-1,-1
45,7,1899,1210,243,89,61,-1,-1
45,7,1900,1217,241,88,60,-1,-1
45,7,1901,1223,237,88,59,-1,-1
45,7,1902,1231,233,85,59,-1,-1
45,7,1903,1239,230,82,58,-1,-1
45,7,1904,1245,228,79,56,-1,-1
45,7,1905,1251,226,78,55,-1,-1
45,7,1906,1257,223,77,53,-1,-1
45,7,1907,1264,219,75,53,-1,-1
45,7,1908,1269,216,73,52,-1,-1
45,7,1909,1275,213,72,53,-1,-1
45,7,1910,1280,210,70,53,-1,-1
45,7,1911,1285,209,70,51,-1,-1
45,7,1912,1290,207,70,49,-1,-1
45,7,1913,1295,205,69,48,-1,-1
45,7,1914,1300,203,66,48,-1,-1
45,7,1915,1303,201,66,47,-1,-1
45,7,1916,1308,199,65,47,-1,-1
45,7,1917,1313,197,63,47,-1,-1
45,7,1918,1317,195,63,45,-1,-1
45,7,1919,1321,194,62,44,-1,-1
45,7,1920,1325,192,61,43,-1,-1
45,7,1921,1330,196,58,38,-1,-1
45,7,1922,1332,190,60,41,-1,-1
45,7,1923,1336,188,58,41,-1,-1
45,7,1924,1340,186,56,41,-1,-1
45,7,1925,1343,184,55,40,-1,-1
45,7,1926,1345,182,56,40,-1,-1
45,7,1927,1349,181,55,40,-1,-1
45,7,1928,1352,180,55,39,-1,-1
45,7,1929,1355,178,55,39,-1,-1
45,9,589,915,510,283,190,-1,-1
45,9,590,948,479,269,192,-1,-1
45,9,595,1096,397,197,140,-1,-1
45,9,596,1117,378,185,135,-1,-1
45,9,597,1128,371,186,124,-1,-1
45,9,598,1150,356,177,120,-1,-1
45,9,599,1160,345,174,116,-1,-1
45,9,600,1174,335,167,115,-1,-1
45,9,601,1190,323,158,115,-1,-1
45,9,602,1201,315,152,112,-1,-1
45,9,603,1215,310,145,105,-1,-1
45,9,604,1227,301,139,101,-1,-1
45,9,605,1236,295,136,100,-1,-1
45,9,606,1247,289,132,96,-1,-1
45,9,607,1257,284,128,93,-1,-1
45,9,608,1266,279,123,89,-1,-1
45,9,609,1273,271,122,89,-1,-1
45,9,610,1283,267,118,86,-1,-1
45,9,611,1290,262,113,83,-1,-1
45,9,612,1296,257,112,82,-1,-1
45,9,613,1305,252,107,80,-1,-1
45,9,614,1309,249,107,77,-1,-1
45,9,615,1316,244,104,76,-1,-1
45,9,616,1324,240,101,74,-1,-1
45,9,617,1329,236,98,72,-1,-1
45,9,618,1333,232,96,71,-1,-1
45,9,619,1340,229,93,69,-1,-1
45,9,620,1345,226,89,68,-1,-1
45,9,621,1350,223,88,67,-1,-1
45,9,622,1355,221,86,65,-1,-1
45,9,623,1360,217,83,65,-1,-1
45,9,624,1364,216,81,61,-1,-1
45,9,625,1367,214,79,59,-1,-1
45,9,626,1372,211,78,58,-1,-1
45,9,627,1375,209,76,57,-1,-1
45,9,628,1379,205,75,60,-1,-1
45,9,629,1382,202,74,58,-1,-1
45,9,630,1385,201,73,56,-1,-1
45,9,631,1389,200,71,54,-1,-1
45,9,632,1393,199,69,52,-1,-1
45,9,633,1397,197,68,51,-1,-1
45,9,634,1400,194,65,51,-1,-1
45,9,635,1403,192,63,50,-1,-1
45,9,636,1405,190,62,49,-1,-1
45,9,637,1408,188,61,48,-1,-1
45,9,638,1411,186,61,49,-1,-1
45,9,639,1413,184,60,49,-1,-1
45,9,640,1416,183,59,48,-1,-1
45,9,641,1419,181,58,47,-1,-1
45,9,642,1422,180,58,45,-1,-1
45,9,643,1423,179,57,44,-1,-1
45,9,644,1426,177,54,44,-1,-1
45,9,645,1429,176,53,43,-1,-1
45,9,646,1431,175,52,42,-1,-1
45,9,647,1433,173,52,43,-1,-1
45,9,648,1435,171,52,43,-1,-1
45,9,649,1438,169,52,42,-1,-1
45,9,650,1440,167,51,42,-1,-1
45,9,651,1441,168,51,41,-1,-1
45,9,652,1443,167,52,40,-1,-1
45,9,653,1444,166,52,40,-1,-1
45,11,216,774,371,313,394,-1,-1
45,11,217,980,370,270,388,-1,-1
45,11,218,1031,341,260,384,-1,-1
45,11,219,1026,288,305,393,-1,-1
45,11,220,1047,256,316,394,-1,-1
45,11,221,1069,221,318,395,-1,-1
45,11,222,1062,186,328,400,-1,-1
45,11,223,1066,158,331,397,-1,-1
45,11,226,1090,163,329,328,-1,-1
45,11,227,1099,141,313,331,-1,-1
45,11,228,1115,183,306,280,-1,-1
45,11,229,1135,186,287,261,-1,-1
45,11,230,1154,184,275,258,-1,-1
45,11,231,1162,178,267,251,-1,-1
45,11,232,1173,174,264,250,-1,-1
45,11,233,1185,169,256,241,-1,-1
45,11,234,1196,167,248,234,-1,-1
45,11,235,1210,163,236,231,-1,-1
45,11,236,1224,161,226,222,-1,-1
45,11,237,1231,165,218,209,-1,-1
45,11,238,1237,157,215,212,-1,-1
45,11,239,1245,162,212,202,-1,-1
45,11,240,1253,159,204,194,-1,-1
45,11,241,1261,157,197,194,-1,-1
45,11,243,1278,153,185,184,-1,-1
45,11,244,1285,153,178,181,-1,-1
45,11,245,1293,152,173,171,-1,-1
45,11,246,1299,150,169,168,-1,-1
45,11,247,1304,149,166,165,-1,-1
45,11,248,1310,151,162,162,-1,-1
45,11,249,1317,149,156,159,-1,-1
45,11,250,1323,148,151,155,-1,-1
45,11,251,1330,147,145,152,-1,-1
45,11,252,1334,146,142,152,-1,-1
45,11,253,1336,145,142,150,-1,-1
45,11,255,1345,142,139,145,-1,-1
45,11,256,1349,140,138,145,-1,-1
45,11,257,1352,137,137,145,-1,-1
45,11,258,1355,136,134,141,-1,-1
45,11,259,1360,135,129,140,-1,-1
45,11,260,1365,143,126,128,-1,-1
45,11,261,1370,143,124,126,-1,-1
45,11,262,1372,139,123,129,-1,-1
45,11,263,1375,137,121,128,-1,-1
45,11,264,1379,135,117,126,-1,-1
45,11,265,1381,134,116,125,-1,-1
45,11,266,1384,132,113,124,-1,-1
45,11,267,1387,129,111,125,-1,-1
45,11,268,1388,127,110,124,-1,-1
45,11,269,1392,127,107,123,-1,-1
45,11,270,1396,128,103,117,-1,-1
45,12,1220,983,455,275,216,-1,-1
45,12,1221,1007,443,260,201,-1,-1
45,12,1222,1031,427,245,187,-1,-1
45,12,1223,1050,411,240,185,-1,-1
45,12,1224,1069,398,234,180,-1,-1
45,12,1225,1088,386,221,173,-1,-1
45,12,1226,1107,375,212,165,-1,-1
45,12,1227,1122,369,203,156,-1,-1
45,12,1228,1137,361,195,148,-1,-1
45,12,1229,1150,351,188,145,-1,-1
45,12,1230,1161,344,180,139,-1,-1
45,12,1231,1174,337,173,135,-1,-1
45,12,1232,1183,329,167,133,-1,-1
45,12,1233,1194,321,162,128,-1,-1
45,12,1234,1203,316,157,124,-1,-1
45,12,1235,1212,311,155,121,-1,-1
45,12,1236,1224,307,150,117,-1,-1
45,12,1237,1231,298,149,119,-1,-1
45,12,1238,1240,294,143,115,-1,-1
45,12,1239,1246,293,139,109,-1,-1
45,12,1240,1254,290,140,105,-1,-1
45,12,1241,1263,287,134,101,-1,-1
45,12,1242,1269,282,131,98,-1,-1
45,12,1243,1274,278,131,96,-1,-1
45,12,1244,1280,276,128,92,-1,-1
45,12,1245,1286,272,124,88,-1,-1
45,12,1246,1292,271,123,85,-1,-1
45,12,1247,1299,265,119,86,-1,-1
45,12,1248,1304,258,114,86,-1,-1
45,12,1249,1308,255,113,84,-1,-1
45,12,1250,1313,253,112,81,-1,-1
45,12,1251,1319,250,108,79,-1,-1
45,12,1252,1324,247,106,77,-1,-1
45,12,1253,1326,244,107,78,-1,-1
45,12,1254,1330,240,105,77,-1,-1
45,12,1255,1334,239,102,75,-1,-1
45,12,1256,1339,236,101,74,-1,-1
45,12,1257,1343,233,99,73,-1,-1
45,12,1258,1346,232,97,71,-1,-1
45,12,1259,1349,232,95,67,-1,-1
45,12,1260,1353,229,92,68,-1,-1
45,12,1261,1357,225,92,67,-1,-1
45,12,1262,1361,222,91,66,-1,-1
45,12,1263,1362,219,90,67,-1,-1
45,12,1264,1365,217,89,66,-1,-1
45,12,1265,1369,216,87,65,-1,-1
45,12,1266,1373,214,85,63,-1,-1
45,12,1267,1375,213,85,61,-1,-1
45,12,1268,1378,210,83,61,-1,-1
45,12,1269,1378,208,83,60,-1,-1
45,12,1270,1382,206,80,60,-1,-1
45,12,1271,1385,203,81,61,-1,-1
45,12,1272,1388,201,78,60,-1,-1
45,12,1273,1390,200,78,59,-1,-1
45,12,1274,1393,198,76,58,-1,-1
45,12,1275,1396,197,75,57,-1,-1
45,12,1276,1400,196,74,56,-1,-1
45,12,1277,1402,194,74,57,-1,-1
45,12,1278,1405,192,71,56,-1,-1
45,12,1279,1408,191,69,55,-1,-1
45,12,1280,1410,190,67,54,-1,-1
45,12,1281,1412,188,65,53,-1,-1
45,12,1282,1414,187,64,52,-1,-1
45,12,1283,1416,186,65,51,-1,-1
45,12,1284,1418,187,64,49,-1,-1
45,12,1285,1420,185,63,50,-1,-1
45,12,1286,1422,183,63,49,-1,-1
45,12,1287,1424,181,63,49,-1,-1
45,12,1291,1432,177,58,46,-1,-1
45,12,1292,1434,176,57,45,-1,-1
45,12,1293,1435,174,58,46,-1,-1
45,13,354,777,401,263,189,-1,-1
45,13,358,899,372,215,145,-1,-1
45,13,359,921,366,208,135,-1,-1
45,13,360,946,352,199,135,-1,-1
45,13,361,966,345,190,128,-1,-1
45,13,363,1004,319,178,129,-1,-1
45,13,364,1015,313,177,124,-1,-1
45,13,365,1031,308,173,119,-1,-1
45,13,366,1045,305,170,112,-1,-1
45,13,367,1059,302,163,107,-1,-1
45,13,368,1073,295,160,104,-1,-1
45,13,369,1084,291,155,99,-1,-1
45,13,370,1099,283,146,100,-1,-1
45,13,371,1111,278,143,96,-1,-1
45,13,372,1125,276,137,92,-1,-1
45,13,373,1136,271,132,89,-1,-1
45,13,374,1145,266,130,87,-1,-1
45,13,375,1156,262,126,87,-1,-1
45,13,376,1165,258,122,85,-1,-1
45,13,377,1175,255,118,82,-1,-1
45,13,378,1183,250,116,80,-1,-1
45,13,379,1192,248,113,77,-1,-1
45,13,380,1199,244,110,76,-1,-1
45,13,381,1206,240,108,74,-1,-1
45,13,382,1213,237,107,73,-1,-1
45,13,383,1220,234,105,72,-1,-1
45,13,384,1227,232,102,71,-1,-1
45,13,385,1234,229,99,69,-1,-1
45,13,386,1239,226,97,69,-1,-1
45,13,387,1245,224,96,68,-1,-1
45,13,388,1251,222,94,67,-1,-1
45,13,389,1258,218,91,66,-1,-1
45,13,390,1263,217,88,65,-1,-1
45,13,391,1269,215,86,63,-1,-1
45,13,392,1273,213,87,64,-1,-1
45,13,393,1278,211,85,62,-1,-1
45,13,394,1282,209,84,60,-1,-1
45,13,395,1286,207,83,59,-1,-1
45,13,396,1291,204,81,59,-1,-1
45,13,397,1297,202,79,58,-1,-1
45,13,398,1300,200,78,59,-1,-1
45,13,399,1304,197,77,58,-1,-1
45,13,400,1308,196,75,57,-1,-1
45,13,401,1312,194,73,56,-1,-1
45,13,402,1316,192,73,56,-1,-1
45,13,403,1320,190,72,54,-1,-1
45,13,404,1324,189,71,53,-1,-1
45,13,405,1326,188,70,53,-1,-1
45,13,406,1330,187,69,52,-1,-1
45,13,407,1334,185,68,51,-1,-1
45,13,408,1337,184,67,50,-1,-1
45,13,409,1340,183,66,49,-1,-1
45,13,410,1343,181,64,49,-1,-1
45,13,411,1346,179,63,49,-1,-1
45,13,412,1349,178,63,48,-1,-1
45,13,413,1352,177,61,47,-1,-1
45,13,414,1355,176,60,46,-1,-1
45,13,415,1358,174,60,45,-1,-1
45,13,416,1360,173,60,46,-1,-1
45,13,417,1363,172,58,45,-1,-1
45,13,418,1366,171,58,44,-1,-1
45,13,419,1368,171,58,43,-1,-1
45,13,420,1370,169,55,43,-1,-1
45,13,421,1373,167,54,43,-1,-1
45,13,422,1375,166,53,43,-1,-1
45,13,423,1377,165,53,43,-1,-1
45,13,424,1380,164,51,43,-1,-1
45,13,425,1382,165,52,41,-1,-1
45,13,426,1384,165,52,40,-1,-1
45,13,427,1387,163,51,40,-1,-1
45,13,428,1389,161,51,40,-1,-1
45,13,429,1391,160,50,41,-1,-1
45,14,1002,789,380,316,399,-1,-1
45,14,1003,821,338,313,398,-1,-1
45,14,1004,841,326,311,383,-1,-1
45,14,1005,877,320,302,369,-1,-1
45,14,1006,908,296,299,375,-1,-1
45,14,1007,948,265,296,377,-1,-1
45,14,1008,1042,216,308,391,-1,-1
45,14,1009,1089,190,303,394,-1,-1
45,14,1010,1086,173,313,395,-1,-1
45,14,1011,1114,158,288,392,-1,-1
45,14,1012,1102,148,303,386,-1,-1
45,14,1013,1096,137,318,382,-1,-1
45,14,1014,1099,138,319,362,-1,-1
45,14,1015,1116,141,297,355,-1,-1
45,14,1016,1114,147,311,308,-1,-1
45,14,1017,1128,157,297,294,-1,-1
45,14,1018,1129,159,298,288,-1,-1
45,14,1019,1142,158,287,275,-1,-1
45,14,1020,1153,157,276,275,-1,-1
45,14,1021,1161,156,270,273,-1,-1
45,14,1022,1173,153,263,266,-1,-1
45,14,1023,1186,153,253,261,-1,-1
45,14,1024,1194,151,247,255,-1,-1
45,14,1025,1205,148,239,253,-1,-1
45,14,1026,1214,146,231,247,-1,-1
45,14,1027,1223,147,224,237,-1,-1
45,14,1028,1230,147,220,230,-1,-1
45,14,1029,1234,146,216,226,-1,-1
45,14,1030,1241,146,211,220,-1,-1
45,14,1031,1247,145,209,216,-1,-1
45,14,1032,1255,145,204,210,-1,-1
45,14,1033,1261,141,201,210,-1,-1
45,14,1034,1266,144,199,203,-1,-1
45,14,1035,1273,141,193,198,-1,-1
45,14,1036,1278,139,188,196,-1,-1
45,14,1037,1285,138,183,191,-1,-1
45,14,1038,1291,135,179,192,-1,-1
45,14,1039,1297,133,174,191,-1,-1
45,14,1040,1300,133,173,185,-1,-1
45,14,1041,1305,136,168,176,-1,-1
45,14,1042,1310,136,165,172,-1,-1
45,14,1043,1316,136,162,171,-1,-1
45,14,1044,1319,136,159,167,-1,-1
45,14,1045,1323,134,156,165,-1,-1
45,14,1046,1326,131,154,164,-1,-1
45,14,1047,1330,128,154,165,-1,-1
45,14,1048,1333,127,151,163,-1,-1
45,14,1049,1336,126,150,160,-1,-1
45,14,1050,1340,125,147,160,-1,-1
45,14,1051,1345,123,140,158,-1,-1
45,14,1052,1349,121,138,157,-1,-1
45,14,1053,1352,120,137,156,-1,-1
45,14,1054,1355,120,135,154,-1,-1
45,14,1055,1359,122,131,148,-1,-1
45,14,1056,1363,124,127,144,-1,-1
45,14,1057,1364,127,127,138,-1,-1
45,14,1058,1368,127,124,137,-1,-1
45,14,1059,1370,126,124,136,-1,-1
45,14,1060,1373,124,121,135,-1,-1
45,14,1061,1375,122,118,135,-1,-1
45,14,1062,1378,121,115,133,-1,-1
45,14,1063,1382,121,113,130,-1,-1
45,14,1064,1385,120,111,128,-1,-1
45,14,1065,1387,120,109,127,-1,-1
45,14,1066,1388,119,108,127,-1,-1
45,14,1067,1390,119,106,125,-1,-1
45,14,1068,1394,119,103,124,-1,-1
45,14,1069,1396,118,101,123,-1,-1
45,14,1070,1398,120,99,118,-1,-1
45,14,1071,1399,115,96,122,-1,-1
45,19,2524,897,524,271,212,-1,-1
45,19,2525,928,505,258,197,-1,-1
45,19,2526,963,480,240,184,-1,-1
45,19,2527,1001,462,218,171,-1,-1
45,19,2529,1047,431,204,148,-1,-1
45,19,2530,1065,412,198,143,-1,-1
45,19,2531,1085,397,192,137,-1,-1
45,19,2532,1104,384,182,129,-1,-1
45,19,2533,1123,375,176,119,-1,-1
45,19,2534,1140,364,169,113,-1,-1
45,19,2535,1155,353,162,109,-1,-1
45,19,2536,1168,344,156,104,-1,-1
45,19,2537,1180,335,151,101,-1,-1
45,19,2538,1194,326,145,98,-1,-1
45,19,2539,1205,319,139,94,-1,-1
45,19,2540,1217,310,133,92,-1,-1
45,19,2541,1226,305,128,89,-1,-1
45,19,2542,1237,297,123,87,-1,-1
45,19,2543,1246,294,119,82,-1,-1
45,19,2544,1255,289,114,78,-1,-1
45,19,2545,1262,284,112,75,-1,-1
45,19,2546,1269,279,111,73,-1,-1
45,19,2547,1278,273,107,72,-1,-1
45,19,2548,1285,267,104,73,-1,-1
45,19,2549,1293,262,101,71,-1,-1
45,19,2550,1298,259,99,68,-1,-1
45,19,2551,1303,255,97,66,-1,-1
45,19,2552,1309,252,95,64,-1,-1
45,19,2553,1316,249,92,62,-1,-1
45,19,2554,1320,246,93,59,-1,-1
45,19,2555,1326,242,91,58,-1,-1
45,19,2556,1331,239,88,57,-1,-1
45,19,2557,1337,236,85,56,-1,-1
45,19,2558,1342,233,84,55,-1,-1
45,19,2559,1347,230,82,53,-1,-1
45,19,2560,1350,227,80,52,-1,-1
45,19,2561,1354,224,78,52,-1,-1
45,19,2562,1358,222,77,51,-1,-1
45,19,2563,1363,219,76,49,-1,-1
45,19,2564,1367,217,76,49,-1,-1
45,19,2565,1371,215,75,48,-1,-1
45,19,2566,1374,213,73,46,-1,-1
45,19,2567,1377,211,71,46,-1,-1
45,19,2568,1381,208,70,45,-1,-1
45,19,2569,1384,206,69,44,-1,-1
45,19,2570,1387,204,68,45,-1,-1
45,19,2571,1391,201,67,44,-1,-1
45,19,2572,1395,200,66,42,-1,-1
45,19,2573,1397,198,64,41,-1,-1
45,19,2574,1400,196,61,41,-1,-1
45,19,2575,1403,194,61,40,-1,-1
45,19,2576,1406,193,60,40,-1,-1
45,19,2577,1408,191,59,39,-1,-1
45,19,2578,1411,189,58,38,-1,-1
45,19,2579,1414,188,56,38,-1,-1
45,19,2580,1416,187,57,37,-1,-1
45,19,2581,1419,185,56,37,-1,-1
45,20,1224,659,430,291,188,-1,-1
45,20,1225,695,417,274,179,-1,-1
45,20,1226,723,403,264,173,-1,-1
45,20,1227,757,388,252,170,-1,-1
45,20,1232,883,349,204,138,-1,-1
45,20,1233,899,341,201,133,-1,-1
45,20,1234,921,331,193,130,-1,-1
45,20,1235,937,321,191,130,-1,-1
45,20,1236,948,319,189,122,-1,-1
45,20,1237,966,310,176,122,-1,-1
45,20,1238,980,307,171,117,-1,-1
45,20,1239,994,305,167,109,-1,-1
45,20,1240,1008,302,162,104,-1,-1
45,20,1241,1020,296,161,103,-1,-1
45,20,1242,1028,290,160,102,-1,-1
45,20,1243,1041,287,156,97,-1,-1
45,20,1244,1055,282,151,94,-1,-1
45,20,1245,1069,279,144,91,-1,-1
45,20,1246,1078,275,142,89,-1,-1
45,20,1247,1090,271,137,87,-1,-1
45,20,1248,1100,267,133,85,-1,-1
45,20,1249,1105,263,133,85,-1,-1
45,20,1250,1116,259,130,84,-1,-1
45,20,1251,1127,254,126,84,-1,-1
45,20,1252,1138,250,121,83,-1,-1
45,20,1253,1144,247,117,82,-1,-1
45,20,1254,1152,246,114,79,-1,-1
45,20,1255,1160,243,112,79,-1,-1
45,20,1256,1167,241,111,77,-1,-1
45,20,1257,1174,238,109,75,-1,-1
45,20,1258,1180,234,107,74,-1,-1
45,20,1259,1187,232,105,72,-1,-1
45,20,1260,1193,230,103,70,-1,-1
45,20,1261,1200,227,102,69,-1,-1
45,20,1262,1205,225,102,69,-1,-1
45,20,1263,1212,223,98,68,-1,-1
45,20,1264,1216,221,97,67,-1,-1
45,20,1265,1221,219,95,66,-1,-1
45,20,1266,1227,217,93,65,-1,-1
45,20,1267,1234,216,91,63,-1,-1
45,20,1268,1237,214,90,63,-1,-1
45,20,1269,1243,211,86,62,-1,-1
45,20,1270,1248,211,86,60,-1,-1
45,20,1271,1253,209,86,58,-1,-1
45,20,1272,1258,207,86,56,-1,-1
45,20,1273,1262,204,84,59,-1,-1
45,20,1274,1263,204,84,57,-1,-1
45,20,1275,1268,202,82,56,-1,-1
45,20,1276,1274,200,80,54,-1,-1
45,20,1277,1279,199,79,54,-1,-1
45,20,1278,1281,197,78,54,-1,-1
45,20,1279,1285,196,77,53,-1,-1
45,20,1280,1287,194,77,53,-1,-1
45,20,1281,1292,192,75,54,-1,-1
45,20,1282,1297,191,73,52,-1,-1
45,20,1283,1300,190,71,50,-1,-1
45,20,1284,1303,188,70,49,-1,-1
45,20,1285,1305,187,69,49,-1,-1
45,20,1286,1309,186,69,49,-1,-1
45,20,1287,1313,184,68,49,-1,-1
45,20,1288,1316,183,68,48,-1,-1
45,20,1289,1317,182,68,48,-1,-1
45,20,1290,1320,181,68,48,-1,-1
45,20,1291,1325,180,65,48,-1,-1
45,20,1292,1329,179,64,47,-1,-1
45,20,1293,1331,178,63,46,-1,-1
45,20,1294,1333,176,62,45,-1,-1
45,20,1295,1336,175,60,45,-1,-1
45,20,1296,1339,173,60,45,-1,-1
45,20,1297,1342,173,61,45,-1,-1
45,20,1298,1345,172,61,44,-1,-1
45,20,1299,1347,171,59,42,-1,-1
45,20,1300,1348,170,58,41,-1,-1
45,20,1301,1351,169,57,41,-1,-1
45,20,1302,1354,168,56,42,-1,-1
45,20,1303,1357,167,56,41,-1,-1
45,20,1304,1359,166,56,40,-1,-1
45,20,1305,1361,165,55,40,-1,-1
45,20,1306,1363,164,53,41,-1,-1
45,20,1307,1366,163,54,41,-1,-1
45,20,1308,1369,162,53,40,-1,-1
45,20,1309,1371,161,52,40,-1,-1
45,21,1295,710,408,283,184,-1,-1
45,21,1296,750,396,261,172,-1,-1
45,21,1297,793,385,235,163,-1,-1
45,21,1299,846,361,224,151,-1,-1
45,21,1300,866,351,221,145,-1,-1
45,21,1301,891,344,211,138,-1,-1
45,21,1302,914,332,205,135,-1,-1
45,21,1303,934,323,198,132,-1,-1
45,21,1304,956,313,186,129,-1,-1
45,21,1305,969,310,183,121,-1,-1
45,21,1306,988,303,177,118,-1,-1
45,21,1307,1009,295,166,115,-1,-1
45,21,1308,1026,288,160,114,-1,-1
45,21,1309,1042,286,154,108,-1,-1
45,21,1310,1056,279,149,105,-1,-1
45,21,1311,1070,273,143,103,-1,-1
45,21,1312,1084,273,139,98,-1,-1
45,21,1313,1095,264,138,98,-1,-1
45,21,1314,1108,260,134,96,-1,-1
45,21,1315,1118,257,130,93,-1,-1
45,21,1316,1128,256,128,87,-1,-1
45,21,1317,1139,251,125,86,-1,-1
45,21,1318,1149,249,122,83,-1,-1
45,21,1319,1158,246,118,80,-1,-1
45,21,1320,1165,240,117,83,-1,-1
45,21,1321,1177,233,111,84,-1,-1
45,21,1322,1187,231,108,82,-1,-1
45,21,1323,1195,230,105,79,-1,-1
45,21,1324,1202,226,102,79,-1,-1
45,21,1325,1209,225,101,75,-1,-1
45,21,1326,1213,222,101,73,-1,-1
45,21,1327,1221,216,99,77,-1,-1
45,21,1328,1228,213,96,76,-1,-1
45,21,1329,1234,210,93,76,-1,-1
45,21,1330,1239,207,92,75,-1,-1
45,21,1331,1245,208,91,71,-1,-1
45,21,1332,1251,205,90,71,-1,-1
45,21,1333,1258,201,87,72,-1,-1
45,21,1334,1264,199,84,72,-1,-1
45,21,1335,1268,198,82,69,-1,-1
45,21,1336,1273,196,80,68,-1,-1
45,21,1337,1279,193,80,67,-1,-1
45,21,1338,1284,193,78,65,-1,-1
45,21,1339,1288,191,76,64,-1,-1
45,21,1340,1292,189,75,64,-1,-1
45,21,1341,1296,187,74,64,-1,-1
45,21,1342,1301,185,73,65,-1,-1
45,21,1343,1306,184,71,64,-1,-1
45,21,1344,1309,182,72,63,-1,-1
45,21,1345,1312,181,70,62,-1,-1
45,21,1346,1316,180,68,61,-1,-1
45,21,1347,1320,180,67,59,-1,-1
45,21,1348,1324,179,66,58,-1,-1
45,21,1349,1327,177,66,57,-1,-1
45,21,1350,1330,176,65,57,-1,-1
45,21,1351,1333,174,64,57,-1,-1
45,21,1352,1336,172,63,57,-1,-1
45,21,1353,1340,170,62,57,-1,-1
45,21,1354,1344,169,61,56,-1,-1
45,21,1355,1346,168,59,55,-1,-1
45,21,1356,1349,167,59,55,-1,-1
45,21,1357,1352,166,59,54,-1,-1
45,21,1358,1355,165,58,54,-1,-1
45,21,1359,1359,164,56,53,-1,-1
45,21,1360,1360,163,55,52,-1,-1
45,21,1361,1363,162,55,51,-1,-1
45,21,1362,1365,161,55,51,-1,-1
45,21,1363,1368,160,54,50,-1,-1
45,21,1364,1370,160,54,49,-1,-1
45,21,1365,1372,159,54,48,-1,-1
45,21,1366,1374,158,52,49,-1,-1
45,21,1367,1377,156,51,49,-1,-1
45,21,1368,1379,156,50,49,-1,-1
45,21,1369,1382,156,49,48,-1,-1
45,21,1370,1383,155,50,48,-1,-1
45,21,1371,1384,154,47,46,-1,-1
45,21,1372,1387,153,46,45,-1,-1
45,21,1373,1390,152,47,45,-1,-1
45,21,1374,1392,152,47,45,-1,-1
45,21,1375,1393,150,47,45,-1,-1
45,21,1376,1395,149,47,45,-1,-1
45,23,2422,591,536,305,194,-1,-1
45,23,2423,644,514,283,182,-1,-1
45,23,2424,692,494,263,174,-1,-1
45,23,2425,730,469,250,166,-1,-1
45,23,2426,768,450,234,162,-1,-1
45,23,2430,886,400,198,129,-1,-1
45,23,2431,914,389,187,124,-1,-1
45,23,2432,941,382,174,115,-1,-1
45,23,2433,964,371,162,110,-1,-1
45,23,2434,985,359,155,110,-1,-1
45,23,2437,1024,333,152,104,-1,-1
45,23,2439,1055,319,142,95,-1,-1
45,23,2440,1076,313,132,92,-1,-1
45,23,2441,1090,309,127,87,-1,-1
45,23,2442,1099,304,125,84,-1,-1
45,23,2443,1108,298,124,82,-1,-1
45,23,2444,1119,293,122,78,-1,-1
45,23,2445,1130,286,119,78,-1,-1
45,23,2446,1140,281,116,76,-1,-1
45,23,2447,1150,276,113,74,-1,-1
45,23,2448,1157,272,111,72,-1,-1
45,23,2449,1167,268,109,70,-1,-1
45,23,2450,1178,265,105,68,-1,-1
45,23,2451,1187,261,102,66,-1,-1
45,23,2452,1197,257,97,64,-1,-1
45,23,2453,1202,254,96,63,-1,-1
45,23,2454,1211,250,93,62,-1,-1
45,23,2455,1217,247,91,61,-1,-1
45,23,2456,1226,243,88,60,-1,-1
45,23,2457,1231,239,86,59,-1,-1
45,23,2458,1237,236,85,58,-1,-1
45,23,2459,1244,234,82,57,-1,-1
45,23,2460,1250,231,79,56,-1,-1
45,23,2461,1255,229,79,55,-1,-1
45,23,2462,1262,226,77,54,-1,-1
45,23,2463,1267,224,75,53,-1,-1
45,23,2464,1271,222,76,51,-1,-1
45,23,2465,1276,219,74,50,-1,-1
45,23,2466,1281,216,73,50,-1,-1
45,23,2467,1287,215,72,49,-1,-1
45,23,2468,1291,213,70,49,-1,-1
45,23,2469,1296,210,68,49,-1,-1
45,23,2470,1299,209,67,48,-1,-1
45,23,2471,1304,208,66,47,-1,-1
45,23,2472,1308,205,65,47,-1,-1
45,23,2473,1312,203,64,46,-1,-1
45,23,2474,1315,201,63,45,-1,-1
45,23,2475,1317,199,64,45,-1,-1
45,23,2476,1322,198,61,45,-1,-1
45,23,2477,1326,197,60,43,-1,-1
45,23,2478,1330,196,59,42,-1,-1
45,23,2479,1332,194,60,42,-1,-1
45,23,2480,1335,191,60,44,-1,-1
45,23,2481,1339,189,57,43,-1,-1
45,23,2482,1342,188,56,42,-1,-1
45,23,2483,1346,188,55,40,-1,-1
45,23,2484,1348,187,55,39,-1,-1
45,23,2485,1350,185,55,39,-1,-1
45,23,2486,1353,183,55,40,-1,-1
45,24,1660,907,379,197,112,-1,-1
45,24,1661,931,369,189,107,-1,-1
45,24,1662,955,359,181,103,-1,-1
45,24,1663,976,348,174,100,-1,-1
45,24,1664,994,339,174,96,-1,-1
45,24,1665,1017,331,160,92,-1,-1
45,24,1666,1036,319,152,94,-1,-1
45,24,1667,1055,312,144,92,-1,-1
45,24,1668,1067,307,142,90,-1,-1
45,24,1669,1085,305,135,84,-1,-1
45,24,1670,1098,299,129,78,-1,-1
45,24,1671,1106,293,129,79,-1,-1
45,24,1672,1119,286,127,78,-1,-1
45,24,1673,1132,281,123,74,-1,-1
45,24,1674,1145,275,118,75,-1,-1
45,24,1675,1155,270,116,75,-1,-1
45,24,1676,1165,265,112,72,-1,-1
45,24,1677,1174,261,110,69,-1,-1
45,24,1678,1185,256,107,66,-1,-1
45,24,1679,1195,253,104,64,-1,-1
45,24,1680,1203,249,102,62,-1,-1
45,24,1681,1211,244,99,61,-1,-1
45,24,1682,1219,241,96,61,-1,-1
45,24,1683,1227,237,95,58,-1,-1
45,24,1684,1234,234,93,60,-1,-1
45,24,1685,1242,232,90,54,-1,-1
45,24,1686,1246,230,90,55,-1,-1
45,24,1687,1254,227,87,52,-1,-1
45,24,1688,1261,224,85,55,-1,-1
45,25,2336,769,414,256,188,-1,-1
45,26,1232,1204,254,104,73,-1,-1
45,26,1233,1212,250,98,73,-1,-1
45,26,1234,1219,247,95,69,-1,-1
45,26,1235,1229,244,91,67,-1,-1
45,26,1236,1235,242,90,66,-1,-1
45,26,1237,1239,239,90,64,-1,-1
45,26,1238,1245,236,87,63,-1,-1
45,26,1239,1252,235,84,60,-1,-1
45,26,1240,1264,233,76,58,-1,-1
45,26,1241,1266,230,80,57,-1,-1
45,26,1242,1269,228,79,54,-1,-1
45,26,1243,1274,225,76,53,-1,-1
45,26,1244,1276,222,77,52,-1,-1
45,26,1245,1280,220,76,52,-1,-1
45,26,1246,1286,218,75,51,-1,-1
45,26,1247,1291,215,72,50,-1,-1
45,26,1248,1295,213,71,51,-1,-1
45,26,1249,1299,211,70,48,-1,-1
45,26,1250,1304,209,68,45,-1,-1
45,26,1251,1309,208,67,44,-1,-1
45,26,1252,1313,206,66,43,-1,-1
45,26,1253,1315,204,65,42,-1,-1
45,26,1254,1317,203,61,42,-1,-1
45,26,1255,1319,202,61,43,-1,-1
45,26,1257,1329,198,54,42,-1,-1
45,26,1258,1332,196,57,41,-1,-1
45,26,1259,1334,194,60,41,-1,-1
45,26,1260,1337,193,61,41,-1,-1
45,26,1261,1341,191,59,40,-1,-1
45,26,1262,1344,190,59,42,-1,-1
45,26,1263,1348,189,57,40,-1,-1
45,26,1264,1349,187,57,44,-1,-1
45,26,1265,1352,187,56,41,-1,-1
45,26,1266,1355,186,53,40,-1,-1
45,26,1267,1359,184,52,41,-1,-1
45,26,1268,1361,182,52,41,-1,-1
45,26,1269,1362,181,52,42,-1,-1
45,28,2650,1035,430,255,206,-1,-1
45,28,2651,1063,412,243,196,-1,-1
45,28,2652,1099,391,218,187,-1,-1
45,28,2653,1121,374,211,178,-1,-1
45,28,2654,1138,361,203,167,-1,-1
45,28,2655,1162,350,188,157,-1,-1
45,28,2656,1180,338,177,148,-1,-1
45,28,2657,1196,327,170,141,-1,-1
45,28,2658,1210,318,163,134,-1,-1
45,28,2659,1224,309,160,128,-1,-1
45,28,2660,1236,301,152,123,-1,-1
45,28,2661,1248,293,146,119,-1,-1
45,28,2662,1261,287,140,113,-1,-1
45,28,2663,1272,279,134,111,-1,-1
45,28,2664,1282,273,131,107,-1,-1
45,28,2665,1292,267,125,103,-1,-1
45,28,2666,1301,262,120,99,-1,-1
45,28,2667,1308,258,117,94,-1,-1
45,28,2668,1316,251,114,94,-1,-1
45,28,2669,1323,247,111,90,-1,-1
45,28,2670,1329,243,108,87,-1,-1
45,28,2671,1338,237,104,89,-1,-1
45,28,2672,1343,233,102,85,-1,-1
45,28,2673,1350,229,98,81,-1,-1
45,28,2674,1356,224,94,80,-1,-1
45,28,2675,1363,222,91,77,-1,-1
45,28,2676,1365,220,93,73,-1,-1
45,28,2677,1371,217,90,73,-1,-1
45,28,2678,1375,215,87,70,-1,-1
45,28,2679,1379,211,86,69,-1,-1
45,28,2680,1383,208,85,68,-1,-1
45,28,2681,1388,206,83,67,-1,-1
45,28,2682,1394,203,80,65,-1,-1
45,28,2683,1397,201,78,63,-1,-1
45,28,2684,1401,200,76,61,-1,-1
45,28,2685,1405,198,74,61,-1,-1
45,28,2686,1408,195,74,60,-1,-1
45,28,2687,1411,194,73,58,-1,-1
45,28,2688,1414,192,71,56,-1,-1
45,28,2689,1418,189,69,56,-1,-1
45,28,2690,1421,186,69,56,-1,-1
45,28,2691,1425,185,68,54,-1,-1
45,28,2692,1429,183,65,53,-1,-1
45,28,2693,1431,182,64,52,-1,-1
45,28,2694,1434,181,63,50,-1,-1
45,32,2358,1146,264,116,90,-1,-1
45,32,2359,1152,261,117,87,-1,-1
45,32,2360,1159,257,116,89,-1,-1
45,32,2361,1167,254,114,85,-1,-1
45,32,2362,1175,248,109,83,-1,-1
45,32,2363,1184,246,107,82,-1,-1
45,32,2364,1192,243,105,81,-1,-1
45,32,2365,1200,239,103,79,-1,-1
45,32,2366,1205,236,101,76,-1,-1
45,32,2367,1212,233,100,77,-1,-1
45,32,2368,1220,230,96,76,-1,-1
45,32,2369,1228,229,91,75,-1,-1
45,32,2370,1234,227,89,74,-1,-1
45,32,2371,1238,223,90,78,-1,-1
45,32,2372,1244,220,87,76,-1,-1
45,32,2387,1313,193,71,56,-1,-1
45,32,2388,1317,192,70,55,-1,-1
45,32,2389,1320,191,69,54,-1,-1
45,32,2390,1323,190,69,54,-1,-1
45,32,2391,1325,188,70,55,-1,-1
45,32,2392,1328,186,69,55,-1,-1
45,32,2393,1332,185,68,54,-1,-1
45,32,2394,1335,183,67,55,-1,-1
45,32,2395,1338,182,66,54,-1,-1
45,32,2396,1342,181,65,53,-1,-1
45,32,2397,1345,179,63,51,-1,-1
45,32,2398,1349,178,61,50,-1,-1
45,32,2399,1350,177,62,50,-1,-1
45,32,2400,1353,176,61,49,-1,-1
45,32,2401,1355,174,62,48,-1,-1
45,32,2402,1357,173,62,48,-1,-1
45,32,2403,1361,172,59,48,-1,-1
45,32,2404,1365,171,58,48,-1,-1
45,32,2405,1367,170,59,48,-1,-1
45,32,2406,1370,169,57,48,-1,-1
45,32,2407,1372,168,56,47,-1,-1
45,32,2408,1373,167,56,46,-1,-1
45,32,2409,1375,166,56,46,-1,-1
45,32,2410,1378,165,55,46,-1,-1
45,32,2411,1381,165,54,45,-1,-1
45,32,2412,1383,164,53,45,-1,-1
45,32,2413,1385,163,53,44,-1,-1
45,32,2414,1387,163,54,43,-1,-1
45,32,2415,1389,162,54,43,-1,-1
45,32,2416,1391,160,52,44,-1,-1
45,32,2417,1393,159,51,44,-1,-1
45,32,2418,1395,158,51,44,-1,-1
45,32,2419,1397,157,50,43,-1,-1
45,32,2420,1399,157,50,42,-1,-1
45,32,2421,1401,156,50,41,-1,-1
45,34,2545,590,506,296,185,-1,-1
45,34,2546,633,480,282,180,-1,-1
45,34,2547,673,465,266,168,-1,-1
45,34,2548,714,451,251,158,-1,-1
45,34,2549,764,441,223,141,-1,-1
45,34,2550,800,429,208,128,-1,-1
45,34,2551,825,412,201,128,-1,-1
45,34,2552,854,400,193,120,-1,-1
45,34,2553,877,391,188,113,-1,-1
45,34,2554,897,379,185,110,-1,-1
45,34,2555,914,371,183,103,-1,-1
45,34,2556,937,364,173,98,-1,-1
45,34,2557,956,351,168,100,-1,-1
45,34,2558,977,336,161,103,-1,-1
45,34,2559,994,331,155,96,-1,-1
45,34,2560,1012,320,147,97,-1,-1
45,34,2561,1024,317,145,91,-1,-1
45,34,2562,1039,310,143,88,-1,-1
45,34,2563,1054,307,137,85,-1,-1
45,34,2564,1067,303,135,81,-1,-1
45,34,2565,1080,296,130,79,-1,-1
45,34,2566,1093,292,125,78,-1,-1
45,34,2567,1104,287,122,76,-1,-1
45,34,2568,1115,282,120,74,-1,-1
45,34,2569,1126,277,117,72,-1,-1
45,34,2570,1137,273,113,69,-1,-1
45,34,2571,1147,268,109,72,-1,-1
45,34,2572,1155,264,108,69,-1,-1
45,34,2573,1164,261,106,66,-1,-1
45,34,2574,1172,256,104,67,-1,-1
45,34,2575,1182,253,101,64,-1,-1
45,34,2576,1188,249,100,64,-1,-1
45,34,2577,1195,247,99,63,-1,-1
45,34,2578,1204,243,97,62,-1,-1
45,34,2579,1212,239,94,61,-1,-1
45,34,2580,1219,237,92,60,-1,-1
45,34,2581,1226,234,89,59,-1,-1
45,34,2582,1232,231,87,58,-1,-1
45,34,2583,1240,228,84,57,-1,-1
45,34,2584,1245,227,83,56,-1,-1
45,34,2585,1252,224,82,56,-1,-1
45,34,2586,1257,221,80,56,-1,-1
45,34,2587,1262,219,79,55,-1,-1
45,34,2588,1268,217,78,54,-1,-1
45,34,2589,1274,215,77,53,-1,-1
45,34,2590,1278,213,75,52,-1,-1
45,34,2591,1283,211,74,51,-1,-1
45,34,2592,1288,209,73,50,-1,-1
45,34,2593,1293,206,71,49,-1,-1
45,34,2594,1298,204,70,49,-1,-1
45,34,2595,1303,202,68,48,-1,-1
45,34,2596,1305,200,68,51,-1,-1
45,34,2597,1310,197,67,51,-1,-1
45,34,2598,1314,196,66,48,-1,-1
45,34,2599,1319,195,64,47,-1,-1
45,34,2600,1321,193,65,47,-1,-1
45,34,2601,1325,191,63,45,-1,-1
45,34,2602,1329,189,62,45,-1,-1
45,34,2603,1333,188,62,46,-1,-1
45,34,2604,1336,187,62,45,-1,-1
45,34,2605,1340,185,59,43,-1,-1
45,34,2606,1343,184,59,44,-1,-1
