46,1,712,383,668,569,391,-1,-1
46,1,713,464,612,532,388,-1,-1
46,1,714,541,564,490,386,-1,-1
46,1,715,620,532,437,364,-1,-1
46,1,716,685,513,388,309,-1,-1
46,1,717,737,489,369,270,-1,-1
46,1,718,791,465,330,241,-1,-1
46,1,719,836,447,311,226,-1,-1
46,1,720,866,429,300,212,-1,-1
46,1,721,905,410,277,196,-1,-1
46,1,722,939,390,263,188,-1,-1
46,1,723,971,377,244,179,-1,-1
46,1,724,994,362,237,178,-1,-1
46,1,725,1025,369,237,178,-1,-1
46,1,726,1043,335,213,159,-1,-1
46,1,727,1065,325,205,151,-1,-1
46,1,728,1084,313,195,144,-1,-1
46,1,729,1101,304,186,137,-1,-1
46,1,730,1119,292,177,130,-1,-1
46,1,731,1133,282,177,130,-1,-1
46,1,732,1148,275,168,126,-1,-1
46,1,733,1161,269,160,120,-1,-1
46,1,734,1173,258,156,120,-1,-1
46,1,735,1187,254,151,113,-1,-1
46,1,736,1200,249,144,109,-1,-1
46,1,737,1211,242,138,105,-1,-1
46,1,738,1218,236,138,105,-1,-1
46,1,739,1227,229,134,104,-1,-1
46,1,740,1240,223,127,100,-1,-1
46,1,741,1247,218,127,100,-1,-1
46,1,742,1253,215,127,100,-1,-1
46,1,743,1262,210,121,94,-1,-1
46,1,744,1272,205,119,94,-1,-1
46,1,745,1278,199,113,93,-1,-1
46,1,746,1286,196,110,86,-1,-1
46,1,747,1292,196,110,81,-1,-1
46,1,748,1299,190,106,82,-1,-1
46,1,749,1305,187,102,78,-1,-1
46,1,750,1312,185,97,75,-1,-1
46,1,751,1318,181,96,73,-1,-1
46,1,752,1324,177,94,74,-1,-1
46,1,753,1326,173,94,74,-1,-1
46,1,754,1332,170,93,75,-1,-1
46,1,755,1337,167,91,72,-1,-1
46,1,756,1342,164,90,71,-1,-1
46,1,757,1348,162,86,70,-1,-1
46,1,758,1353,157,82,71,-1,-1
46,1,759,1356,155,82,71,-1,-1
46,1,760,1360,150,82,71,-1,-1
46,1,761,1365,149,80,67,-1,-1
46,1,762,1367,148,80,67,-1,-1
46,1,763,1371,146,79,64,-1,-1
46,1,764,1376,145,75,61,-1,-1
46,1,765,1379,142,75,61,-1,-1
46,1,766,1383,139,74,63,-1,-1
46,1,767,1386,138,74,60,-1,-1
46,1,768,1391,136,71,58,-1,-1
46,1,769,1393,134,71,58,-1,-1
46,1,770,1396,132,68,58,-1,-1
46,1,771,1399,130,68,58,-1,-1
46,1,772,1402,127,70,57,-1,-1
46,1,773,1403,124,70,57,-1,-1
46,1,774,1404,123,70,57,-1,-1
46,1,775,1406,121,69,59,-1,-1
46,1,776,1410,123,69,54,-1,-1
46,1,777,1411,120,69,54,-1,-1
46,1,778,1415,118,65,54,-1,-1
46,1,779,1418,117,64,52,-1,-1
46,1,780,1420,115,63,53,-1,-1
46,1,781,1425,115,61,51,-1,-1
46,1,782,1426,112,61,51,-1,-1
46,1,783,1427,111,61,51,-1,-1
46,1,784,1429,109,61,51,-1,-1
46,1,785,1431,107,61,51,-1,-1
46,1,786,1434,107,61,51,-1,-1
46,1,787,1437,107,59,48,-1,-1
46,1,788,1438,106,59,48,-1,-1
46,1,789,1439,105,59,48,-1,-1
46,1,790,1441,103,57,48,-1,-1
46,1,791,1444,102,57,48,-1,-1
46,1,792,1445,101,57,43,-1,-1
46,1,793,1447,98,57,46,-1,-1
46,1,794,1449,98,54,44,-1,-1
46,1,795,1452,98,54,44,-1,-1
46,1,796,1453,97,54,44,-1,-1
46,1,797,1455,97,54,44,-1,-1
46,1,798,1456,94,54,44,-1,-1
46,1,799,1457,96,51,41,-1,-1
46,1,800,1460,96,51,41,-1,-1
46,1,801,1462,94,51,41,-1,-1
46,1,802,1464,92,51,41,-1,-1
46,1,803,1466,91,51,41,-1,-1
46,1,804,1466,91,51,41,-1,-1
46,1,805,1466,88,49,41,-1,-1
46,1,806,1468,89,49,41,-1,-1
46,1,807,1471,87,49,41,-1,-1
46,1,808,1471,87,49,41,-1,-1
46,1,809,1472,86,49,41,-1,-1
46,1,810,1472,85,49,41,-1,-1
46,1,811,1474,84,49,41,-1,-1
46,1,812,1476,83,49,41,-1,-1
46,1,813,1477,82,49,41,-1,-1
46,1,814,1477,80,49,41,-1,-1
46,1,815,1478,81,47,39,-1,-1
46,1,816,1480,78,47,39,-1,-1
46,1,817,1482,77,47,39,-1,-1
46,1,818,1483,78,47,39,-1,-1
46,1,819,1483,77,47,39,-1,-1
46,1,820,1484,79,47,39,-1,-1
46,1,821,1487,76,43,36,-1,-1
46,1,822,1491,78,42,36,-1,-1
46,1,823,1491,77,42,36,-1,-1
46,1,824,1492,76,42,36,-1,-1
46,1,825,1492,75,42,36,-1,-1
46,1,826,1493,73,42,36,-1,-1
46,1,827,1495,75,42,36,-1,-1
46,1,828,1496,74,42,36,-1,-1
46,1,829,1497,72,42,36,-1,-1
46,1,830,1496,72,42,36,-1,-1
46,1,831,1499,72,42,36,-1,-1
46,1,832,1499,70,42,36,-1,-1
46,1,833,1501,71,41,33,-1,-1
46,1,834,1499,71,41,33,-1,-1
46,1,835,1501,70,41,33,-1,-1
46,1,836,1502,70,41,33,-1,-1
46,1,837,1504,69,41,33,-1,-1
46,1,838,1505,69,41,33,-1,-1
46,1,839,1505,68,41,33,-1,-1
46,1,840,1504,67,41,33,-1,-1
46,1,841,1505,67,41,33,-1,-1
46,1,842,1508,67,41,33,-1,-1
46,1,843,1509,66,41,33,-1,-1
46,1,844,1509,66,40,30,-1,-1
46,1,845,1510,66,40,30,-1,-1
46,1,846,1510,64,40,30,-1,-1
46,1,847,1513,64,38,31,-1,-1
46,1,848,1514,63,38,31,-1,-1
46,1,849,1516,63,38,31,-1,-1
46,1,850,1517,63,38,31,-1,-1
46,1,851,1516,62,38,31,-1,-1
46,1,852,1518,62,38,31,-1,-1
46,1,853,1519,62,36,29,-1,-1
46,1,854,1520,61,36,29,-1,-1
46,1,855,1520,61,36,29,-1,-1
46,1,856,1522,61,36,29,-1,-1
46,1,857,1521,61,36,29,-1,-1
46,1,858,1523,60,36,29,-1,-1
46,1,859,1524,60,36,29,-1,-1
46,1,860,1525,60,36,29,-1,-1
46,1,861,1525,59,36,29,-1,-1
46,1,862,1525,59,36,29,-1,-1
46,1,863,1527,59,36,29,-1,-1
46,1,864,1528,58,36,29,-1,-1
46,1,865,1529,57,33,28,-1,-1
46,1,866,1529,57,33,28,-1,-1
46,1,867,1531,57,33,28,-1,-1
46,1,868,1532,56,33,28,-1,-1
46,1,869,1532,56,33,28,-1,-1
46,1,870,1532,57,33,28,-1,-1
46,2,686,946,650,497,430,-1,-1
46,2,687,1020,593,433,418,-1,-1
46,2,688,1077,552,389,372,-1,-1
46,2,689,1124,520,352,343,-1,-1
46,2,690,1156,482,326,319,-1,-1
46,2,691,1197,452,293,268,-1,-1
46,2,692,1219,428,280,243,-1,-1
46,2,693,1247,404,258,221,-1,-1
46,2,694,1264,382,245,207,-1,-1
46,2,695,1288,358,222,197,-1,-1
46,2,696,1305,345,212,185,-1,-1
46,2,697,1317,325,212,185,-1,-1
46,2,698,1331,317,194,161,-1,-1
46,2,699,1342,300,186,150,-1,-1
46,2,700,1354,285,178,147,-1,-1
46,2,701,1365,277,171,136,-1,-1
46,2,702,1378,267,158,128,-1,-1
46,2,703,1382,257,158,128,-1,-1
46,2,704,1393,250,151,121,-1,-1
46,2,705,1404,239,144,115,-1,-1
46,2,706,1409,233,137,110,-1,-1
46,2,707,1411,225,137,111,-1,-1
46,2,708,1417,219,135,109,-1,-1
46,2,709,1420,212,132,102,-1,-1
46,2,710,1428,205,127,103,-1,-1
46,2,711,1435,201,120,98,-1,-1
46,2,712,1438,193,120,98,-1,-1
46,2,713,1443,190,116,88,-1,-1
46,2,714,1445,185,116,88,-1,-1
46,2,715,1454,182,108,84,-1,-1
46,2,716,1455,179,108,84,-1,-1
46,2,717,1457,173,108,84,-1,-1
46,2,718,1460,169,108,84,-1,-1
46,2,719,1463,165,102,79,-1,-1
46,2,720,1467,163,99,74,-1,-1
46,2,721,1470,158,99,74,-1,-1
46,2,722,1471,155,99,74,-1,-1
46,2,723,1476,150,92,74,-1,-1
46,2,724,1482,150,84,68,-1,-1
46,2,725,1485,148,84,68,-1,-1
46,2,726,1487,145,84,68,-1,-1
46,2,727,1487,141,84,68,-1,-1
46,2,728,1488,136,84,68,-1,-1
46,2,729,1493,135,81,63,-1,-1
46,2,730,1494,133,81,63,-1,-1
46,2,731,1496,129,81,63,-1,-1
46,2,732,1499,125,77,65,-1,-1
46,2,733,1501,124,75,59,-1,-1
46,2,734,1503,123,74,61,-1,-1
46,2,735,1505,121,71,58,-1,-1
46,2,736,1507,119,71,58,-1,-1
46,2,737,1511,119,66,56,-1,-1
46,2,738,1512,116,66,56,-1,-1
46,2,739,1512,114,66,56,-1,-1
46,2,740,1513,112,66,56,-1,-1
46,2,741,1514,110,66,56,-1,-1
46,2,742,1515,107,66,56,-1,-1
46,2,743,1518,106,62,55,-1,-1
46,2,744,1519,105,62,55,-1,-1
46,2,745,1520,104,61,51,-1,-1
46,2,746,1520,103,61,50,-1,-1
46,2,747,1522,101,61,50,-1,-1
46,2,748,1523,100,61,50,-1,-1
46,2,749,1523,100,59,46,-1,-1
46,2,750,1525,98,59,46,-1,-1
46,2,751,1526,96,59,46,-1,-1
46,2,752,1529,96,55,46,-1,-1
46,2,753,1530,95,55,46,-1,-1
46,2,754,1532,94,53,44,-1,-1
46,2,755,1533,92,53,44,-1,-1
46,2,756,1534,90,53,44,-1,-1
46,2,757,1534,90,53,44,-1,-1
46,2,758,1535,87,53,44,-1,-1
46,2,759,1535,86,53,44,-1,-1
46,2,760,1535,86,53,44,-1,-1
46,2,761,1536,83,53,44,-1,-1
46,2,762,1536,82,53,44,-1,-1
46,2,763,1541,83,48,42,-1,-1
46,2,764,1541,82,48,42,-1,-1
46,2,765,1542,81,48,42,-1,-1
46,2,766,1543,81,48,39,-1,-1
46,2,767,1544,81,48,39,-1,-1
46,2,768,1545,80,48,39,-1,-1
46,2,769,1543,81,48,36,-1,-1
46,2,770,1544,79,48,36,-1,-1
46,2,771,1546,77,48,36,-1,-1
46,2,772,1547,77,48,36,-1,-1
46,2,773,1546,74,46,38,-1,-1
46,2,774,1547,73,46,38,-1,-1
46,2,775,1548,73,46,38,-1,-1
46,2,776,1550,74,45,36,-1,-1
46,2,777,1549,72,45,36,-1,-1
46,2,778,1549,72,45,36,-1,-1
46,2,779,1550,71,45,36,-1,-1
46,2,780,1551,71,43,34,-1,-1
46,2,781,1554,70,43,34,-1,-1
46,2,782,1553,69,43,34,-1,-1
46,2,783,1554,68,43,34,-1,-1
46,2,784,1555,67,43,34,-1,-1
46,2,785,1555,66,41,34,-1,-1
46,2,786,1556,65,41,34,-1,-1
46,2,787,1557,66,41,34,-1,-1
46,2,788,1558,65,41,34,-1,-1
46,2,789,1556,64,41,34,-1,-1
46,2,790,1557,64,41,34,-1,-1
46,2,791,1560,63,39,34,-1,-1
46,2,792,1561,62,39,34,-1,-1
46,2,793,1560,62,39,34,-1,-1
46,2,794,1560,61,39,34,-1,-1
46,2,795,1561,62,39,29,-1,-1
46,2,796,1561,62,39,29,-1,-1
46,2,797,1562,63,39,29,-1,-1
46,2,798,1562,61,39,29,-1,-1
46,2,799,1563,60,38,31,-1,-1
46,2,800,1563,59,38,31,-1,-1
46,2,801,1564,59,38,31,-1,-1
46,3,1143,894,139,667,855,-1,-1
46,3,1144,932,133,629,829,-1,-1
46,3,1145,980,131,583,778,-1,-1
46,3,1146,1031,122,535,738,-1,-1
46,3,1147,1055,124,508,699,-1,-1
46,3,1148,1094,119,469,668,-1,-1
46,3,1149,1115,116,449,629,-1,-1
46,3,1150,1139,113,428,593,-1,-1
46,3,1151,1160,110,408,559,-1,-1
46,3,1152,1179,107,390,532,-1,-1
46,3,1153,1199,102,369,513,-1,-1
46,3,1154,1217,100,352,484,-1,-1
46,3,1155,1233,98,337,468,-1,-1
46,3,1156,1243,96,329,447,-1,-1
46,3,1157,1259,92,314,428,-1,-1
46,3,1158,1269,89,305,414,-1,-1
46,3,1159,1278,86,297,400,-1,-1
46,3,1160,1289,87,285,383,-1,-1
46,3,1161,1305,87,271,367,-1,-1
46,3,1162,1308,86,267,359,-1,-1
46,3,1163,1318,85,258,341,-1,-1
46,3,1164,1328,81,248,333,-1,-1
46,3,1165,1331,78,246,328,-1,-1
46,3,1166,1341,78,238,315,-1,-1
46,3,1167,1349,79,230,303,-1,-1
46,3,1168,1357,73,222,299,-1,-1
46,3,1169,1361,73,219,291,-1,-1
46,3,1170,1363,75,217,278,-1,-1
46,3,1171,1374,73,206,276,-1,-1
46,3,1172,1381,70,199,270,-1,-1
46,3,1173,1382,68,198,265,-1,-1
46,3,1174,1387,67,192,262,-1,-1
46,3,1175,1393,66,188,254,-1,-1
46,3,1176,1397,65,184,247,-1,-1
46,3,1177,1401,64,181,241,-1,-1
46,3,1178,1404,64,178,237,-1,-1
46,3,1179,1406,63,176,233,-1,-1
46,3,1180,1407,63,176,227,-1,-1
46,3,1181,1415,61,168,224,-1,-1
46,3,1182,1420,60,165,219,-1,-1
46,3,1183,1424,60,160,216,-1,-1
46,3,1184,1430,59,155,210,-1,-1
46,3,1185,1433,61,151,204,-1,-1
46,3,1186,1436,58,149,203,-1,-1
46,3,1187,1438,59,146,200,-1,-1
46,3,1188,1440,55,147,200,-1,-1
46,3,1189,1442,55,144,195,-1,-1
46,3,1190,1442,55,144,189,-1,-1
46,3,1191,1445,52,141,189,-1,-1
46,3,1192,1447,53,140,187,-1,-1
46,3,1193,1449,53,139,182,-1,-1
46,3,1194,1453,52,134,177,-1,-1
46,3,1195,1458,50,129,174,-1,-1
46,3,1196,1459,50,128,170,-1,-1
46,3,1197,1461,50,126,170,-1,-1
46,3,1198,1467,48,121,171,-1,-1
46,3,1199,1468,49,121,169,-1,-1
46,3,1200,1467,50,122,165,-1,-1
46,3,1201,1471,49,119,160,-1,-1
46,3,1202,1473,49,117,158,-1,-1
46,3,1203,1475,50,115,153,-1,-1
46,3,1204,1474,49,117,152,-1,-1
46,3,1205,1477,47,113,152,-1,-1
46,3,1206,1478,48,114,147,-1,-1
46,3,1207,1479,46,114,147,-1,-1
46,3,1208,1480,44,112,144,-1,-1
46,3,1209,1479,44,114,143,-1,-1
46,3,1210,1482,45,110,140,-1,-1
46,3,1211,1485,46,107,137,-1,-1
46,3,1212,1487,46,107,137,-1,-1
46,3,1213,1486,44,106,137,-1,-1
46,3,1214,1489,44,104,138,-1,-1
46,3,1215,1491,43,102,133,-1,-1
46,3,1216,1494,43,100,133,-1,-1
46,3,1217,1497,44,96,128,-1,-1
46,3,1218,1497,44,99,127,-1,-1
46,3,1219,1497,44,99,121,-1,-1
46,3,1220,1495,44,99,121,-1,-1
46,3,1221,1497,43,99,121,-1,-1
46,3,1222,1501,41,96,123,-1,-1
46,3,1223,1500,41,96,123,-1,-1
46,3,1224,1501,41,96,123,-1,-1
46,3,1225,1503,40,94,120,-1,-1
46,3,1226,1503,39,94,120,-1,-1
46,3,1227,1507,39,91,117,-1,-1
46,3,1228,1508,39,89,119,-1,-1
46,3,1229,1507,37,90,115,-1,-1
46,3,1230,1508,38,90,115,-1,-1
46,3,1231,1510,37,87,113,-1,-1
46,3,1232,1513,39,87,113,-1,-1
46,3,1233,1512,38,87,109,-1,-1
46,3,1234,1512,37,87,109,-1,-1
46,3,1235,1514,36,85,110,-1,-1
46,3,1236,1516,35,82,107,-1,-1
46,3,1237,1518,37,82,104,-1,-1
46,3,1238,1517,36,84,103,-1,-1
46,3,1239,1518,36,82,102,-1,-1
46,3,1240,1519,36,80,103,-1,-1
46,3,1241,1522,36,79,101,-1,-1
46,3,1242,1522,36,79,101,-1,-1
46,3,1243,1522,35,79,101,-1,-1
46,3,1244,1523,36,79,101,-1,-1
46,3,1245,1522,35,79,101,-1,-1
46,3,1246,1524,34,79,101,-1,-1
46,3,1247,1525,34,79,101,-1,-1
46,3,1248,1527,35,76,94,-1,-1
46,3,1249,1527,34,76,94,-1,-1
46,3,1250,1525,34,76,94,-1,-1
46,3,1251,1529,34,72,92,-1,-1
46,3,1252,1532,34,72,92,-1,-1
46,3,1253,1532,33,72,92,-1,-1
46,3,1254,1532,31,72,92,-1,-1
46,3,1255,1532,32,72,92,-1,-1
46,3,1256,1532,32,72,88,-1,-1
46,3,1257,1534,31,69,88,-1,-1
46,3,1258,1536,32,69,88,-1,-1
46,3,1259,1536,31,69,88,-1,-1
46,3,1260,1536,30,69,88,-1,-1
46,3,1261,1536,32,67,85,-1,-1
46,3,1262,1539,31,67,85,-1,-1
46,3,1263,1540,31,65,86,-1,-1
46,3,1264,1539,31,67,85,-1,-1
46,3,1265,1538,30,67,85,-1,-1
46,3,1266,1539,29,67,85,-1,-1
46,3,1267,1540,31,67,85,-1,-1
46,3,1268,1540,28,67,85,-1,-1
46,3,1269,1541,30,66,83,-1,-1
46,3,1270,1542,30,63,78,-1,-1
46,3,1271,1543,30,63,77,-1,-1
46,3,1272,1544,30,64,79,-1,-1
46,3,1273,1544,28,63,82,-1,-1
46,3,1274,1545,29,63,82,-1,-1
46,3,1275,1545,29,63,82,-1,-1
46,3,1276,1545,26,63,82,-1,-1
46,3,1277,1546,26,61,79,-1,-1
46,3,1278,1548,26,61,79,-1,-1
46,3,1279,1548,26,61,79,-1,-1
46,3,1280,1547,27,61,79,-1,-1
46,3,1281,1547,27,61,79,-1,-1
46,3,1282,1547,26,61,77,-1,-1
46,3,1283,1550,26,61,77,-1,-1
46,3,1284,1552,26,56,77,-1,-1
46,3,1285,1551,26,56,77,-1,-1
46,3,1286,1550,25,56,77,-1,-1
46,3,1287,1550,25,56,77,-1,-1
46,3,1288,1551,26,56,77,-1,-1
46,3,1289,1551,25,56,77,-1,-1
46,3,1290,1552,26,56,73,-1,-1
46,3,1291,1553,28,56,73,-1,-1
46,3,1292,1553,28,56,73,-1,-1
46,3,1293,1555,27,56,73,-1,-1
46,3,1294,1554,29,56,73,-1,-1
46,3,1295,1556,25,55,70,-1,-1
46,3,1296,1557,27,55,70,-1,-1
46,3,1297,1557,25,55,70,-1,-1
46,3,1298,1558,24,55,70,-1,-1
46,3,1299,1558,26,55,70,-1,-1
46,3,1300,1558,24,55,70,-1,-1
46,3,1301,1557,24,55,70,-1,-1
46,3,1302,1556,26,55,70,-1,-1
46,3,1303,1558,23,55,70,-1,-1
46,3,1304,1559,25,55,70,-1,-1
46,4,1185,408,650,557,338,-1,-1
46,4,1186,487,616,513,338,-1,-1
46,4,1187,565,582,462,321,-1,-1
46,4,1188,620,548,440,306,-1,-1
46,4,1189,676,521,406,289,-1,-1
46,4,1190,726,500,387,275,-1,-1
46,4,1191,765,475,360,240,-1,-1
46,4,1192,816,458,333,223,-1,-1
46,4,1193,859,426,308,217,-1,-1
46,4,1194,882,410,308,217,-1,-1
46,4,1195,923,403,279,206,-1,-1
46,4,1196,957,377,258,205,-1,-1
46,4,1197,981,359,245,191,-1,-1
46,4,1198,1009,346,233,182,-1,-1
46,4,1199,1030,338,222,173,-1,-1
46,4,1200,1046,323,222,173,-1,-1
46,4,1201,1070,313,208,162,-1,-1
46,4,1202,1086,303,195,152,-1,-1
46,4,1203,1107,297,184,146,-1,-1
46,4,1204,1116,293,184,146,-1,-1
46,4,1205,1125,276,184,146,-1,-1
46,4,1206,1138,269,184,146,-1,-1
46,4,1207,1156,261,168,137,-1,-1
46,4,1208,1164,257,168,137,-1,-1
46,4,1209,1173,249,168,137,-1,-1
46,4,1210,1191,246,155,124,-1,-1
46,4,1211,1201,238,150,122,-1,-1
46,4,1212,1210,231,146,118,-1,-1
46,4,1213,1218,228,146,118,-1,-1
46,4,1214,1227,221,140,118,-1,-1
46,4,1215,1238,222,136,113,-1,-1
46,4,1216,1249,218,128,106,-1,-1
46,4,1217,1255,212,128,106,-1,-1
46,4,1218,1261,203,124,100,-1,-1
46,4,1219,1268,205,123,92,-1,-1
46,4,1220,1274,205,123,92,-1,-1
46,4,1221,1283,200,115,87,-1,-1
46,4,1222,1291,196,110,86,-1,-1
46,4,1223,1295,193,110,86,-1,-1
46,4,1224,1299,187,110,86,-1,-1
46,4,1225,1305,177,107,86,-1,-1
46,4,1226,1312,179,103,82,-1,-1
46,4,1227,1316,176,103,80,-1,-1
46,4,1228,1324,176,97,77,-1,-1
46,4,1229,1327,172,97,72,-1,-1
46,4,1230,1332,167,95,79,-1,-1
46,4,1231,1336,164,94,74,-1,-1
46,4,1232,1341,163,94,74,-1,-1
46,4,1233,1342,159,94,74,-1,-1
46,4,1234,1349,155,89,74,-1,-1
46,4,1235,1354,154,85,71,-1,-1
46,4,1236,1358,154,85,71,-1,-1
46,4,1237,1360,149,85,71,-1,-1
46,4,1238,1363,146,85,71,-1,-1
46,4,1239,1367,145,82,67,-1,-1
46,4,1240,1369,141,82,67,-1,-1
46,4,1241,1374,142,79,65,-1,-1
46,4,1242,1377,140,79,65,-1,-1
46,4,1243,1378,139,79,65,-1,-1
46,4,1244,1382,136,79,65,-1,-1
46,4,1245,1386,134,74,64,-1,-1
46,4,1246,1390,133,74,64,-1,-1
46,4,1247,1392,130,74,64,-1,-1
46,4,1248,1395,128,74,64,-1,-1
46,4,1249,1398,127,70,59,-1,-1
46,4,1250,1400,126,70,59,-1,-1
46,4,1251,1403,123,70,59,-1,-1
46,4,1252,1405,122,70,59,-1,-1
46,4,1253,1406,121,70,59,-1,-1
46,4,1254,1408,121,70,59,-1,-1
46,4,1255,1413,118,65,57,-1,-1
46,4,1256,1414,117,65,57,-1,-1
46,4,1257,1417,115,65,57,-1,-1
46,4,1258,1419,114,65,57,-1,-1
46,4,1259,1420,112,65,57,-1,-1
46,4,1260,1422,109,65,57,-1,-1
46,4,1261,1423,109,65,52,-1,-1
46,4,1262,1425,108,65,52,-1,-1
46,4,1263,1429,108,61,50,-1,-1
46,4,1264,1430,107,61,50,-1,-1
46,4,1265,1430,107,61,50,-1,-1
46,4,1266,1434,106,61,50,-1,-1
46,4,1267,1434,104,61,50,-1,-1
46,4,1268,1439,103,61,50,-1,-1
46,4,1269,1440,100,61,50,-1,-1
46,4,1270,1440,99,61,50,-1,-1
46,4,1271,1444,96,56,50,-1,-1
46,4,1272,1445,99,56,46,-1,-1
46,4,1273,1448,100,56,46,-1,-1
46,4,1274,1450,98,56,46,-1,-1
46,4,1275,1448,96,56,46,-1,-1
46,4,1276,1450,94,56,46,-1,-1
46,4,1277,1451,94,56,46,-1,-1
46,4,1278,1452,90,56,46,-1,-1
46,4,1279,1454,93,56,46,-1,-1
46,4,1280,1454,91,56,46,-1,-1
46,4,1281,1458,91,53,45,-1,-1
46,4,1282,1460,89,53,45,-1,-1
46,4,1283,1461,89,53,45,-1,-1
46,4,1284,1462,88,53,45,-1,-1
46,4,1285,1463,87,51,43,-1,-1
46,4,1286,1465,90,51,43,-1,-1
46,4,1287,1466,87,51,43,-1,-1
46,4,1288,1470,84,51,43,-1,-1
46,4,1289,1468,84,51,43,-1,-1
46,4,1290,1470,84,51,43,-1,-1
46,4,1291,1471,84,51,43,-1,-1
46,4,1292,1472,81,50,43,-1,-1
46,4,1293,1475,85,50,43,-1,-1
46,4,1294,1475,81,48,39,-1,-1
46,4,1295,1476,84,48,39,-1,-1
46,4,1296,1477,80,48,39,-1,-1
46,4,1297,1480,79,48,39,-1,-1
46,4,1298,1480,78,48,39,-1,-1
46,4,1299,1481,77,48,39,-1,-1
46,4,1300,1482,76,48,39,-1,-1
46,4,1301,1482,76,48,39,-1,-1
46,4,1302,1484,76,45,40,-1,-1
46,4,1303,1487,74,45,40,-1,-1
46,4,1304,1488,75,45,40,-1,-1
46,4,1305,1488,73,45,40,-1,-1
46,4,1306,1488,75,44,35,-1,-1
46,4,1307,1490,75,44,35,-1,-1
46,4,1308,1491,75,44,35,-1,-1
46,4,1309,1493,74,44,35,-1,-1
46,4,1310,1493,72,44,35,-1,-1
46,4,1311,1491,73,44,35,-1,-1
46,4,1312,1493,71,44,35,-1,-1
46,4,1313,1496,72,42,33,-1,-1
46,4,1314,1498,72,42,33,-1,-1
46,4,1315,1498,72,42,33,-1,-1
46,4,1316,1497,70,42,33,-1,-1
46,4,1317,1498,68,42,33,-1,-1
46,4,1318,1500,70,42,33,-1,-1
46,4,1319,1501,68,42,33,-1,-1
46,4,1320,1502,68,42,33,-1,-1
46,4,1321,1503,68,40,32,-1,-1
46,4,1322,1504,68,41,31,-1,-1
46,4,1323,1504,65,42,33,-1,-1
46,4,1324,1506,66,41,31,-1,-1
46,4,1325,1505,64,42,33,-1,-1
46,4,1326,1508,66,38,30,-1,-1
46,4,1327,1506,64,40,32,-1,-1
46,4,1328,1508,65,42,33,-1,-1
46,4,1329,1509,64,42,33,-1,-1
46,4,1330,1510,62,39,34,-1,-1
46,4,1331,1509,62,42,33,-1,-1
46,4,1332,1511,61,40,32,-1,-1
46,4,1333,1512,60,40,32,-1,-1
46,4,1334,1513,59,40,32,-1,-1
46,4,1335,1513,59,40,32,-1,-1
46,4,1336,1513,57,40,32,-1,-1
46,4,1337,1513,58,40,32,-1,-1
46,4,1338,1515,58,38,30,-1,-1
46,4,1339,1518,58,38,30,-1,-1
46,4,1340,1518,57,38,30,-1,-1
46,4,1341,1517,58,38,30,-1,-1
46,4,1342,1518,59,38,30,-1,-1
46,4,1343,1518,58,38,30,-1,-1
46,4,1344,1520,57,38,30,-1,-1
46,4,1345,1522,58,36,29,-1,-1
46,4,1346,1521,57,36,29,-1,-1
46,4,1347,1523,58,36,29,-1,-1
46,4,1348,1523,59,34,27,-1,-1
46,4,1349,1526,58,34,27,-1,-1
46,4,1350,1526,59,33,26,-1,-1
46,4,1351,1527,59,33,26,-1,-1
46,4,1352,1526,59,33,26,-1,-1
46,4,1353,1528,58,33,26,-1,-1
46,4,1354,1528,58,34,27,-1,-1
46,4,1355,1529,56,34,27,-1,-1
46,4,1356,1528,56,34,27,-1,-1
46,5,1350,1086,591,441,400,-1,-1
46,5,1351,1127,547,394,399,-1,-1
46,5,1352,1162,516,365,398,-1,-1
46,5,1353,1195,486,338,379,-1,-1
46,5,1354,1225,457,320,344,-1,-1
46,5,1355,1241,436,302,323,-1,-1
46,5,1356,1257,420,289,295,-1,-1
46,5,1357,1275,402,270,271,-1,-1
46,5,1358,1292,386,255,254,-1,-1
46,5,1359,1306,374,248,253,-1,-1
46,5,1360,1319,353,237,246,-1,-1
46,5,1361,1328,339,226,234,-1,-1
46,5,1362,1341,327,217,214,-1,-1
46,5,1363,1351,318,208,201,-1,-1
46,5,1364,1362,311,198,189,-1,-1
46,5,1365,1374,297,187,187,-1,-1
46,5,1366,1381,287,184,177,-1,-1
46,5,1367,1380,275,184,177,-1,-1
46,5,1368,1386,269,180,167,-1,-1
46,5,1369,1397,263,170,167,-1,-1
46,5,1370,1405,258,162,152,-1,-1
46,5,1371,1403,248,162,152,-1,-1
46,5,1372,1413,242,154,145,-1,-1
46,5,1373,1412,234,154,145,-1,-1
46,5,1374,1425,229,144,136,-1,-1
46,5,1375,1427,224,142,135,-1,-1
46,5,1376,1429,217,142,135,-1,-1
46,5,1377,1434,215,138,125,-1,-1
46,5,1378,1431,212,138,125,-1,-1
46,5,1379,1440,201,133,124,-1,-1
46,5,1380,1450,198,123,123,-1,-1
46,5,1381,1446,198,123,123,-1,-1
46,5,1382,1450,188,123,123,-1,-1
46,5,1383,1452,189,123,113,-1,-1
46,5,1384,1457,188,118,105,-1,-1
46,5,1385,1462,185,113,103,-1,-1
46,5,1386,1463,183,109,101,-1,-1
46,5,1387,1464,180,109,101,-1,-1
46,5,1388,1466,173,109,101,-1,-1
46,5,1389,1468,172,109,101,-1,-1
46,5,1390,1472,168,104,95,-1,-1
46,5,1391,1474,162,101,96,-1,-1
46,5,1392,1477,160,101,96,-1,-1
46,5,1393,1479,156,99,91,-1,-1
46,5,1394,1479,155,99,91,-1,-1
46,5,1395,1480,156,99,88,-1,-1
46,5,1396,1485,151,94,90,-1,-1
46,5,1397,1486,149,93,85,-1,-1
46,5,1398,1487,150,92,77,-1,-1
46,5,1399,1487,148,93,80,-1,-1
46,5,1400,1494,145,85,80,-1,-1
46,5,1401,1494,143,85,78,-1,-1
46,5,1402,1496,143,82,77,-1,-1
46,5,1403,1496,138,85,75,-1,-1
46,5,1404,1497,139,83,71,-1,-1
46,5,1405,1501,135,80,71,-1,-1
46,5,1406,1500,133,80,69,-1,-1
46,5,1407,1503,132,77,73,-1,-1
46,5,1408,1504,131,79,67,-1,-1
46,5,1409,1504,127,77,69,-1,-1
46,5,1410,1507,130,75,66,-1,-1
46,5,1411,1506,124,75,67,-1,-1
46,5,1412,1507,121,73,66,-1,-1
46,5,1413,1508,123,75,62,-1,-1
46,5,1414,1510,121,72,61,-1,-1
46,5,1415,1512,120,71,60,-1,-1
46,5,1416,1515,118,69,60,-1,-1
46,5,1417,1512,116,70,62,-1,-1
46,5,1418,1513,115,70,57,-1,-1
46,5,1419,1515,114,68,59,-1,-1
46,5,1420,1514,115,70,55,-1,-1
46,5,1421,1518,114,66,58,-1,-1
46,5,1422,1516,112,68,58,-1,-1
46,5,1423,1518,110,66,60,-1,-1
46,5,1424,1520,106,65,60,-1,-1
46,5,1425,1521,107,65,55,-1,-1
46,5,1426,1519,107,65,50,-1,-1
46,5,1427,1520,103,66,54,-1,-1
46,5,1428,1522,100,63,56,-1,-1
46,5,1429,1524,100,62,52,-1,-1
46,5,1430,1521,100,66,53,-1,-1
46,5,1431,1525,99,62,51,-1,-1
46,5,1432,1523,99,62,51,-1,-1
46,5,1433,1524,98,62,51,-1,-1
46,5,1434,1527,96,62,51,-1,-1
46,5,1435,1527,97,61,49,-1,-1
46,5,1436,1529,96,59,49,-1,-1
46,5,1437,1529,94,57,51,-1,-1
46,5,1438,1531,91,56,52,-1,-1
46,5,1439,1532,92,56,50,-1,-1
46,5,1440,1533,91,55,49,-1,-1
46,5,1441,1533,90,55,48,-1,-1
46,5,1442,1530,90,59,47,-1,-1
46,5,1443,1533,90,56,48,-1,-1
46,5,1444,1534,90,56,45,-1,-1
46,5,1445,1536,86,55,49,-1,-1
46,5,1446,1534,87,56,47,-1,-1
46,5,1447,1537,84,54,49,-1,-1
46,5,1448,1536,83,55,48,-1,-1
46,5,1449,1537,86,52,45,-1,-1
46,5,1450,1538,83,52,47,-1,-1
46,5,1451,1540,82,51,45,-1,-1
46,5,1452,1541,83,50,45,-1,-1
46,5,1453,1542,81,49,46,-1,-1
46,5,1454,1543,79,48,47,-1,-1
46,5,1455,1543,80,49,46,-1,-1
46,5,1456,1542,79,50,45,-1,-1
46,5,1457,1541,78,51,45,-1,-1
46,5,1458,1541,78,51,44,-1,-1
46,5,1459,1543,77,51,41,-1,-1
46,5,1460,1544,75,48,43,-1,-1
46,5,1461,1545,78,50,43,-1,-1
46,5,1462,1544,77,49,41,-1,-1
46,5,1463,1545,74,48,43,-1,-1
46,5,1464,1544,77,48,41,-1,-1
46,5,1465,1548,76,44,40,-1,-1
46,5,1466,1549,75,45,38,-1,-1
46,5,1467,1550,73,43,39,-1,-1
46,5,1468,1549,73,46,39,-1,-1
46,5,1469,1550,74,44,39,-1,-1
46,5,1470,1548,73,47,39,-1,-1
46,5,1471,1551,71,44,42,-1,-1
46,5,1472,1550,70,44,42,-1,-1
46,5,1473,1550,70,45,39,-1,-1
46,5,1474,1552,70,44,39,-1,-1
46,5,1475,1553,70,42,39,-1,-1
46,5,1476,1552,69,45,40,-1,-1
46,5,1477,1552,69,44,38,-1,-1
46,5,1478,1553,68,43,39,-1,-1
46,5,1479,1554,68,43,37,-1,-1
46,5,1480,1555,68,43,37,-1,-1
46,5,1481,1556,70,40,34,-1,-1
46,5,1482,1557,68,40,34,-1,-1
46,5,1483,1557,67,40,34,-1,-1
46,5,1484,1557,67,40,34,-1,-1
46,5,1485,1558,67,40,34,-1,-1
46,5,1486,1559,68,40,34,-1,-1
46,5,1487,1560,64,40,34,-1,-1
46,5,1488,1559,65,40,34,-1,-1
46,5,1489,1560,65,40,34,-1,-1
46,5,1490,1562,66,38,32,-1,-1
46,5,1491,1560,65,38,32,-1,-1
46,5,1492,1561,63,38,32,-1,-1
46,5,1493,1562,64,38,32,-1,-1
46,5,1494,1563,64,38,32,-1,-1
46,5,1495,1563,62,38,32,-1,-1
46,5,1496,1563,62,38,32,-1,-1
46,5,1497,1564,62,38,32,-1,-1
46,5,1498,1565,62,36,31,-1,-1
46,5,1499,1565,61,36,31,-1,-1
46,5,1500,1566,60,36,31,-1,-1
46,5,1501,1566,60,36,31,-1,-1
46,5,1502,1568,59,36,31,-1,-1
46,5,1503,1567,57,36,31,-1,-1
46,5,1504,1566,57,36,31,-1,-1
46,5,1505,1567,57,36,31,-1,-1
46,5,1506,1568,58,36,31,-1,-1
46,5,1507,1569,59,35,29,-1,-1
46,5,1508,1569,59,35,29,-1,-1
46,6,1320,531,654,523,363,-1,-1
46,6,1321,608,636,466,351,-1,-1
46,6,1322,671,590,427,324,-1,-1
46,6,1323,737,562,384,305,-1,-1
46,6,1324,789,533,359,269,-1,-1
46,6,1325,842,501,321,256,-1,-1
46,6,1326,878,475,309,245,-1,-1
46,6,1327,918,454,289,213,-1,-1
46,6,1328,813,395,498,352,-1,-1
46,6,1329,981,411,257,194,-1,-1
46,6,1330,1012,400,245,185,-1,-1
46,6,1331,1033,386,233,176,-1,-1
46,6,1332,1048,375,232,170,-1,-1
46,6,1333,1070,359,222,170,-1,-1
46,6,1334,1097,350,205,164,-1,-1
46,6,1335,1111,338,205,164,-1,-1
46,6,1336,1129,322,195,156,-1,-1
46,6,1337,1150,312,179,139,-1,-1
46,6,1338,1161,303,175,131,-1,-1
46,6,1339,1178,296,167,125,-1,-1
46,6,1340,1189,287,159,125,-1,-1
46,6,1341,1197,278,159,125,-1,-1
46,6,1342,1207,270,159,125,-1,-1
46,6,1343,1222,265,147,113,-1,-1
46,6,1344,1235,261,140,109,-1,-1
46,6,1345,1243,252,140,109,-1,-1
46,6,1346,1251,249,132,95,-1,-1
46,6,1347,1258,239,133,105,-1,-1
46,6,1348,1266,238,133,105,-1,-1
46,6,1349,1275,239,127,100,-1,-1
46,6,1350,1282,232,127,100,-1,-1
46,6,1351,1287,225,127,100,-1,-1
46,6,1352,1298,214,113,90,-1,-1
46,6,1353,1303,206,113,90,-1,-1
46,6,1354,1310,206,113,90,-1,-1
46,6,1355,1313,205,108,83,-1,-1
46,6,1356,1319,198,108,83,-1,-1
46,6,1357,1321,193,108,83,-1,-1
46,6,1358,1328,189,101,83,-1,-1
46,6,1359,1337,188,97,77,-1,-1
46,6,1360,1340,182,97,77,-1,-1
46,6,1361,1342,176,97,77,-1,-1
46,6,1362,1348,177,92,73,-1,-1
46,6,1363,1353,169,92,73,-1,-1
46,6,1364,1358,172,90,69,-1,-1
46,6,1365,1360,171,90,69,-1,-1
46,6,1366,1362,165,90,69,-1,-1
46,6,1367,1365,164,90,69,-1,-1
46,6,1368,1375,158,80,70,-1,-1
46,6,1369,1376,155,80,70,-1,-1
46,6,1370,1379,152,80,70,-1,-1
46,6,1371,1383,154,75,61,-1,-1
46,6,1372,1386,151,75,61,-1,-1
46,6,1373,1389,148,75,61,-1,-1
46,6,1374,1393,147,75,61,-1,-1
46,6,1375,1396,146,75,61,-1,-1
46,6,1376,1399,142,75,61,-1,-1
46,6,1377,1397,138,75,61,-1,-1
46,6,1378,1402,137,75,61,-1,-1
46,6,1379,1404,134,75,61,-1,-1
46,6,1380,1404,133,73,61,-1,-1
46,6,1381,1409,131,71,56,-1,-1
46,6,1382,1408,130,71,56,-1,-1
46,6,1383,1412,130,71,56,-1,-1
46,6,1384,1415,125,71,56,-1,-1
46,6,1385,1414,124,71,56,-1,-1
46,6,1386,1421,124,65,57,-1,-1
46,6,1387,1420,121,65,57,-1,-1
46,6,1388,1425,122,64,53,-1,-1
46,6,1389,1425,121,64,51,-1,-1
46,6,1390,1428,121,64,51,-1,-1
46,6,1391,1432,116,58,50,-1,-1
46,6,1392,1433,114,58,50,-1,-1
46,6,1393,1434,113,58,50,-1,-1
46,6,1394,1437,113,58,50,-1,-1
46,6,1395,1439,113,58,50,-1,-1
46,6,1396,1439,112,58,47,-1,-1
46,6,1397,1440,111,58,50,-1,-1
46,6,1398,1443,109,58,48,-1,-1
46,6,1399,1444,109,58,46,-1,-1
46,6,1400,1446,109,56,47,-1,-1
46,6,1401,1446,106,56,47,-1,-1
46,6,1402,1447,102,56,47,-1,-1
46,6,1403,1449,105,56,43,-1,-1
46,6,1404,1454,105,51,42,-1,-1
46,6,1405,1455,105,51,39,-1,-1
46,6,1406,1456,101,52,41,-1,-1
46,6,1407,1458,101,50,38,-1,-1
46,6,1408,1459,98,52,42,-1,-1
46,6,1409,1460,99,52,42,-1,-1
46,6,1410,1461,96,51,39,-1,-1
46,6,1411,1463,97,48,38,-1,-1
46,6,1412,1462,97,51,38,-1,-1
46,6,1413,1467,96,48,36,-1,-1
46,6,1414,1469,96,49,36,-1,-1
46,6,1415,1469,95,47,36,-1,-1
46,6,1416,1468,92,51,38,-1,-1
46,6,1417,1469,93,47,34,-1,-1
46,6,1418,1470,92,48,36,-1,-1
46,6,1419,1472,90,47,38,-1,-1
46,6,1420,1475,89,47,35,-1,-1
46,6,1421,1475,90,47,36,-1,-1
46,6,1422,1476,89,46,35,-1,-1
46,6,1423,1479,88,41,35,-1,-1
46,6,1424,1480,87,41,35,-1,-1
46,6,1425,1479,86,44,36,-1,-1
46,6,1426,1482,86,43,31,-1,-1
46,6,1427,1482,86,42,32,-1,-1
46,6,1428,1483,84,41,33,-1,-1
46,6,1429,1485,85,40,32,-1,-1
46,6,1430,1483,84,45,31,-1,-1
46,6,1431,1488,82,40,34,-1,-1
46,6,1432,1487,82,38,31,-1,-1
46,6,1433,1489,80,38,33,-1,-1
46,6,1434,1490,81,40,33,-1,-1
46,6,1435,1492,80,39,32,-1,-1
46,6,1436,1493,79,38,33,-1,-1
46,6,1437,1492,79,40,29,-1,-1
46,6,1438,1493,77,38,32,-1,-1
46,6,1439,1495,77,36,31,-1,-1
46,6,1440,1496,77,38,30,-1,-1
46,6,1441,1496,76,36,32,-1,-1
46,6,1442,1498,77,38,30,-1,-1
46,6,1443,1499,76,37,31,-1,-1
46,6,1444,1501,75,35,29,-1,-1
46,6,1445,1500,75,40,31,-1,-1
46,6,1446,1503,74,35,29,-1,-1
46,6,1447,1504,74,37,30,-1,-1
46,6,1448,1502,72,37,31,-1,-1
46,6,1449,1507,72,34,28,-1,-1
46,6,1450,1505,72,34,27,-1,-1
46,6,1451,1506,71,36,29,-1,-1
46,6,1452,1509,71,34,28,-1,-1
46,6,1453,1506,70,36,31,-1,-1
46,6,1454,1511,69,32,30,-1,-1
46,6,1455,1508,70,35,29,-1,-1
46,6,1456,1509,68,34,28,-1,-1
46,6,1457,1511,70,34,26,-1,-1
46,6,1458,1511,69,36,28,-1,-1
46,6,1459,1512,68,36,28,-1,-1
46,6,1460,1514,68,34,27,-1,-1
46,6,1461,1514,67,33,30,-1,-1
46,6,1462,1513,66,36,29,-1,-1
46,6,1463,1514,67,35,26,-1,-1
46,7,1347,426,578,549,383,-1,-1
46,7,1348,501,541,514,365,-1,-1
46,7,1349,579,512,466,333,-1,-1
46,7,1350,634,482,428,312,-1,-1
46,7,1351,688,462,407,294,-1,-1
46,7,1352,735,444,379,277,-1,-1
46,7,1353,779,424,361,249,-1,-1
46,7,1354,820,405,344,237,-1,-1
46,7,1355,864,391,311,219,-1,-1
46,7,1356,894,377,296,209,-1,-1
46,7,1357,921,366,282,199,-1,-1
46,7,1358,945,350,276,186,-1,-1
46,7,1359,976,340,253,182,-1,-1
46,7,1360,995,327,249,170,-1,-1
46,7,1361,1014,318,237,171,-1,-1
46,7,1362,1041,310,223,156,-1,-1
46,7,1363,1059,296,217,158,-1,-1
46,7,1364,1077,287,207,155,-1,-1
46,7,1365,1096,277,195,152,-1,-1
46,7,1366,1109,271,191,146,-1,-1
46,7,1367,1123,264,187,139,-1,-1
46,7,1368,1135,256,182,139,-1,-1
46,7,1369,1151,251,172,132,-1,-1
46,7,1370,1162,243,168,133,-1,-1
46,7,1371,1175,239,159,124,-1,-1
46,7,1372,1186,233,152,125,-1,-1
46,7,1373,1192,225,152,125,-1,-1
46,7,1374,1204,222,145,113,-1,-1
46,7,1375,1214,217,145,113,-1,-1
46,7,1376,1225,213,136,108,-1,-1
46,7,1377,1232,209,131,105,-1,-1
46,7,1378,1241,204,131,105,-1,-1
46,7,1379,1248,200,131,105,-1,-1
46,7,1380,1254,194,131,105,-1,-1
46,7,1381,1260,191,126,100,-1,-1
46,7,1382,1265,189,126,100,-1,-1
46,7,1383,1272,181,126,100,-1,-1
46,7,1384,1284,183,116,93,-1,-1
46,7,1385,1289,181,113,87,-1,-1
46,7,1386,1294,175,108,88,-1,-1
46,7,1387,1299,171,108,88,-1,-1
46,7,1388,1305,170,105,86,-1,-1
46,7,1389,1312,165,101,85,-1,-1
46,7,1390,1319,163,101,85,-1,-1
46,7,1391,1321,161,101,85,-1,-1
46,7,1392,1322,159,102,78,-1,-1
46,7,1393,1326,157,98,77,-1,-1
46,7,1394,1332,154,98,77,-1,-1
46,7,1395,1333,150,98,77,-1,-1
46,7,1396,1336,149,97,77,-1,-1
46,7,1397,1344,146,92,78,-1,-1
46,7,1398,1349,144,88,73,-1,-1
46,7,1399,1351,145,89,74,-1,-1
46,7,1400,1357,141,84,70,-1,-1
46,7,1401,1359,140,84,70,-1,-1
46,7,1402,1361,136,84,70,-1,-1
46,7,1403,1365,135,84,70,-1,-1
46,7,1404,1369,135,81,69,-1,-1
46,7,1405,1373,132,81,68,-1,-1
46,7,1406,1377,131,75,65,-1,-1
46,7,1407,1378,129,76,64,-1,-1
46,7,1408,1382,127,75,62,-1,-1
46,7,1409,1386,124,74,64,-1,-1
46,7,1410,1391,124,69,60,-1,-1
46,7,1411,1392,124,71,57,-1,-1
46,7,1412,1394,122,69,56,-1,-1
46,7,1413,1395,121,72,57,-1,-1
46,7,1414,1397,119,71,57,-1,-1
46,7,1415,1400,118,70,52,-1,-1
46,7,1416,1402,119,68,53,-1,-1
46,7,1417,1402,113,70,56,-1,-1
46,7,1418,1405,111,66,55,-1,-1
46,7,1419,1410,111,64,55,-1,-1
46,7,1420,1412,112,61,53,-1,-1
46,7,1421,1412,109,61,51,-1,-1
46,7,1422,1415,108,66,52,-1,-1
46,7,1423,1416,107,65,49,-1,-1
46,7,1424,1421,104,61,50,-1,-1
46,7,1425,1424,106,62,47,-1,-1
46,7,1426,1429,103,59,50,-1,-1
46,7,1427,1429,102,56,49,-1,-1
46,7,1428,1428,101,61,48,-1,-1
46,7,1429,1431,101,59,48,-1,-1
46,7,1430,1434,100,58,46,-1,-1
46,7,1431,1437,100,56,46,-1,-1
46,7,1432,1436,96,57,49,-1,-1
46,7,1433,1437,94,57,52,-1,-1
46,7,1434,1441,97,55,46,-1,-1
46,7,1435,1442,94,56,47,-1,-1
46,7,1436,1443,94,56,48,-1,-1
46,7,1437,1444,93,57,44,-1,-1
46,7,1438,1444,93,55,44,-1,-1
46,7,1439,1447,93,55,43,-1,-1
46,7,1440,1448,92,56,42,-1,-1
46,7,1441,1451,91,56,42,-1,-1
46,7,1442,1452,90,54,41,-1,-1
46,7,1443,1452,90,54,40,-1,-1
46,7,1444,1454,88,55,42,-1,-1
46,7,1445,1456,88,54,40,-1,-1
46,7,1446,1459,87,52,39,-1,-1
46,7,1447,1459,86,52,41,-1,-1
46,7,1448,1462,85,50,43,-1,-1
46,7,1449,1462,81,52,44,-1,-1
46,7,1450,1464,83,50,41,-1,-1
46,7,1451,1467,83,49,40,-1,-1
46,7,1452,1467,82,49,41,-1,-1
46,7,1453,1465,79,52,44,-1,-1
46,7,1454,1470,79,48,42,-1,-1
46,7,1455,1472,80,47,39,-1,-1
46,7,1456,1473,80,47,40,-1,-1
46,7,1457,1474,78,47,40,-1,-1
46,7,1458,1474,79,49,38,-1,-1
46,7,1459,1475,76,47,39,-1,-1
46,7,1460,1478,77,46,40,-1,-1
46,7,1461,1480,77,45,38,-1,-1
46,7,1462,1481,76,43,37,-1,-1
46,7,1463,1482,74,43,37,-1,-1
46,7,1464,1485,74,42,37,-1,-1
46,7,1465,1486,75,43,36,-1,-1
46,7,1466,1486,74,43,37,-1,-1
46,7,1467,1487,73,42,35,-1,-1
46,7,1468,1489,72,42,36,-1,-1
46,7,1469,1490,72,41,34,-1,-1
46,7,1470,1490,72,43,34,-1,-1
46,7,1471,1492,70,41,37,-1,-1
46,7,1472,1493,71,42,35,-1,-1
46,7,1473,1491,68,42,37,-1,-1
46,7,1474,1494,69,42,34,-1,-1
46,7,1475,1496,68,42,35,-1,-1
46,7,1476,1495,69,43,34,-1,-1
46,7,1477,1496,68,42,34,-1,-1
46,7,1478,1498,68,41,32,-1,-1
46,7,1479,1498,67,43,34,-1,-1
46,7,1480,1500,67,41,34,-1,-1
46,7,1481,1501,66,40,33,-1,-1
46,7,1482,1503,67,38,33,-1,-1
46,7,1483,1502,66,40,33,-1,-1
46,7,1484,1504,65,40,33,-1,-1
46,7,1485,1504,65,40,33,-1,-1
46,7,1486,1505,63,40,33,-1,-1
46,7,1487,1507,63,40,32,-1,-1
46,7,1488,1507,63,40,33,-1,-1
46,7,1489,1507,63,40,33,-1,-1
46,7,1490,1511,65,38,31,-1,-1
46,7,1491,1511,62,38,31,-1,-1
46,7,1492,1512,62,38,31,-1,-1
46,7,1493,1513,62,38,31,-1,-1
46,7,1494,1515,60,38,31,-1,-1
46,7,1495,1515,60,38,31,-1,-1
46,7,1496,1516,60,38,31,-1,-1
46,7,1497,1517,60,36,30,-1,-1
46,7,1498,1518,59,36,30,-1,-1
46,7,1499,1519,59,36,28,-1,-1
46,7,1500,1521,59,35,29,-1,-1
46,7,1501,1522,58,34,28,-1,-1
46,7,1502,1523,58,33,27,-1,-1
46,7,1503,1522,58,33,27,-1,-1
46,7,1504,1524,57,33,27,-1,-1
46,7,1505,1525,58,33,27,-1,-1
46,7,1506,1525,57,33,27,-1,-1
46,7,1507,1525,57,33,27,-1,-1
46,7,1508,1526,56,33,27,-1,-1
46,7,1509,1526,56,33,27,-1,-1
46,8,1370,440,628,530,393,-1,-1
46,8,1371,520,605,477,364,-1,-1
46,8,1372,588,573,444,335,-1,-1
46,8,1373,650,545,408,310,-1,-1
46,8,1374,701,521,384,286,-1,-1
46,8,1375,754,493,356,266,-1,-1
46,8,1376,791,471,336,251,-1,-1
46,8,1377,830,448,313,237,-1,-1
46,8,1378,867,432,298,226,-1,-1
46,8,1379,902,418,281,202,-1,-1
46,8,1380,936,403,257,191,-1,-1
46,8,1381,962,387,246,180,-1,-1
46,8,1382,984,374,234,171,-1,-1
46,8,1383,1009,363,223,163,-1,-1
46,8,1384,1031,351,213,152,-1,-1
46,8,1385,1051,342,205,144,-1,-1
46,8,1386,1070,333,195,137,-1,-1
46,8,1387,1083,319,189,138,-1,-1
46,8,1388,1099,310,184,135,-1,-1
46,8,1389,1115,300,179,128,-1,-1
46,8,1390,1130,291,167,127,-1,-1
46,8,1391,1145,282,162,126,-1,-1
46,8,1392,1157,275,159,120,-1,-1
46,8,1393,1170,273,152,116,-1,-1
46,8,1394,1182,264,148,107,-1,-1
46,8,1395,1192,258,143,107,-1,-1
46,8,1396,1200,253,143,107,-1,-1
46,8,1397,1210,247,135,101,-1,-1
46,8,1398,1218,241,135,101,-1,-1
46,8,1399,1227,236,130,96,-1,-1
46,8,1400,1236,235,125,91,-1,-1
46,8,1401,1243,228,125,91,-1,-1
46,8,1402,1251,224,120,88,-1,-1
46,8,1403,1256,219,120,88,-1,-1
46,8,1404,1265,215,114,89,-1,-1
46,8,1405,1272,209,112,85,-1,-1
46,8,1406,1283,206,104,82,-1,-1
46,8,1407,1286,202,103,77,-1,-1
46,8,1408,1291,197,102,79,-1,-1
46,8,1409,1296,196,102,77,-1,-1
46,8,1410,1300,193,101,72,-1,-1
46,8,1411,1305,188,99,74,-1,-1
46,8,1412,1310,186,97,71,-1,-1
46,8,1413,1316,183,95,69,-1,-1
46,8,1414,1320,179,94,68,-1,-1
46,8,1415,1325,178,90,69,-1,-1
46,8,1416,1331,172,88,71,-1,-1
46,8,1417,1333,171,89,62,-1,-1
46,8,1418,1339,169,84,60,-1,-1
46,8,1419,1344,167,84,63,-1,-1
46,8,1420,1348,164,83,63,-1,-1
46,8,1421,1350,161,82,60,-1,-1
46,8,1422,1351,158,84,63,-1,-1
46,8,1423,1353,156,84,63,-1,-1
46,8,1424,1361,155,77,56,-1,-1
46,8,1425,1360,152,82,58,-1,-1
46,8,1426,1369,152,74,55,-1,-1
46,8,1427,1372,150,73,54,-1,-1
46,8,1428,1373,147,73,54,-1,-1
46,8,1429,1376,144,74,58,-1,-1
46,8,1430,1381,142,70,56,-1,-1
46,8,1431,1383,143,71,53,-1,-1
46,8,1432,1386,137,70,54,-1,-1
46,8,1433,1389,138,67,50,-1,-1
46,8,1434,1391,135,68,53,-1,-1
46,8,1435,1394,134,65,52,-1,-1
46,8,1436,1396,132,67,53,-1,-1
46,8,1437,1397,131,66,51,-1,-1
46,8,1438,1399,129,67,50,-1,-1
46,8,1439,1402,128,65,50,-1,-1
46,8,1440,1406,126,64,48,-1,-1
46,8,1441,1407,125,64,49,-1,-1
46,8,1442,1408,123,65,47,-1,-1
46,8,1443,1406,123,66,45,-1,-1
46,8,1444,1411,120,65,47,-1,-1
46,8,1445,1417,120,60,47,-1,-1
46,8,1446,1419,118,58,46,-1,-1
46,8,1447,1420,116,60,49,-1,-1
46,8,1448,1420,116,61,45,-1,-1
46,8,1449,1423,115,59,46,-1,-1
46,8,1450,1426,115,59,45,-1,-1
46,8,1451,1427,114,59,45,-1,-1
46,8,1452,1429,111,56,43,-1,-1
46,8,1453,1430,110,54,42,-1,-1
46,8,1454,1433,109,55,42,-1,-1
46,8,1455,1434,106,59,45,-1,-1
46,8,1456,1435,107,55,42,-1,-1
46,8,1457,1439,107,52,41,-1,-1
46,8,1458,1439,105,52,41,-1,-1
46,8,1459,1442,105,52,39,-1,-1
46,8,1460,1444,102,51,41,-1,-1
46,8,1461,1445,102,52,41,-1,-1
46,8,1462,1444,103,53,38,-1,-1
46,8,1463,1446,100,50,37,-1,-1
46,8,1464,1445,101,51,38,-1,-1
46,8,1465,1451,98,50,40,-1,-1
46,8,1466,1453,98,49,38,-1,-1
46,8,1467,1454,98,46,38,-1,-1
46,8,1468,1457,98,45,35,-1,-1
46,8,1469,1457,97,47,36,-1,-1
46,8,1470,1459,95,47,38,-1,-1
46,8,1471,1458,93,49,38,-1,-1
46,8,1472,1460,94,49,37,-1,-1
46,8,1473,1459,90,50,39,-1,-1
46,8,1474,1464,91,47,37,-1,-1
46,8,1475,1465,91,47,38,-1,-1
46,8,1476,1466,90,46,36,-1,-1
46,8,1477,1465,90,48,32,-1,-1
46,8,1478,1467,88,49,37,-1,-1
46,8,1479,1469,89,45,35,-1,-1
46,8,1480,1469,86,47,36,-1,-1
46,8,1481,1471,88,45,34,-1,-1
46,8,1482,1472,87,45,34,-1,-1
46,8,1483,1474,86,45,34,-1,-1
46,8,1484,1475,87,45,34,-1,-1
46,8,1485,1477,85,45,34,-1,-1
46,8,1486,1476,84,45,34,-1,-1
46,8,1487,1478,85,43,32,-1,-1
46,8,1488,1478,82,43,32,-1,-1
46,8,1489,1480,84,43,32,-1,-1
46,8,1490,1481,82,43,32,-1,-1
46,8,1491,1483,82,43,32,-1,-1
46,8,1492,1483,79,43,32,-1,-1
46,8,1493,1483,78,43,32,-1,-1
46,8,1494,1484,80,43,32,-1,-1
46,8,1495,1485,78,43,32,-1,-1
46,8,1496,1486,79,43,32,-1,-1
46,8,1497,1486,76,43,32,-1,-1
46,8,1498,1486,76,43,32,-1,-1
46,8,1499,1488,75,43,32,-1,-1
46,8,1500,1488,74,43,32,-1,-1
46,8,1501,1492,75,41,31,-1,-1
46,8,1502,1493,75,41,31,-1,-1
46,8,1503,1492,76,41,31,-1,-1
46,8,1504,1495,73,41,31,-1,-1
46,8,1505,1494,74,41,31,-1,-1
46,8,1506,1494,72,41,31,-1,-1
46,8,1507,1495,73,41,31,-1,-1
46,8,1508,1498,72,39,29,-1,-1
46,8,1509,1500,74,37,28,-1,-1
46,8,1510,1501,73,37,28,-1,-1
46,8,1511,1500,72,37,28,-1,-1
46,8,1512,1501,72,37,28,-1,-1
46,8,1513,1502,72,37,28,-1,-1
46,8,1514,1504,72,37,28,-1,-1
46,8,1515,1503,72,37,28,-1,-1
46,8,1516,1506,71,37,28,-1,-1
46,8,1517,1506,70,37,28,-1,-1
46,8,1518,1508,69,37,28,-1,-1
46,8,1519,1509,69,35,27,-1,-1
46,8,1520,1510,69,35,27,-1,-1
46,8,1521,1511,68,35,27,-1,-1
46,8,1522,1512,69,34,25,-1,-1
46,8,1523,1512,68,34,25,-1,-1
46,8,1524,1514,68,34,25,-1,-1
46,8,1525,1513,67,34,25,-1,-1
46,8,1526,1514,67,34,25,-1,-1
46,8,1527,1516,67,34,25,-1,-1
46,8,1528,1516,66,34,25,-1,-1
46,8,1529,1518,65,32,24,-1,-1
46,8,1530,1520,64,32,24,-1,-1
46,8,1531,1519,64,32,24,-1,-1
46,8,1532,1519,63,34,25,-1,-1
46,8,1533,1520,63,34,25,-1,-1
46,8,1534,1521,63,34,25,-1,-1
46,8,1535,1522,63,34,25,-1,-1
46,8,1536,1522,62,32,24,-1,-1
46,8,1537,1523,63,32,24,-1,-1
46,8,1538,1524,62,32,24,-1,-1
46,8,1539,1524,61,32,24,-1,-1
46,8,1540,1526,61,32,24,-1,-1
46,8,1541,1526,60,32,24,-1,-1
46,8,1542,1527,59,32,24,-1,-1
46,8,1543,1528,59,30,23,-1,-1
46,8,1544,1528,59,30,23,-1,-1
46,8,1545,1530,59,30,23,-1,-1
46,8,1546,1531,60,30,23,-1,-1
46,8,1547,1531,59,29,22,-1,-1
46,8,1548,1530,59,29,22,-1,-1
46,8,1549,1532,60,28,21,-1,-1
46,8,1550,1534,59,28,21,-1,-1
46,8,1551,1534,59,28,21,-1,-1
46,8,1552,1534,58,28,21,-1,-1
46,8,1553,1535,59,28,21,-1,-1
46,8,1554,1535,58,29,22,-1,-1
46,8,1555,1537,57,29,22,-1,-1
46,8,1556,1537,57,29,22,-1,-1
46,8,1557,1536,56,29,22,-1,-1
46,9,1405,414,577,570,430,-1,-1
46,9,1406,505,541,508,388,-1,-1
46,9,1407,565,510,480,354,-1,-1
46,9,1408,618,481,457,335,-1,-1
46,9,1409,688,456,407,310,-1,-1
46,9,1410,743,429,376,290,-1,-1
46,9,1411,790,412,349,266,-1,-1
46,9,1412,827,392,331,259,-1,-1
46,9,1413,869,381,304,233,-1,-1
46,9,1414,901,373,286,214,-1,-1
46,9,1415,933,348,273,211,-1,-1
46,9,1416,959,335,258,205,-1,-1
46,9,1417,984,327,243,192,-1,-1
46,9,1418,1005,322,237,177,-1,-1
46,9,1419,1026,305,225,176,-1,-1
46,9,1420,1048,294,214,168,-1,-1
46,9,1421,1066,282,206,162,-1,-1
46,9,1422,1080,277,201,155,-1,-1
46,9,1423,1099,268,188,151,-1,-1
46,9,1424,1114,261,183,147,-1,-1
46,9,1425,1130,256,174,139,-1,-1
46,9,1426,1144,247,169,136,-1,-1
46,9,1427,1156,242,162,131,-1,-1
46,9,1428,1162,234,160,131,-1,-1
46,9,1429,1177,226,153,127,-1,-1
46,9,1430,1191,224,148,122,-1,-1
46,9,1431,1198,217,146,119,-1,-1
46,9,1432,1210,212,139,118,-1,-1
46,9,1433,1219,208,136,116,-1,-1
46,9,1434,1226,201,134,116,-1,-1
46,9,1435,1235,197,130,112,-1,-1
46,9,1436,1242,195,128,108,-1,-1
46,9,1437,1249,190,124,109,-1,-1
46,9,1438,1257,189,120,101,-1,-1
46,9,1439,1266,182,116,99,-1,-1
46,9,1440,1271,180,116,102,-1,-1
46,9,1441,1277,176,113,97,-1,-1
46,9,1442,1281,172,112,99,-1,-1
46,9,1443,1291,168,106,99,-1,-1
46,9,1444,1291,163,110,94,-1,-1
46,9,1445,1298,162,108,96,-1,-1
46,9,1446,1305,163,102,86,-1,-1
46,9,1447,1310,158,101,85,-1,-1
46,9,1448,1314,155,99,88,-1,-1
46,9,1449,1319,152,97,91,-1,-1
46,9,1450,1325,152,96,88,-1,-1
46,9,1451,1331,150,91,85,-1,-1
46,9,1452,1335,145,90,84,-1,-1
46,9,1453,1339,144,88,84,-1,-1
46,9,1454,1344,140,86,83,-1,-1
46,9,1455,1346,137,86,86,-1,-1
46,9,1456,1351,138,84,82,-1,-1
46,9,1457,1352,135,85,81,-1,-1
46,9,1458,1354,135,85,75,-1,-1
46,9,1459,1358,131,83,78,-1,-1
46,9,1460,1362,132,83,74,-1,-1
46,9,1461,1368,129,79,76,-1,-1
46,9,1462,1370,127,78,78,-1,-1
46,9,1463,1375,125,75,74,-1,-1
46,9,1464,1375,123,79,77,-1,-1
46,9,1465,1377,122,81,75,-1,-1
46,9,1466,1384,119,75,73,-1,-1
46,9,1467,1384,119,73,65,-1,-1
46,9,1468,1387,116,72,69,-1,-1
46,9,1469,1393,116,68,69,-1,-1
46,9,1470,1395,114,70,70,-1,-1
46,9,1471,1394,114,72,70,-1,-1
46,9,1472,1396,110,70,70,-1,-1
46,9,1473,1397,108,72,69,-1,-1
46,9,1474,1403,109,68,70,-1,-1
46,9,1475,1403,108,69,66,-1,-1
46,9,1476,1403,107,69,65,-1,-1
46,9,1477,1410,106,64,64,-1,-1
46,9,1478,1411,104,66,64,-1,-1
46,9,1479,1414,104,64,65,-1,-1
46,9,1480,1415,103,63,60,-1,-1
46,9,1481,1416,101,64,61,-1,-1
46,9,1482,1419,102,61,58,-1,-1
46,9,1483,1421,100,60,58,-1,-1
46,9,1484,1423,99,61,58,-1,-1
46,9,1485,1424,99,62,59,-1,-1
46,9,1486,1428,97,59,60,-1,-1
46,9,1487,1428,98,59,54,-1,-1
46,9,1488,1430,96,59,54,-1,-1
46,9,1489,1432,95,58,56,-1,-1
46,9,1490,1434,95,59,55,-1,-1
46,9,1491,1435,94,59,54,-1,-1
46,9,1492,1436,90,60,58,-1,-1
46,9,1493,1437,88,60,58,-1,-1
46,9,1494,1440,89,56,55,-1,-1
46,9,1495,1444,87,56,55,-1,-1
46,9,1496,1446,89,56,55,-1,-1
46,9,1497,1447,88,56,55,-1,-1
46,9,1498,1446,86,56,55,-1,-1
46,9,1499,1447,85,56,55,-1,-1
46,9,1500,1452,86,54,53,-1,-1
46,9,1501,1451,84,54,53,-1,-1
46,9,1502,1452,84,54,53,-1,-1
46,9,1503,1456,85,51,50,-1,-1
46,9,1504,1459,85,51,50,-1,-1
46,9,1505,1457,82,51,50,-1,-1
46,9,1506,1459,81,51,50,-1,-1
46,9,1507,1462,82,51,50,-1,-1
46,9,1508,1461,79,51,50,-1,-1
46,9,1509,1463,79,50,47,-1,-1
46,9,1510,1467,81,50,47,-1,-1
46,9,1511,1468,80,50,47,-1,-1
46,9,1512,1469,79,50,47,-1,-1
46,9,1513,1469,79,50,47,-1,-1
46,9,1514,1471,80,50,47,-1,-1
46,9,1515,1472,78,50,47,-1,-1
46,9,1516,1472,78,50,47,-1,-1
46,9,1517,1474,77,48,45,-1,-1
46,9,1518,1474,77,48,45,-1,-1
46,9,1519,1476,77,48,45,-1,-1
46,9,1520,1476,77,48,45,-1,-1
46,9,1521,1478,75,48,45,-1,-1
46,9,1522,1478,74,48,45,-1,-1
46,9,1523,1481,75,45,43,-1,-1
46,9,1524,1482,74,45,43,-1,-1
46,9,1525,1482,73,45,43,-1,-1
46,9,1526,1483,73,45,43,-1,-1
46,9,1527,1484,73,45,43,-1,-1
46,9,1528,1484,73,45,43,-1,-1
46,9,1529,1486,71,45,43,-1,-1
46,9,1530,1487,71,45,43,-1,-1
46,9,1531,1487,70,45,43,-1,-1
46,9,1532,1489,70,45,43,-1,-1
46,9,1533,1490,70,43,41,-1,-1
46,9,1534,1490,69,43,41,-1,-1
46,9,1535,1492,69,43,41,-1,-1
46,9,1536,1494,67,43,41,-1,-1
46,9,1537,1494,67,43,41,-1,-1
46,9,1538,1495,67,43,41,-1,-1
46,9,1539,1495,68,43,41,-1,-1
46,9,1540,1496,67,43,41,-1,-1
46,9,1541,1497,65,43,41,-1,-1
46,9,1542,1497,65,43,41,-1,-1
46,9,1543,1499,66,43,41,-1,-1
46,9,1544,1499,64,43,41,-1,-1
46,9,1545,1500,65,41,39,-1,-1
46,9,1546,1502,65,39,37,-1,-1
46,9,1547,1502,66,39,37,-1,-1
46,9,1548,1503,65,39,37,-1,-1
46,9,1549,1505,63,39,37,-1,-1
46,9,1550,1506,63,39,37,-1,-1
46,9,1551,1505,63,39,37,-1,-1
46,9,1552,1506,63,39,37,-1,-1
46,9,1553,1506,62,39,37,-1,-1
46,9,1554,1507,61,39,37,-1,-1
46,9,1555,1508,62,39,37,-1,-1
46,9,1556,1509,61,39,37,-1,-1
46,9,1557,1509,62,37,35,-1,-1
46,9,1558,1511,61,37,35,-1,-1
46,9,1559,1511,61,37,35,-1,-1
46,9,1560,1513,61,37,35,-1,-1
46,9,1561,1513,59,37,35,-1,-1
46,9,1562,1514,59,37,35,-1,-1
46,9,1563,1514,58,37,35,-1,-1
46,9,1564,1516,59,37,35,-1,-1
46,9,1565,1516,58,37,35,-1,-1
46,9,1566,1517,59,36,33,-1,-1
46,9,1567,1517,59,36,33,-1,-1
46,9,1568,1517,59,36,33,-1,-1
46,9,1569,1520,59,36,33,-1,-1
46,9,1570,1520,59,36,33,-1,-1
46,9,1571,1520,58,36,33,-1,-1
46,9,1572,1523,56,36,33,-1,-1
46,9,1573,1523,56,36,33,-1,-1
46,9,1574,1524,56,36,33,-1,-1
46,9,1575,1525,55,36,33,-1,-1
46,9,1576,1526,54,36,33,-1,-1
46,9,1577,1525,54,36,33,-1,-1
46,9,1578,1527,54,36,33,-1,-1
46,9,1579,1527,52,36,33,-1,-1
46,9,1580,1528,53,36,33,-1,-1
46,9,1581,1529,53,36,33,-1,-1
46,9,1582,1530,53,36,33,-1,-1
46,9,1583,1529,52,36,33,-1,-1
46,9,1584,1531,53,36,33,-1,-1
46,9,1585,1532,52,34,32,-1,-1
46,9,1586,1532,52,34,32,-1,-1
46,9,1587,1534,52,34,32,-1,-1
46,9,1588,1534,51,34,32,-1,-1
46,9,1589,1535,52,32,30,-1,-1
46,9,1590,1535,52,32,30,-1,-1
46,9,1591,1536,52,32,30,-1,-1
46,9,1592,1536,52,32,30,-1,-1
46,9,1593,1538,51,32,30,-1,-1
46,9,1594,1538,51,32,30,-1,-1
46,9,1595,1541,50,31,29,-1,-1
46,9,1596,1542,50,31,29,-1,-1
46,9,1597,1540,52,31,29,-1,-1
46,9,1598,1542,51,31,29,-1,-1
46,9,1599,1543,51,31,29,-1,-1
46,9,1600,1543,50,31,29,-1,-1
46,9,1601,1543,50,31,29,-1,-1
46,9,1602,1544,51,29,27,-1,-1
46,9,1603,1545,49,29,27,-1,-1
46,10,1754,519,641,507,365,-1,-1
46,10,1755,602,603,466,322,-1,-1
46,10,1756,683,565,420,286,-1,-1
46,10,1757,750,525,380,260,-1,-1
46,10,1758,814,493,344,237,-1,-1
46,10,1759,862,469,320,212,-1,-1
46,10,1760,908,443,297,197,-1,-1
46,10,1761,947,423,276,177,-1,-1
46,10,1762,982,401,260,168,-1,-1
46,10,1763,1013,386,242,157,-1,-1
46,10,1764,1040,367,230,144,-1,-1
46,10,1765,1065,350,216,143,-1,-1
46,10,1766,1087,337,211,134,-1,-1
46,10,1767,1113,323,198,129,-1,-1
46,10,1768,1136,312,180,122,-1,-1
46,10,1769,1154,304,171,116,-1,-1
46,10,1770,1166,289,171,116,-1,-1
46,10,1771,1183,279,163,110,-1,-1
46,10,1772,1197,269,163,110,-1,-1
46,10,1773,1208,261,157,109,-1,-1
46,10,1774,1223,252,147,103,-1,-1
46,10,1775,1236,247,139,102,-1,-1
46,10,1776,1248,245,132,97,-1,-1
46,10,1777,1256,237,132,97,-1,-1
46,10,1778,1270,226,123,101,-1,-1
46,10,1779,1277,220,123,101,-1,-1
46,10,1780,1284,215,118,98,-1,-1
46,10,1781,1294,209,116,98,-1,-1
46,10,1782,1299,204,116,98,-1,-1
46,10,1783,1310,200,108,91,-1,-1
46,10,1784,1315,193,108,91,-1,-1
46,10,1785,1324,189,104,84,-1,-1
46,10,1786,1328,187,104,84,-1,-1
46,10,1787,1334,182,101,82,-1,-1
46,10,1788,1339,177,99,84,-1,-1
46,10,1789,1346,173,93,78,-1,-1
46,10,1790,1351,170,93,78,-1,-1
46,10,1791,1355,167,93,78,-1,-1
46,10,1792,1362,162,91,74,-1,-1
46,10,1793,1368,163,87,71,-1,-1
46,10,1794,1371,159,87,70,-1,-1
46,10,1795,1377,156,84,68,-1,-1
46,10,1796,1380,154,83,66,-1,-1
46,10,1797,1384,150,84,67,-1,-1
46,10,1798,1387,147,81,63,-1,-1
46,10,1799,1392,145,79,66,-1,-1
46,10,1800,1395,141,77,65,-1,-1
46,10,1801,1399,139,75,65,-1,-1
46,10,1802,1404,139,72,59,-1,-1
46,10,1803,1406,136,74,62,-1,-1
46,10,1804,1407,133,74,62,-1,-1
46,10,1805,1410,131,74,62,-1,-1
46,10,1806,1415,130,72,57,-1,-1
46,10,1807,1417,127,72,57,-1,-1
46,10,1808,1420,126,69,56,-1,-1
46,10,1809,1423,125,69,57,-1,-1
46,10,1810,1426,122,69,57,-1,-1
46,10,1811,1430,119,63,57,-1,-1
46,10,1812,1434,117,63,57,-1,-1
46,10,1813,1435,116,63,57,-1,-1
46,10,1814,1438,115,63,53,-1,-1
46,10,1815,1438,114,63,53,-1,-1
46,10,1816,1441,115,62,50,-1,-1
46,10,1817,1442,113,62,50,-1,-1
46,10,1818,1445,111,60,48,-1,-1
46,10,1819,1447,109,60,48,-1,-1
46,10,1820,1450,108,58,48,-1,-1
46,10,1821,1452,105,58,49,-1,-1
46,10,1822,1454,104,57,50,-1,-1
46,10,1823,1456,103,57,50,-1,-1
46,10,1824,1458,102,55,47,-1,-1
46,10,1825,1459,100,55,47,-1,-1
46,10,1826,1462,100,52,46,-1,-1
46,10,1827,1464,97,52,46,-1,-1
46,10,1828,1465,98,52,46,-1,-1
46,10,1829,1467,96,52,46,-1,-1
46,10,1830,1467,94,52,46,-1,-1
46,10,1831,1470,94,53,43,-1,-1
46,10,1832,1470,94,53,43,-1,-1
46,10,1833,1472,92,51,43,-1,-1
46,10,1834,1474,90,49,41,-1,-1
46,10,1835,1476,90,49,41,-1,-1
46,10,1836,1477,89,49,41,-1,-1
46,10,1837,1478,89,49,41,-1,-1
46,10,1838,1480,87,49,41,-1,-1
46,10,1839,1479,86,49,41,-1,-1
46,10,1840,1482,85,47,41,-1,-1
46,10,1841,1483,85,47,41,-1,-1
46,10,1842,1484,83,47,41,-1,-1
46,10,1843,1486,83,47,41,-1,-1
46,10,1844,1487,81,47,41,-1,-1
46,10,1845,1488,80,47,41,-1,-1
46,10,1846,1490,81,46,38,-1,-1
46,10,1847,1490,79,46,38,-1,-1
46,10,1848,1493,80,46,38,-1,-1
46,10,1849,1493,79,43,35,-1,-1
46,10,1850,1494,78,43,35,-1,-1
46,10,1851,1496,78,43,35,-1,-1
46,10,1852,1499,79,43,35,-1,-1
46,10,1853,1500,78,43,35,-1,-1
46,10,1854,1500,77,43,35,-1,-1
46,10,1855,1500,76,43,35,-1,-1
46,10,1856,1501,74,43,35,-1,-1
46,10,1857,1502,74,43,35,-1,-1
46,10,1858,1505,74,41,34,-1,-1
46,10,1859,1505,73,41,34,-1,-1
46,10,1860,1505,71,41,34,-1,-1
46,10,1861,1506,70,41,34,-1,-1
46,10,1862,1507,72,41,34,-1,-1
46,10,1863,1509,71,39,32,-1,-1
46,10,1864,1509,71,39,32,-1,-1
46,10,1865,1510,70,39,32,-1,-1
46,10,1866,1511,69,39,32,-1,-1
46,10,1867,1512,68,38,30,-1,-1
46,10,1868,1512,67,39,32,-1,-1
46,10,1869,1515,68,37,31,-1,-1
46,10,1870,1514,67,37,31,-1,-1
46,10,1871,1516,66,37,31,-1,-1
46,10,1872,1517,65,37,31,-1,-1
46,10,1873,1519,65,37,31,-1,-1
46,10,1874,1519,64,37,31,-1,-1
46,10,1875,1517,65,37,31,-1,-1
46,10,1876,1519,64,37,31,-1,-1
46,10,1877,1520,63,37,31,-1,-1
46,10,1878,1521,62,37,32,-1,-1
46,10,1879,1523,60,37,31,-1,-1
46,10,1880,1523,61,37,31,-1,-1
46,10,1881,1523,62,36,27,-1,-1
46,10,1882,1526,60,35,29,-1,-1
46,10,1883,1528,60,34,29,-1,-1
46,10,1884,1528,59,34,29,-1,-1
46,10,1885,1528,59,35,30,-1,-1
46,10,1886,1528,60,35,29,-1,-1
46,10,1887,1528,58,35,30,-1,-1
46,10,1888,1531,58,34,28,-1,-1
46,10,1889,1532,56,35,30,-1,-1
46,10,1890,1531,57,35,30,-1,-1
46,10,1891,1532,57,35,29,-1,-1
46,10,1892,1533,55,35,30,-1,-1
46,10,1893,1534,56,34,28,-1,-1
46,10,1894,1535,55,34,28,-1,-1
46,10,1895,1534,55,34,28,-1,-1
46,10,1896,1537,56,32,27,-1,-1
46,10,1897,1536,55,34,28,-1,-1
46,10,1898,1538,55,34,28,-1,-1
46,10,1899,1537,53,34,28,-1,-1
46,10,1900,1538,54,34,28,-1,-1
46,11,1968,466,658,497,297,-1,-1
46,11,1969,553,612,450,301,-1,-1
46,11,1970,635,572,398,288,-1,-1
46,11,1971,695,532,368,255,-1,-1
46,11,1972,765,508,332,212,-1,-1
46,11,1973,810,480,317,199,-1,-1
46,11,1974,858,459,289,184,-1,-1
46,11,1975,902,437,266,174,-1,-1
46,11,1976,936,417,246,172,-1,-1
46,11,1977,978,393,227,157,-1,-1
46,11,1978,1006,376,217,140,-1,-1
46,11,1979,1031,367,207,133,-1,-1
46,11,1980,1057,344,195,135,-1,-1
46,11,1981,1077,331,184,129,-1,-1
46,11,1982,1100,319,173,120,-1,-1
46,11,1983,1116,310,165,114,-1,-1
46,11,1984,1138,302,159,111,-1,-1
46,11,1985,1151,291,156,103,-1,-1
46,11,1986,1170,280,147,104,-1,-1
46,11,1987,1186,269,138,102,-1,-1
46,11,1988,1200,261,134,98,-1,-1
46,11,1989,1212,253,131,94,-1,-1
46,11,1990,1222,243,126,93,-1,-1
46,11,1991,1234,235,124,92,-1,-1
46,11,1992,1241,229,123,89,-1,-1
46,11,1993,1250,226,122,84,-1,-1
46,11,1994,1259,219,117,83,-1,-1
46,11,1995,1268,213,113,84,-1,-1
46,11,1996,1279,208,109,76,-1,-1
46,11,1997,1287,205,104,73,-1,-1
46,11,1998,1294,200,104,73,-1,-1
46,11,1999,1300,196,104,73,-1,-1
46,11,2000,1307,190,100,73,-1,-1
46,11,2001,1316,185,93,68,-1,-1
46,11,2002,1321,181,93,68,-1,-1
46,11,2003,1326,179,93,68,-1,-1
46,11,2004,1334,174,91,66,-1,-1
46,11,2005,1339,170,88,66,-1,-1
46,11,2006,1346,166,83,68,-1,-1
46,11,2007,1350,168,82,61,-1,-1
46,11,2008,1356,163,82,61,-1,-1
46,11,2009,1361,160,82,61,-1,-1
46,11,2010,1367,157,77,60,-1,-1
46,11,2011,1370,154,77,60,-1,-1
46,11,2012,1372,151,77,60,-1,-1
46,11,2013,1377,146,77,60,-1,-1
46,11,2014,1382,145,75,59,-1,-1
46,11,2015,1387,143,72,56,-1,-1
46,11,2016,1390,140,69,56,-1,-1
46,11,2017,1394,138,68,55,-1,-1
46,11,2018,1399,135,68,55,-1,-1
46,11,2019,1403,132,66,55,-1,-1
46,11,2020,1405,131,66,55,-1,-1
46,11,2021,1407,130,65,50,-1,-1
46,11,2022,1411,128,65,53,-1,-1
46,11,2023,1414,124,65,53,-1,-1
46,11,2024,1417,124,63,53,-1,-1
46,11,2025,1418,121,63,53,-1,-1
46,11,2026,1422,119,60,51,-1,-1
46,11,2027,1425,119,59,48,-1,-1
46,11,2028,1428,116,59,48,-1,-1
46,11,2029,1430,114,59,48,-1,-1
46,11,2030,1432,113,59,48,-1,-1
46,11,2031,1435,111,55,50,-1,-1
46,11,2032,1438,112,55,45,-1,-1
46,11,2033,1441,111,55,45,-1,-1
46,11,2034,1443,109,54,43,-1,-1
46,11,2035,1444,107,54,43,-1,-1
46,11,2036,1445,106,54,43,-1,-1
46,11,2037,1448,105,53,44,-1,-1
46,11,2038,1449,106,53,41,-1,-1
46,11,2039,1453,104,52,40,-1,-1
46,11,2040,1456,101,50,41,-1,-1
46,11,2041,1456,100,50,43,-1,-1
46,11,2042,1458,100,49,41,-1,-1
46,11,2043,1460,99,50,40,-1,-1
46,11,2044,1462,97,50,40,-1,-1
46,11,2045,1463,96,50,40,-1,-1
46,11,2046,1465,96,48,37,-1,-1
46,11,2047,1467,95,48,37,-1,-1
46,11,2048,1469,95,48,37,-1,-1
46,11,2049,1471,93,44,36,-1,-1
46,11,2050,1472,91,46,36,-1,-1
46,11,2051,1473,92,45,36,-1,-1
46,11,2052,1475,91,45,34,-1,-1
46,11,2053,1477,87,45,38,-1,-1
46,11,2054,1479,88,46,34,-1,-1
46,11,2055,1480,87,44,34,-1,-1
46,11,2056,1480,84,44,35,-1,-1
46,11,2057,1482,85,43,33,-1,-1
46,11,2058,1483,82,43,36,-1,-1
46,11,2059,1486,83,42,33,-1,-1
46,11,2060,1488,84,41,31,-1,-1
46,11,2061,1489,81,41,31,-1,-1
46,11,2062,1490,80,41,32,-1,-1
46,11,2063,1490,79,42,36,-1,-1
46,11,2064,1492,76,42,36,-1,-1
46,11,2065,1494,78,40,34,-1,-1
46,11,2066,1495,76,38,33,-1,-1
46,11,2067,1494,75,40,35,-1,-1
46,11,2068,1497,74,40,35,-1,-1
46,11,2069,1499,73,40,35,-1,-1
46,11,2070,1500,73,40,35,-1,-1
46,11,2071,1501,72,40,35,-1,-1
46,11,2072,1502,73,38,33,-1,-1
46,11,2073,1503,71,38,33,-1,-1
46,11,2074,1505,71,38,33,-1,-1
46,11,2075,1506,71,38,33,-1,-1
46,11,2076,1507,70,38,33,-1,-1
46,11,2077,1507,70,38,33,-1,-1
46,11,2078,1508,69,38,33,-1,-1
46,11,2079,1510,69,35,31,-1,-1
46,11,2080,1511,67,36,31,-1,-1
46,11,2081,1512,68,36,31,-1,-1
46,11,2082,1514,67,34,30,-1,-1
46,11,2083,1514,69,34,30,-1,-1
46,11,2084,1516,68,34,30,-1,-1
46,11,2085,1518,67,34,30,-1,-1
46,11,2086,1518,66,34,30,-1,-1
46,11,2087,1517,64,34,30,-1,-1
46,11,2088,1518,63,34,30,-1,-1
46,11,2089,1520,63,34,30,-1,-1
46,11,2090,1521,63,34,30,-1,-1
46,11,2091,1521,62,34,30,-1,-1
46,11,2092,1523,64,32,24,-1,-1
46,11,2093,1524,62,32,28,-1,-1
46,11,2094,1525,61,34,30,-1,-1
46,11,2095,1526,63,33,28,-1,-1
46,11,2096,1526,60,33,28,-1,-1
46,11,2097,1528,59,33,28,-1,-1
46,11,2098,1528,60,33,28,-1,-1
46,11,2099,1530,61,32,25,-1,-1
46,12,2452,509,619,520,393,-1,-1
46,12,2453,596,595,456,359,-1,-1
46,12,2454,660,556,434,338,-1,-1
46,12,2455,715,526,395,308,-1,-1
46,12,2456,765,496,368,288,-1,-1
46,12,2457,812,465,344,275,-1,-1
46,12,2458,852,450,321,249,-1,-1
46,12,2459,888,428,301,240,-1,-1
46,12,2460,917,409,291,233,-1,-1
46,12,2461,941,388,278,217,-1,-1
46,12,2462,973,376,261,200,-1,-1
46,12,2463,1006,360,245,190,-1,-1
46,12,2464,1026,347,234,183,-1,-1
46,12,2465,1050,336,217,171,-1,-1
46,12,2466,1072,325,206,166,-1,-1
46,12,2467,1087,314,198,159,-1,-1
46,12,2468,1103,303,195,154,-1,-1
46,12,2469,1120,293,187,150,-1,-1
46,12,2470,1133,287,182,142,-1,-1
46,12,2471,1147,278,175,140,-1,-1
46,12,2472,1160,270,175,134,-1,-1
46,12,2473,1172,264,168,127,-1,-1
46,12,2474,1183,257,160,123,-1,-1
46,12,2475,1194,249,157,125,-1,-1
46,12,2476,1206,244,149,119,-1,-1
46,12,2477,1218,237,142,116,-1,-1
46,12,2478,1226,232,140,113,-1,-1
46,12,2479,1236,227,136,111,-1,-1
46,12,2480,1242,223,134,105,-1,-1
46,12,2481,1250,219,130,103,-1,-1
46,12,2482,1258,213,127,105,-1,-1
46,12,2483,1267,206,123,107,-1,-1
46,12,2484,1275,201,119,101,-1,-1
46,12,2485,1280,197,117,99,-1,-1
46,12,2486,1286,193,115,95,-1,-1
46,12,2487,1295,189,111,94,-1,-1
46,12,2488,1301,186,106,94,-1,-1
46,12,2489,1307,183,105,90,-1,-1
46,12,2490,1312,181,103,84,-1,-1
46,12,2491,1317,180,101,83,-1,-1
46,12,2492,1322,176,98,82,-1,-1
46,12,2493,1326,170,100,84,-1,-1
46,12,2494,1331,168,96,84,-1,-1
46,12,2495,1335,164,96,80,-1,-1
46,12,2496,1340,164,93,77,-1,-1
46,12,2497,1343,161,93,76,-1,-1
46,12,2498,1349,158,90,76,-1,-1
46,12,2499,1354,155,88,75,-1,-1
46,12,2500,1357,154,88,73,-1,-1
46,12,2501,1360,152,85,73,-1,-1
46,12,2502,1364,147,85,73,-1,-1
46,12,2503,1369,145,82,72,-1,-1
46,12,2504,1372,145,82,72,-1,-1
46,12,2505,1372,139,82,72,-1,-1
46,12,2506,1375,139,82,72,-1,-1
46,12,2507,1379,137,79,69,-1,-1
46,12,2508,1384,136,79,69,-1,-1
46,12,2509,1387,134,77,66,-1,-1
46,12,2510,1390,134,75,64,-1,-1
46,12,2511,1392,132,75,64,-1,-1
46,12,2512,1395,129,75,64,-1,-1
46,12,2513,1398,127,75,64,-1,-1
46,12,2514,1402,125,75,64,-1,-1
46,12,2515,1403,122,75,64,-1,-1
46,12,2516,1403,122,75,64,-1,-1
46,12,2517,1407,119,72,62,-1,-1
46,12,2518,1413,118,67,60,-1,-1
46,12,2519,1413,118,67,60,-1,-1
46,12,2520,1417,117,67,60,-1,-1
46,12,2521,1418,115,67,60,-1,-1
46,12,2522,1420,112,67,60,-1,-1
46,12,2523,1423,111,67,60,-1,-1
46,12,2524,1424,107,67,60,-1,-1
46,12,2525,1427,106,67,60,-1,-1
46,12,2526,1428,105,63,57,-1,-1
46,12,2527,1429,106,63,57,-1,-1
46,12,2528,1433,106,63,57,-1,-1
46,12,2529,1433,104,63,57,-1,-1
46,12,2530,1437,102,61,54,-1,-1
46,12,2531,1438,104,61,54,-1,-1
46,12,2532,1439,102,61,54,-1,-1
46,12,2533,1442,101,61,54,-1,-1
46,12,2534,1444,98,61,54,-1,-1
46,12,2535,1446,97,61,54,-1,-1
46,12,2536,1446,96,61,54,-1,-1
46,12,2537,1449,95,57,50,-1,-1
46,12,2538,1451,99,57,47,-1,-1
46,12,2539,1452,97,57,47,-1,-1
46,12,2540,1454,95,57,47,-1,-1
46,12,2541,1453,93,57,47,-1,-1
46,12,2542,1455,92,57,47,-1,-1
46,12,2543,1457,91,57,47,-1,-1
46,12,2544,1461,90,57,47,-1,-1
46,12,2545,1461,89,57,47,-1,-1
46,12,2546,1461,89,57,47,-1,-1
46,12,2547,1464,88,53,47,-1,-1
46,12,2548,1466,88,53,47,-1,-1
46,12,2549,1467,87,53,47,-1,-1
46,12,2550,1468,86,53,47,-1,-1
46,12,2551,1468,84,54,42,-1,-1
46,12,2552,1469,88,54,40,-1,-1
46,12,2553,1471,87,54,40,-1,-1
46,12,2554,1472,85,54,40,-1,-1
46,12,2555,1476,83,50,43,-1,-1
46,12,2556,1476,81,50,43,-1,-1
46,12,2557,1477,80,50,43,-1,-1
46,12,2558,1479,80,50,43,-1,-1
46,12,2559,1481,80,49,42,-1,-1
46,12,2560,1482,78,49,42,-1,-1
46,12,2561,1481,77,49,42,-1,-1
46,12,2562,1482,78,49,40,-1,-1
46,12,2563,1485,78,49,40,-1,-1
46,12,2564,1490,80,45,37,-1,-1
46,12,2565,1489,77,45,37,-1,-1
46,12,2566,1488,76,45,37,-1,-1
46,12,2567,1490,77,45,37,-1,-1
46,12,2568,1492,75,45,37,-1,-1
46,12,2569,1494,76,45,37,-1,-1
46,12,2570,1494,74,45,37,-1,-1
46,12,2571,1493,73,45,37,-1,-1
46,12,2572,1493,73,45,37,-1,-1
46,12,2573,1496,71,43,38,-1,-1
46,12,2574,1498,70,43,38,-1,-1
46,12,2575,1498,70,43,38,-1,-1
46,12,2576,1500,69,43,38,-1,-1
46,12,2577,1500,67,43,38,-1,-1
46,12,2578,1501,68,43,38,-1,-1
46,12,2579,1503,67,43,38,-1,-1
46,12,2580,1503,67,43,38,-1,-1
46,12,2581,1505,67,40,36,-1,-1
46,12,2582,1504,67,40,36,-1,-1
46,12,2583,1507,67,40,36,-1,-1
46,12,2584,1507,67,40,36,-1,-1
46,12,2585,1509,67,40,34,-1,-1
46,12,2586,1508,66,40,34,-1,-1
46,12,2587,1510,65,40,34,-1,-1
46,12,2588,1512,63,37,34,-1,-1
46,12,2589,1513,65,37,34,-1,-1
46,12,2590,1513,62,37,34,-1,-1
46,12,2591,1514,63,37,34,-1,-1
46,12,2592,1513,63,37,34,-1,-1
46,12,2593,1515,61,37,34,-1,-1
46,12,2594,1517,61,37,34,-1,-1
46,12,2595,1518,60,37,34,-1,-1
46,12,2596,1517,60,37,34,-1,-1
46,12,2597,1519,62,37,34,-1,-1
46,12,2598,1519,61,36,32,-1,-1
46,12,2599,1521,63,33,28,-1,-1
46,12,2600,1523,62,33,28,-1,-1
46,12,2601,1523,62,33,28,-1,-1
46,12,2602,1522,60,33,28,-1,-1
46,12,2603,1523,61,35,29,-1,-1
46,12,2604,1525,60,35,29,-1,-1
46,12,2605,1526,58,35,29,-1,-1
46,12,2606,1524,60,35,29,-1,-1
46,12,2607,1525,58,35,29,-1,-1
46,12,2608,1527,58,35,29,-1,-1
46,12,2609,1528,58,35,29,-1,-1
46,12,2610,1527,57,35,29,-1,-1
46,12,2611,1529,56,35,29,-1,-1
46,12,2612,1529,57,34,27,-1,-1
46,12,2613,1530,58,34,27,-1,-1
46,12,2614,1532,57,34,27,-1,-1
46,12,2615,1532,58,34,27,-1,-1
46,12,2616,1534,59,32,26,-1,-1
46,12,2617,1534,58,32,26,-1,-1
46,12,2618,1535,58,32,26,-1,-1
46,12,2619,1537,57,32,26,-1,-1
46,12,2620,1537,57,32,26,-1,-1
46,12,2621,1537,57,32,26,-1,-1
46,12,2622,1538,57,32,26,-1,-1
46,12,2623,1537,56,32,26,-1,-1
46,12,2624,1539,56,32,26,-1,-1
46,12,2625,1540,55,32,26,-1,-1
46,12,2626,1540,55,32,26,-1,-1
46,12,2627,1540,53,32,26,-1,-1
46,13,2532,437,689,499,336,-1,-1
46,13,2533,523,649,457,338,-1,-1
46,13,2534,593,606,421,302,-1,-1
46,13,2535,669,554,378,282,-1,-1
46,13,2536,708,517,367,264,-1,-1
46,13,2537,772,500,325,236,-1,-1
46,13,2538,814,474,310,225,-1,-1
46,13,2539,856,455,295,214,-1,-1
46,13,2540,894,431,268,191,-1,-1
46,13,2541,925,415,255,182,-1,-1
46,13,2542,957,397,239,170,-1,-1
46,13,2543,982,383,232,158,-1,-1
46,13,2544,1010,370,217,148,-1,-1
46,13,2545,1036,359,207,141,-1,-1
46,13,2546,1055,341,196,136,-1,-1
46,13,2547,1078,326,187,131,-1,-1
46,13,2548,1098,318,176,128,-1,-1
46,13,2549,1119,311,167,116,-1,-1
46,13,2550,1134,299,159,110,-1,-1
46,13,2551,1147,293,151,105,-1,-1
46,13,2552,1157,285,151,105,-1,-1
46,13,2553,1174,278,144,100,-1,-1
46,13,2554,1184,268,144,100,-1,-1
46,13,2555,1198,260,137,95,-1,-1
46,13,2556,1209,248,132,100,-1,-1
46,13,2557,1217,243,130,92,-1,-1
46,13,2558,1228,237,126,95,-1,-1
46,13,2559,1238,232,123,92,-1,-1
46,13,2560,1248,227,117,91,-1,-1
46,13,2561,1256,220,115,87,-1,-1
46,13,2562,1259,213,117,91,-1,-1
46,13,2563,1270,212,110,82,-1,-1
46,13,2564,1280,207,107,82,-1,-1
46,13,2565,1287,201,104,82,-1,-1
46,13,2566,1295,200,99,75,-1,-1
46,13,2567,1296,194,100,73,-1,-1
46,13,2568,1304,191,98,72,-1,-1
46,13,2569,1315,188,92,71,-1,-1
46,13,2570,1320,181,89,69,-1,-1
46,13,2571,1323,181,89,69,-1,-1
46,13,2572,1327,178,89,69,-1,-1
46,13,2573,1333,175,85,69,-1,-1
46,13,2574,1340,172,85,69,-1,-1
46,13,2575,1347,165,81,67,-1,-1
46,13,2576,1348,163,81,67,-1,-1
46,13,2577,1353,162,79,59,-1,-1
46,13,2578,1357,159,79,59,-1,-1
46,13,2579,1361,155,79,59,-1,-1
46,13,2580,1364,153,79,59,-1,-1
46,13,2581,1366,148,79,59,-1,-1
46,13,2582,1371,145,73,60,-1,-1
46,13,2583,1378,145,73,60,-1,-1
46,13,2584,1380,144,73,60,-1,-1
46,13,2585,1383,142,73,60,-1,-1
46,13,2586,1385,138,73,60,-1,-1
46,13,2587,1385,135,73,60,-1,-1
46,13,2588,1391,136,69,53,-1,-1
46,13,2589,1396,134,69,53,-1,-1
46,13,2590,1397,131,69,53,-1,-1
46,13,2591,1400,128,69,53,-1,-1
46,13,2592,1402,126,69,53,-1,-1
46,13,2593,1407,126,64,55,-1,-1
46,13,2594,1411,123,64,55,-1,-1
46,13,2595,1414,127,64,55,-1,-1
46,13,2596,1415,120,64,55,-1,-1
46,13,2597,1415,119,63,51,-1,-1
46,13,2598,1420,116,63,51,-1,-1
46,13,2599,1422,119,60,44,-1,-1
46,13,2600,1424,117,62,46,-1,-1
46,13,2601,1429,115,56,46,-1,-1
46,13,2602,1429,114,56,46,-1,-1
46,13,2603,1432,111,56,46,-1,-1
46,13,2604,1435,110,56,46,-1,-1
46,13,2605,1438,108,56,46,-1,-1
46,13,2606,1438,107,54,46,-1,-1
46,13,2607,1442,109,51,40,-1,-1
46,13,2608,1443,107,51,40,-1,-1
46,13,2609,1446,107,51,40,-1,-1
46,13,2610,1448,105,51,40,-1,-1
46,13,2611,1448,105,51,40,-1,-1
46,13,2612,1452,102,51,42,-1,-1
46,13,2613,1452,100,51,42,-1,-1
46,13,2614,1455,104,49,37,-1,-1
46,13,2615,1458,101,49,37,-1,-1
46,13,2616,1458,100,49,37,-1,-1
46,13,2617,1459,98,49,37,-1,-1
46,13,2618,1460,97,49,37,-1,-1
46,13,2619,1463,96,49,37,-1,-1
46,13,2620,1467,95,45,38,-1,-1
46,13,2621,1467,92,45,38,-1,-1
46,13,2622,1468,92,45,38,-1,-1
46,13,2623,1471,92,45,38,-1,-1
46,13,2624,1473,91,45,36,-1,-1
46,13,2625,1474,89,45,36,-1,-1
46,13,2626,1473,91,45,36,-1,-1
46,13,2627,1474,88,45,36,-1,-1
46,13,2628,1476,88,45,36,-1,-1
46,13,2629,1479,87,45,36,-1,-1
46,13,2630,1480,86,42,35,-1,-1
46,13,2631,1481,84,42,35,-1,-1
46,13,2632,1481,83,42,35,-1,-1
46,13,2633,1484,83,42,36,-1,-1
46,13,2634,1485,83,43,34,-1,-1
46,13,2635,1487,83,41,33,-1,-1
46,13,2636,1487,82,42,32,-1,-1
46,13,2637,1489,83,39,31,-1,-1
46,13,2638,1488,84,41,29,-1,-1
46,13,2639,1490,83,40,29,-1,-1
46,13,2640,1491,81,40,29,-1,-1
46,13,2641,1492,79,40,31,-1,-1
46,13,2642,1493,78,40,31,-1,-1
46,13,2643,1495,77,39,28,-1,-1
46,13,2644,1496,78,39,29,-1,-1
46,13,2645,1498,77,38,31,-1,-1
46,13,2646,1499,77,38,28,-1,-1
46,13,2647,1500,76,39,28,-1,-1
46,13,2648,1501,76,38,28,-1,-1
46,13,2649,1502,75,39,28,-1,-1
46,13,2650,1505,75,35,26,-1,-1
46,13,2651,1505,74,37,27,-1,-1
46,13,2652,1504,74,38,27,-1,-1
46,13,2653,1504,73,39,28,-1,-1
46,13,2654,1506,71,37,28,-1,-1
46,13,2655,1510,72,35,28,-1,-1
46,13,2656,1509,71,36,27,-1,-1
46,13,2657,1508,71,39,26,-1,-1
46,13,2658,1509,70,38,26,-1,-1
46,13,2659,1513,69,36,26,-1,-1
46,13,2660,1512,69,36,26,-1,-1
46,13,2661,1514,67,35,29,-1,-1
46,13,2662,1513,67,35,29,-1,-1
46,13,2663,1515,67,35,26,-1,-1
46,13,2664,1517,65,35,29,-1,-1
46,13,2665,1518,65,35,29,-1,-1
46,13,2666,1518,65,37,26,-1,-1
46,13,2667,1519,63,34,27,-1,-1
46,13,2668,1519,65,34,27,-1,-1
46,13,2669,1521,64,34,27,-1,-1
46,13,2670,1522,62,34,27,-1,-1
46,13,2671,1524,63,34,27,-1,-1
46,13,2672,1523,62,34,27,-1,-1
46,13,2673,1523,62,34,27,-1,-1
46,13,2674,1525,61,34,27,-1,-1
46,13,2675,1527,62,34,27,-1,-1
46,13,2676,1526,60,34,27,-1,-1
46,13,2677,1528,60,31,28,-1,-1
46,13,2678,1527,59,34,27,-1,-1
46,13,2679,1528,60,32,26,-1,-1
46,13,2680,1531,60,31,25,-1,-1
46,13,2681,1531,60,31,25,-1,-1
46,13,2682,1531,59,30,23,-1,-1
46,13,2683,1532,57,32,26,-1,-1
46,13,2684,1532,57,32,26,-1,-1
46,13,2685,1533,56,32,26,-1,-1
46,13,2686,1535,56,30,28,-1,-1
46,13,2687,1534,57,32,26,-1,-1
46,13,2688,1533,54,32,26,-1,-1
46,13,2689,1536,55,30,27,-1,-1
46,13,2690,1537,55,32,26,-1,-1
46,13,2691,1538,55,31,25,-1,-1
46,13,2692,1536,54,32,26,-1,-1
46,13,2693,1537,54,32,26,-1,-1
46,13,2694,1539,55,31,23,-1,-1
46,13,2695,1540,54,31,25,-1,-1
46,13,2696,1541,55,30,24,-1,-1
46,13,2697,1541,54,30,24,-1,-1
46,13,2698,1540,53,31,25,-1,-1
46,13,2699,1543,54,28,23,-1,-1
46,13,2700,1543,53,30,23,-1,-1
46,14,2654,470,644,524,372,-1,-1
46,14,2655,564,603,472,344,-1,-1
46,14,2656,642,562,431,311,-1,-1
46,14,2657,710,527,386,284,-1,-1
46,14,2658,773,500,356,252,-1,-1
46,14,2659,826,474,332,231,-1,-1
46,14,2660,871,450,308,209,-1,-1
46,14,2661,915,427,283,193,-1,-1
46,14,2662,950,406,266,184,-1,-1
46,14,2663,981,388,249,175,-1,-1
46,14,2664,1007,371,241,170,-1,-1
46,14,2665,1037,360,226,153,-1,-1
46,14,2666,1061,342,213,147,-1,-1
46,14,2667,1083,327,203,140,-1,-1
46,14,2668,1104,314,193,133,-1,-1
46,14,2669,1119,308,192,129,-1,-1
46,14,2670,1141,303,179,118,-1,-1
46,14,2671,1160,292,170,117,-1,-1
46,14,2672,1174,276,165,118,-1,-1
46,14,2673,1187,268,160,116,-1,-1
46,14,2674,1200,260,153,114,-1,-1
46,14,2675,1215,254,148,111,-1,-1
46,14,2676,1226,246,140,111,-1,-1
46,14,2677,1235,239,135,108,-1,-1
46,14,2678,1244,233,135,108,-1,-1
46,14,2679,1257,228,128,102,-1,-1
46,14,2680,1267,221,125,102,-1,-1
46,14,2681,1277,217,121,95,-1,-1
46,14,2682,1284,210,118,95,-1,-1
46,14,2683,1291,206,112,95,-1,-1
46,14,2684,1297,199,112,95,-1,-1
46,14,2685,1304,198,112,95,-1,-1
46,14,2686,1314,192,103,88,-1,-1
46,14,2687,1319,190,103,88,-1,-1
46,14,2688,1324,184,103,85,-1,-1
46,14,2689,1331,180,97,85,-1,-1
46,14,2690,1338,177,97,85,-1,-1
46,14,2691,1345,174,92,75,-1,-1
46,14,2692,1346,171,92,75,-1,-1
46,14,2693,1348,167,92,75,-1,-1
46,14,2694,1355,165,92,75,-1,-1
46,14,2695,1359,160,92,75,-1,-1
46,14,2696,1364,158,88,72,-1,-1
46,14,2697,1367,155,88,72,-1,-1
46,14,2698,1375,153,81,65,-1,-1
46,14,2699,1378,149,81,65,-1,-1
46,14,2700,1381,147,81,65,-1,-1
46,14,2701,1385,144,81,65,-1,-1
46,14,2702,1387,144,79,62,-1,-1
46,14,2703,1389,142,79,62,-1,-1
46,14,2704,1392,139,78,59,-1,-1
46,14,2705,1397,138,74,57,-1,-1
46,14,2706,1401,137,74,57,-1,-1
46,14,2707,1405,132,71,59,-1,-1
46,14,2708,1408,130,68,55,-1,-1
46,14,2709,1410,130,68,55,-1,-1
46,14,2710,1415,127,68,55,-1,-1
46,14,2711,1415,124,68,55,-1,-1
46,14,2712,1418,125,68,55,-1,-1
46,14,2713,1421,125,65,52,-1,-1
46,14,2714,1422,123,65,52,-1,-1
46,14,2715,1427,121,65,52,-1,-1
46,14,2716,1429,117,65,52,-1,-1
46,14,2717,1429,115,65,52,-1,-1
46,14,2718,1431,115,65,52,-1,-1
46,14,2719,1435,113,60,50,-1,-1
46,14,2720,1434,110,65,52,-1,-1
46,14,2721,1439,110,62,50,-1,-1
46,14,2722,1439,109,62,50,-1,-1
46,14,2723,1442,108,60,48,-1,-1
46,14,2724,1444,107,58,47,-1,-1
46,14,2725,1446,105,62,50,-1,-1
46,14,2726,1449,104,59,48,-1,-1
46,14,2727,1450,102,59,48,-1,-1
46,14,2728,1449,101,59,48,-1,-1
46,14,2729,1452,99,59,48,-1,-1
46,14,2730,1455,99,56,45,-1,-1
46,14,2731,1457,100,53,43,-1,-1
46,14,2732,1459,97,53,43,-1,-1
46,14,2733,1461,99,51,41,-1,-1
46,14,2734,1462,96,51,41,-1,-1
46,14,2735,1466,95,48,39,-1,-1
46,14,2736,1467,95,48,39,-1,-1
46,14,2737,1468,93,48,39,-1,-1
46,14,2738,1468,92,48,39,-1,-1
46,14,2739,1468,91,51,41,-1,-1
46,14,2740,1471,89,48,39,-1,-1
46,14,2741,1474,91,46,37,-1,-1
46,14,2742,1474,90,46,37,-1,-1
46,14,2743,1474,88,46,37,-1,-1
46,14,2744,1475,86,46,37,-1,-1
46,14,2745,1477,85,46,37,-1,-1
46,14,2746,1480,86,46,37,-1,-1
46,14,2747,1479,84,46,37,-1,-1
46,14,2748,1480,83,46,37,-1,-1
46,14,2749,1481,83,46,37,-1,-1
46,14,2750,1485,83,44,35,-1,-1
46,14,2751,1486,81,44,35,-1,-1
46,14,2752,1486,81,44,35,-1,-1
46,14,2753,1485,80,44,35,-1,-1
46,14,2754,1489,80,42,34,-1,-1
46,14,2755,1491,78,42,34,-1,-1
46,14,2756,1492,79,42,34,-1,-1
46,14,2757,1493,77,42,34,-1,-1
46,14,2758,1493,78,42,34,-1,-1
46,14,2759,1494,77,42,34,-1,-1
46,14,2760,1497,75,40,32,-1,-1
46,14,2761,1498,74,40,32,-1,-1
46,14,2762,1498,75,40,32,-1,-1
46,14,2763,1498,73,40,32,-1,-1
46,14,2764,1499,73,40,32,-1,-1
46,14,2765,1501,73,38,31,-1,-1
46,14,2766,1502,72,38,31,-1,-1
46,14,2767,1504,73,36,29,-1,-1
46,14,2768,1503,72,36,29,-1,-1
46,14,2769,1504,71,36,29,-1,-1
46,14,2770,1508,72,36,29,-1,-1
46,14,2771,1508,70,36,29,-1,-1
46,14,2772,1508,68,36,29,-1,-1
46,14,2773,1508,70,36,29,-1,-1
46,14,2774,1509,67,36,29,-1,-1
46,14,2775,1513,69,34,28,-1,-1
46,14,2776,1514,68,34,28,-1,-1
46,14,2777,1515,68,34,28,-1,-1
46,14,2778,1514,66,34,28,-1,-1
46,14,2779,1515,66,34,28,-1,-1
46,14,2780,1517,66,33,26,-1,-1
46,14,2781,1518,65,33,26,-1,-1
46,14,2782,1518,65,33,26,-1,-1
46,14,2783,1519,65,33,26,-1,-1
46,14,2784,1518,63,33,28,-1,-1
46,15,2628,1033,616,397,408,-1,-1
46,15,2629,1083,564,362,360,-1,-1
46,15,2630,1124,526,330,323,-1,-1
46,15,2631,1160,498,307,285,-1,-1
46,15,2632,1194,471,274,255,-1,-1
46,15,2633,1220,451,262,221,-1,-1
46,15,2634,1250,431,235,205,-1,-1
46,15,2635,1271,408,220,187,-1,-1
46,15,2636,1287,390,209,170,-1,-1
46,15,2637,1301,371,200,162,-1,-1
46,15,2638,1315,358,192,147,-1,-1
46,15,2639,1330,337,181,148,-1,-1
46,15,2640,1340,322,174,141,-1,-1
46,15,2641,1351,310,167,135,-1,-1
46,15,2642,1360,297,159,127,-1,-1
46,15,2643,1371,289,151,120,-1,-1
46,15,2644,1380,279,146,116,-1,-1
46,15,2645,1389,269,140,111,-1,-1
46,15,2646,1396,258,135,108,-1,-1
46,15,2647,1400,251,133,103,-1,-1
46,15,2648,1407,244,128,102,-1,-1
46,15,2649,1414,237,125,97,-1,-1
46,15,2650,1420,231,119,95,-1,-1
46,15,2651,1425,225,118,89,-1,-1
46,15,2652,1431,217,112,88,-1,-1
46,15,2653,1434,212,111,87,-1,-1
46,15,2654,1440,208,107,82,-1,-1
46,15,2655,1444,202,106,81,-1,-1
46,15,2656,1448,197,103,79,-1,-1
46,15,2657,1450,193,103,76,-1,-1
46,15,2658,1453,188,100,74,-1,-1
46,15,2659,1458,184,97,73,-1,-1
46,15,2660,1460,181,98,67,-1,-1
46,15,2661,1466,176,91,69,-1,-1
46,15,2662,1469,171,88,68,-1,-1
46,15,2663,1470,170,89,63,-1,-1
46,15,2664,1475,166,88,61,-1,-1
46,15,2665,1477,163,87,63,-1,-1
46,15,2666,1480,158,82,63,-1,-1
46,15,2667,1482,155,79,61,-1,-1
46,15,2668,1483,153,80,58,-1,-1
46,15,2669,1486,153,80,57,-1,-1
46,15,2670,1491,149,77,57,-1,-1
46,15,2671,1491,147,76,53,-1,-1
46,15,2672,1492,144,76,54,-1,-1
46,15,2673,1494,139,74,56,-1,-1
46,15,2674,1497,136,72,58,-1,-1
46,15,2675,1500,135,71,53,-1,-1
46,15,2676,1502,132,72,52,-1,-1
46,15,2677,1501,131,70,50,-1,-1
46,15,2678,1503,128,69,50,-1,-1
46,15,2679,1506,126,67,49,-1,-1
46,15,2680,1508,126,66,46,-1,-1
46,15,2681,1509,123,65,48,-1,-1
46,15,2682,1509,122,66,47,-1,-1
46,15,2683,1511,120,64,46,-1,-1
46,15,2684,1515,118,61,46,-1,-1
46,15,2685,1517,117,61,47,-1,-1
46,15,2686,1516,115,60,44,-1,-1
46,15,2687,1516,113,61,44,-1,-1
46,15,2688,1517,110,61,43,-1,-1
46,15,2689,1519,110,59,43,-1,-1
46,15,2690,1521,107,59,45,-1,-1
46,15,2691,1523,108,57,41,-1,-1
46,15,2692,1523,104,57,43,-1,-1
46,15,2693,1525,104,54,42,-1,-1
46,15,2694,1525,101,54,41,-1,-1
46,15,2695,1529,99,52,45,-1,-1
46,15,2696,1528,98,56,43,-1,-1
46,15,2697,1528,101,54,38,-1,-1
46,15,2698,1529,99,53,39,-1,-1
46,15,2699,1531,97,52,41,-1,-1
46,15,2700,1534,96,49,41,-1,-1
46,15,2701,1534,97,50,37,-1,-1
46,15,2702,1533,93,50,36,-1,-1
46,15,2703,1534,94,50,36,-1,-1
46,15,2704,1536,92,50,36,-1,-1
46,15,2705,1536,92,50,36,-1,-1
46,15,2706,1536,90,50,36,-1,-1
46,15,2707,1536,88,50,36,-1,-1
46,15,2708,1535,89,50,36,-1,-1
46,15,2709,1538,88,50,36,-1,-1
46,15,2710,1539,88,48,34,-1,-1
46,15,2711,1542,86,48,34,-1,-1
46,15,2712,1541,85,48,34,-1,-1
46,15,2713,1543,86,45,33,-1,-1
46,15,2714,1543,84,45,33,-1,-1
46,15,2715,1545,83,45,33,-1,-1
46,15,2716,1547,84,42,35,-1,-1
46,15,2717,1546,83,43,35,-1,-1
46,15,2718,1547,82,42,34,-1,-1
46,15,2719,1547,81,43,35,-1,-1
46,15,2720,1547,80,44,35,-1,-1
46,15,2721,1548,78,42,34,-1,-1
46,15,2722,1552,77,40,31,-1,-1
46,15,2723,1551,77,40,30,-1,-1
46,15,2724,1550,76,41,31,-1,-1
46,15,2725,1554,76,40,30,-1,-1
46,15,2726,1554,74,41,31,-1,-1
46,15,2727,1554,74,41,32,-1,-1
46,15,2728,1554,75,40,31,-1,-1
46,15,2729,1554,75,40,31,-1,-1
46,15,2730,1555,74,39,30,-1,-1
46,15,2731,1557,73,39,30,-1,-1
46,15,2732,1556,71,39,30,-1,-1
46,15,2733,1556,70,40,30,-1,-1
46,15,2734,1556,70,38,29,-1,-1
46,15,2735,1558,71,38,29,-1,-1
46,15,2736,1558,69,37,28,-1,-1
46,15,2737,1560,70,35,26,-1,-1
46,15,2738,1561,69,35,27,-1,-1
46,15,2739,1559,71,36,25,-1,-1
46,15,2740,1562,66,34,29,-1,-1
46,15,2741,1560,70,36,25,-1,-1
46,15,2742,1562,67,35,28,-1,-1
46,15,2743,1562,66,35,28,-1,-1
46,15,2744,1562,66,35,27,-1,-1
46,15,2745,1563,65,35,27,-1,-1
46,15,2746,1566,65,33,26,-1,-1
46,15,2747,1565,64,34,26,-1,-1
46,15,2748,1564,64,34,27,-1,-1
46,15,2749,1566,64,34,27,-1,-1
46,15,2750,1566,63,33,27,-1,-1
46,15,2751,1566,63,35,26,-1,-1
46,15,2752,1565,62,36,27,-1,-1
46,15,2753,1566,61,34,27,-1,-1
46,16,2738,1116,571,431,475,-1,-1
46,16,2739,1172,526,385,436,-1,-1
46,16,2740,1214,478,333,407,-1,-1
46,16,2741,1252,444,303,353,-1,-1
46,16,2742,1282,417,273,322,-1,-1
46,16,2743,1303,388,257,299,-1,-1
46,16,2744,1326,367,232,263,-1,-1
46,16,2745,1343,345,219,232,-1,-1
46,16,2746,1357,324,214,225,-1,-1
46,16,2747,1368,311,202,203,-1,-1
46,16,2748,1381,297,194,193,-1,-1
46,16,2749,1392,283,178,184,-1,-1
46,16,2750,1402,273,171,165,-1,-1
46,16,2751,1414,255,162,167,-1,-1
46,16,2752,1420,248,153,154,-1,-1
46,16,2753,1425,240,151,150,-1,-1
46,16,2754,1433,232,141,140,-1,-1
46,16,2755,1441,223,137,139,-1,-1
46,16,2756,1447,216,134,132,-1,-1
46,16,2757,1452,207,129,131,-1,-1
46,16,2758,1458,203,122,124,-1,-1
46,16,2759,1462,197,118,118,-1,-1
46,16,2760,1465,192,117,116,-1,-1
46,16,2761,1468,186,117,116,-1,-1
46,16,2762,1472,179,112,113,-1,-1
46,16,2763,1476,174,108,101,-1,-1
46,16,2764,1480,170,104,98,-1,-1
46,16,2765,1485,165,100,95,-1,-1
46,16,2766,1487,162,99,92,-1,-1
46,16,2767,1491,159,96,88,-1,-1
46,16,2768,1494,154,92,88,-1,-1
46,16,2769,1497,152,90,81,-1,-1
46,16,2770,1499,147,90,82,-1,-1
46,16,2771,1502,143,87,80,-1,-1
46,16,2772,1504,140,84,78,-1,-1
46,16,2773,1504,139,84,74,-1,-1
46,16,2774,1507,135,82,73,-1,-1
46,16,2775,1511,133,79,70,-1,-1
46,16,2776,1514,130,78,67,-1,-1
46,16,2777,1513,128,78,66,-1,-1
46,16,2778,1514,125,78,67,-1,-1
46,16,2779,1516,121,76,67,-1,-1
46,16,2780,1519,119,73,64,-1,-1
46,16,2781,1523,119,70,62,-1,-1
46,16,2782,1523,115,71,62,-1,-1
46,16,2783,1523,114,70,60,-1,-1
46,16,2784,1526,113,67,57,-1,-1
46,16,2785,1528,111,67,57,-1,-1
46,16,2786,1529,110,67,54,-1,-1
46,16,2787,1530,107,65,56,-1,-1
46,16,2788,1533,104,63,55,-1,-1
46,16,2789,1534,103,61,55,-1,-1
46,16,2790,1535,101,62,54,-1,-1
46,16,2791,1535,98,60,55,-1,-1
46,16,2792,1537,99,61,52,-1,-1
46,16,2793,1538,95,60,55,-1,-1
46,16,2794,1539,94,57,53,-1,-1
46,16,2795,1541,92,58,53,-1,-1
46,16,2796,1544,93,54,50,-1,-1
46,16,2797,1544,93,56,47,-1,-1
46,16,2798,1544,92,55,46,-1,-1
46,16,2799,1545,89,55,48,-1,-1
46,16,2800,1547,87,54,48,-1,-1
46,16,2801,1548,87,54,47,-1,-1
46,16,2802,1550,85,52,47,-1,-1
46,16,2803,1550,82,51,49,-1,-1
46,16,2804,1551,82,50,44,-1,-1
46,16,2805,1553,83,48,45,-1,-1
46,16,2806,1555,83,48,42,-1,-1
46,16,2807,1556,81,48,42,-1,-1
46,16,2808,1554,80,49,42,-1,-1
46,16,2809,1555,79,47,42,-1,-1
46,16,2810,1556,77,48,41,-1,-1
46,16,2811,1556,76,48,40,-1,-1
46,16,2812,1558,74,47,43,-1,-1
46,16,2813,1558,74,47,39,-1,-1
46,16,2814,1560,74,45,40,-1,-1
46,16,2815,1559,73,46,40,-1,-1
46,16,2816,1563,73,43,40,-1,-1
46,16,2817,1563,74,42,37,-1,-1
46,16,2818,1563,72,43,39,-1,-1
46,16,2819,1564,70,42,38,-1,-1
46,16,2820,1564,70,42,37,-1,-1
46,16,2821,1566,68,42,37,-1,-1
46,16,2822,1567,69,42,37,-1,-1
46,16,2823,1567,67,41,38,-1,-1
46,16,2824,1568,69,39,34,-1,-1
46,16,2825,1570,69,39,34,-1,-1
46,16,2826,1571,68,38,34,-1,-1
46,16,2827,1571,66,38,35,-1,-1
46,16,2828,1568,66,41,34,-1,-1
46,16,2829,1569,65,39,34,-1,-1
46,16,2830,1570,65,39,34,-1,-1
46,16,2831,1572,63,37,36,-1,-1
46,16,2832,1572,63,38,33,-1,-1
46,16,2833,1573,63,35,33,-1,-1
46,16,2834,1573,62,35,33,-1,-1
46,16,2835,1575,63,35,33,-1,-1
46,16,2836,1575,62,36,32,-1,-1
46,16,2837,1576,62,36,32,-1,-1
46,16,2838,1574,59,36,33,-1,-1
46,16,2839,1575,58,35,31,-1,-1
46,16,2840,1577,58,35,32,-1,-1
46,16,2841,1579,58,33,32,-1,-1
46,16,2842,1579,58,35,29,-1,-1
46,16,2843,1580,58,34,29,-1,-1
46,16,2844,1580,57,33,29,-1,-1
46,16,2845,1581,59,33,27,-1,-1
46,16,2846,1582,56,32,29,-1,-1
46,16,2847,1583,57,34,27,-1,-1
46,16,2848,1583,57,31,26,-1,-1
46,16,2849,1582,57,31,26,-1,-1
46,16,2850,1582,55,31,27,-1,-1
46,16,2851,1584,53,31,30,-1,-1
46,16,2852,1584,53,31,31,-1,-1
46,16,2853,1585,52,31,28,-1,-1
46,16,2854,1584,53,31,28,-1,-1
46,16,2855,1586,53,30,28,-1,-1
46,16,2856,1587,53,30,26,-1,-1
46,16,2857,1587,54,30,25,-1,-1
46,16,2858,1588,52,30,27,-1,-1
46,16,2859,1588,51,30,26,-1,-1
46,16,2860,1588,51,30,26,-1,-1
46,16,2861,1589,51,30,26,-1,-1
46,16,2862,1588,50,30,28,-1,-1
46,17,143,446,672,525,408,-1,-1
46,17,144,543,632,462,404,-1,-1
46,17,145,615,573,431,353,-1,-1
46,17,146,694,544,381,315,-1,-1
46,17,147,756,518,342,287,-1,-1
46,17,148,810,491,326,273,-1,-1
46,17,149,848,459,302,254,-1,-1
46,17,150,893,436,282,231,-1,-1
46,17,151,932,413,261,224,-1,-1
46,17,152,962,395,254,212,-1,-1
46,17,153,993,377,234,194,-1,-1
46,17,154,1018,358,223,185,-1,-1
46,17,155,1040,350,214,168,-1,-1
46,17,156,1066,333,204,160,-1,-1
46,17,157,1084,323,198,158,-1,-1
46,17,158,1106,310,184,142,-1,-1
46,17,159,1124,299,175,135,-1,-1
46,17,160,1137,289,172,135,-1,-1
46,17,161,1153,281,165,132,-1,-1
46,17,162,1168,271,157,125,-1,-1
46,17,163,1182,261,154,120,-1,-1
46,17,164,1196,256,144,114,-1,-1
46,17,165,1206,244,144,114,-1,-1
46,17,166,1218,237,140,111,-1,-1
46,17,167,1229,232,133,112,-1,-1
46,17,168,1240,229,129,108,-1,-1
46,17,169,1243,219,129,108,-1,-1
46,17,170,1252,215,129,108,-1,-1
46,17,171,1262,210,122,100,-1,-1
46,17,172,1271,204,119,99,-1,-1
46,17,173,1275,199,119,99,-1,-1
46,17,174,1281,191,119,99,-1,-1
46,17,175,1289,187,112,93,-1,-1
46,17,176,1298,186,111,88,-1,-1
46,17,177,1305,185,106,84,-1,-1
46,17,178,1313,180,102,84,-1,-1
46,17,179,1319,174,102,84,-1,-1
46,17,180,1320,172,102,84,-1,-1
46,17,181,1329,169,96,82,-1,-1
46,17,182,1337,167,92,79,-1,-1
46,17,183,1339,163,92,79,-1,-1
46,17,184,1346,160,92,79,-1,-1
46,17,185,1352,157,87,76,-1,-1
46,17,186,1356,152,87,76,-1,-1
46,17,187,1358,148,87,76,-1,-1
46,17,188,1363,147,87,76,-1,-1
46,17,189,1367,146,83,68,-1,-1
46,17,190,1372,144,83,68,-1,-1
46,17,191,1375,144,80,62,-1,-1
46,17,192,1379,143,78,63,-1,-1
46,17,193,1383,139,78,63,-1,-1
46,17,194,1386,137,75,64,-1,-1
46,17,195,1390,134,75,64,-1,-1
46,17,196,1393,134,73,60,-1,-1
46,17,197,1399,133,70,57,-1,-1
46,17,198,1399,131,70,57,-1,-1
46,17,199,1403,128,70,57,-1,-1
46,17,200,1406,126,70,57,-1,-1
46,17,201,1409,125,70,57,-1,-1
46,17,202,1410,124,70,57,-1,-1
46,17,203,1413,119,70,57,-1,-1
46,17,204,1417,120,66,54,-1,-1
46,17,205,1419,121,66,54,-1,-1
46,17,206,1421,116,66,54,-1,-1
46,17,207,1424,114,64,52,-1,-1
46,17,208,1426,113,63,52,-1,-1
46,17,209,1428,111,63,52,-1,-1
46,17,210,1430,110,63,52,-1,-1
46,17,211,1433,110,61,49,-1,-1
46,17,212,1434,109,61,49,-1,-1
46,17,213,1436,107,61,49,-1,-1
46,17,214,1439,104,61,49,-1,-1
46,17,215,1443,106,57,46,-1,-1
46,17,216,1445,104,57,46,-1,-1
46,17,217,1446,103,57,46,-1,-1
46,17,218,1446,102,56,45,-1,-1
46,17,219,1448,100,56,45,-1,-1
46,17,220,1451,99,54,44,-1,-1
46,17,221,1452,97,54,44,-1,-1
46,17,222,1453,94,54,44,-1,-1
46,17,223,1456,96,54,44,-1,-1
46,17,224,1458,94,54,44,-1,-1
46,17,225,1461,94,52,42,-1,-1
46,17,226,1462,92,52,42,-1,-1
46,17,227,1462,92,52,40,-1,-1
46,17,228,1465,93,49,36,-1,-1
46,17,229,1467,91,49,36,-1,-1
46,17,230,1468,89,49,36,-1,-1
46,17,231,1470,89,49,36,-1,-1
46,17,232,1470,89,48,31,-1,-1
46,17,233,1473,87,48,31,-1,-1
46,17,234,1474,87,48,31,-1,-1
46,18,201,917,312,589,701,-1,-1
46,18,202,953,291,555,707,-1,-1
46,18,203,989,274,522,680,-1,-1
46,18,204,1037,262,478,600,-1,-1
46,18,205,1064,246,454,565,-1,-1
46,18,206,1084,238,438,529,-1,-1
46,18,207,1108,228,419,504,-1,-1
46,18,208,1134,215,389,467,-1,-1
46,18,209,1159,210,368,435,-1,-1
46,18,210,1182,207,349,416,-1,-1
46,18,211,1193,193,349,416,-1,-1
46,18,212,1221,184,313,395,-1,-1
46,18,213,1228,180,307,383,-1,-1
46,18,214,1247,182,291,356,-1,-1
46,18,215,1264,176,274,338,-1,-1
46,18,216,1272,164,269,329,-1,-1
46,18,217,1281,161,260,317,-1,-1
46,18,218,1294,153,248,311,-1,-1
46,18,219,1303,150,241,294,-1,-1
46,18,220,1314,146,231,283,-1,-1
46,18,221,1317,146,230,264,-1,-1
46,18,222,1324,141,227,252,-1,-1
46,18,223,1334,138,217,253,-1,-1
46,18,224,1341,133,209,249,-1,-1
46,18,225,1348,132,205,239,-1,-1
46,18,226,1353,128,197,234,-1,-1
46,18,227,1357,131,197,234,-1,-1
46,18,228,1362,124,197,219,-1,-1
46,18,229,1370,121,188,215,-1,-1
46,18,230,1376,119,180,211,-1,-1
46,18,231,1380,113,179,206,-1,-1
46,18,232,1382,114,180,204,-1,-1
46,18,233,1388,111,172,199,-1,-1
46,18,234,1394,110,166,189,-1,-1
46,18,235,1397,112,166,184,-1,-1
46,18,236,1404,106,157,183,-1,-1
46,18,237,1407,103,153,181,-1,-1
46,18,238,1410,102,152,179,-1,-1
46,18,239,1416,99,148,179,-1,-1
46,18,240,1420,99,143,175,-1,-1
46,18,241,1422,94,144,174,-1,-1
46,18,242,1425,95,139,168,-1,-1
46,18,243,1429,94,135,163,-1,-1
46,18,244,1432,92,135,163,-1,-1
46,18,245,1435,92,132,158,-1,-1
46,18,246,1438,92,132,158,-1,-1
46,18,247,1441,89,127,153,-1,-1
46,18,248,1443,87,125,145,-1,-1
46,18,249,1446,86,124,145,-1,-1
46,18,250,1445,84,124,145,-1,-1
46,18,251,1450,83,119,144,-1,-1
46,18,252,1451,83,119,144,-1,-1
46,18,253,1453,83,116,136,-1,-1
46,18,254,1456,80,114,135,-1,-1
46,18,255,1458,80,112,132,-1,-1
46,18,256,1461,80,110,128,-1,-1
46,18,257,1462,78,112,128,-1,-1
46,18,258,1465,77,109,125,-1,-1
46,18,259,1466,81,109,125,-1,-1
46,18,260,1468,74,105,126,-1,-1
46,18,261,1470,74,104,120,-1,-1
46,18,262,1471,71,103,121,-1,-1
46,18,263,1472,72,101,119,-1,-1
46,18,264,1473,73,101,115,-1,-1
46,18,265,1476,74,97,111,-1,-1
46,18,266,1478,74,96,110,-1,-1
46,18,267,1479,73,97,108,-1,-1
46,18,268,1480,72,96,109,-1,-1
46,18,269,1482,72,92,107,-1,-1
46,18,270,1482,71,93,104,-1,-1
46,18,271,1485,70,90,102,-1,-1
46,18,272,1486,69,86,99,-1,-1
46,18,273,1488,67,88,101,-1,-1
46,18,274,1489,69,90,96,-1,-1
46,18,275,1490,66,90,96,-1,-1
46,18,276,1490,65,89,97,-1,-1
46,18,277,1492,65,87,98,-1,-1
46,18,278,1492,62,87,98,-1,-1
46,18,279,1493,60,87,98,-1,-1
46,18,280,1495,65,86,92,-1,-1
46,18,281,1496,63,83,93,-1,-1
46,18,282,1498,63,79,91,-1,-1
46,18,283,1499,63,80,87,-1,-1
46,18,284,1499,62,81,88,-1,-1
46,18,285,1500,61,81,88,-1,-1
46,18,286,1502,58,80,89,-1,-1
46,18,287,1502,57,80,89,-1,-1
46,18,288,1503,56,80,89,-1,-1
46,18,289,1503,57,80,89,-1,-1
46,18,290,1504,56,80,86,-1,-1
46,18,291,1505,55,80,86,-1,-1
46,18,292,1506,54,78,87,-1,-1
46,18,293,1508,54,77,83,-1,-1
46,18,294,1510,55,75,84,-1,-1
46,18,295,1511,55,74,81,-1,-1
46,18,296,1512,53,73,83,-1,-1
46,18,297,1513,54,69,82,-1,-1
46,18,298,1514,51,69,82,-1,-1
46,18,299,1515,51,69,82,-1,-1
46,18,300,1516,52,69,82,-1,-1
46,18,301,1515,53,69,82,-1,-1
46,18,302,1517,49,69,82,-1,-1
46,18,303,1519,48,69,82,-1,-1
46,18,304,1519,50,71,77,-1,-1
46,18,305,1519,50,71,77,-1,-1
46,18,306,1521,48,71,77,-1,-1
46,18,307,1521,51,70,73,-1,-1
46,18,308,1522,50,67,74,-1,-1
46,18,309,1524,49,65,75,-1,-1
46,18,310,1525,49,65,75,-1,-1
46,18,311,1525,47,65,75,-1,-1
46,18,312,1526,49,65,75,-1,-1
46,18,313,1527,45,63,74,-1,-1
46,18,314,1530,45,61,76,-1,-1
46,18,315,1530,44,62,72,-1,-1
46,18,316,1530,43,65,75,-1,-1
46,18,317,1532,45,61,71,-1,-1
46,18,318,1532,44,62,72,-1,-1
46,18,319,1532,43,63,70,-1,-1
46,18,320,1531,44,64,70,-1,-1
46,18,321,1532,43,62,69,-1,-1
46,18,322,1534,45,62,68,-1,-1
46,18,323,1534,43,62,68,-1,-1
46,18,324,1534,43,62,68,-1,-1
46,18,325,1536,44,58,65,-1,-1
46,18,326,1538,42,55,69,-1,-1
46,18,327,1539,42,58,68,-1,-1
46,18,328,1539,41,58,68,-1,-1
46,18,329,1539,40,56,68,-1,-1
46,18,330,1539,40,58,69,-1,-1
46,18,331,1541,40,55,66,-1,-1
46,18,332,1543,40,54,63,-1,-1
46,18,333,1541,39,58,65,-1,-1
46,18,334,1543,41,54,63,-1,-1
46,18,335,1543,39,54,64,-1,-1
46,18,336,1545,42,52,61,-1,-1
46,18,337,1546,39,53,64,-1,-1
46,19,331,896,173,667,889,-1,-1
46,19,332,960,165,607,786,-1,-1
46,19,333,994,159,572,757,-1,-1
46,19,334,1040,157,525,688,-1,-1
46,19,335,1092,149,477,632,-1,-1
46,19,336,1123,147,446,583,-1,-1
46,19,337,1156,140,416,540,-1,-1
46,19,338,1184,133,391,503,-1,-1
46,19,339,1208,131,365,475,-1,-1
46,19,340,1231,126,342,448,-1,-1
46,19,341,1244,128,332,417,-1,-1
46,19,342,1264,119,309,405,-1,-1
46,19,343,1278,114,300,381,-1,-1
46,19,344,1290,114,285,360,-1,-1
46,19,345,1302,112,276,344,-1,-1
46,19,346,1313,107,267,332,-1,-1
46,19,347,1323,106,254,320,-1,-1
46,19,348,1331,105,249,306,-1,-1
46,19,349,1341,104,240,300,-1,-1
46,19,350,1353,97,226,292,-1,-1
46,19,351,1362,99,218,282,-1,-1
46,19,352,1372,98,207,269,-1,-1
46,19,353,1375,90,203,264,-1,-1
46,19,354,1380,91,200,253,-1,-1
46,19,355,1390,87,191,254,-1,-1
46,19,356,1394,86,191,244,-1,-1
46,19,357,1398,88,185,232,-1,-1
46,19,358,1405,85,173,223,-1,-1
46,19,359,1409,86,174,220,-1,-1
46,19,360,1415,83,167,214,-1,-1
46,19,361,1419,78,166,213,-1,-1
46,19,362,1425,84,159,199,-1,-1
46,19,363,1422,79,164,198,-1,-1
46,19,364,1424,79,164,198,-1,-1
46,19,365,1434,74,151,190,-1,-1
46,19,366,1438,73,147,186,-1,-1
46,19,367,1439,72,147,186,-1,-1
46,19,368,1448,69,137,178,-1,-1
46,19,369,1448,72,137,178,-1,-1
46,19,370,1451,68,138,169,-1,-1
46,19,371,1451,67,138,169,-1,-1
46,19,372,1458,67,131,164,-1,-1
46,19,373,1459,65,127,160,-1,-1
46,19,374,1464,65,123,155,-1,-1
46,19,375,1465,66,122,152,-1,-1
46,19,376,1469,62,118,148,-1,-1
46,19,377,1470,62,119,150,-1,-1
46,19,378,1473,61,116,145,-1,-1
46,19,379,1476,62,109,140,-1,-1
46,19,380,1475,59,112,142,-1,-1
46,19,381,1480,58,112,140,-1,-1
46,19,382,1483,57,108,139,-1,-1
46,19,383,1483,57,107,132,-1,-1
46,19,384,1484,56,108,132,-1,-1
46,19,385,1485,54,105,131,-1,-1
46,19,386,1487,54,104,130,-1,-1
46,19,387,1492,58,101,122,-1,-1
46,19,388,1493,57,98,124,-1,-1
46,19,389,1493,54,97,125,-1,-1
46,19,390,1495,53,96,122,-1,-1
46,19,391,1497,52,96,117,-1,-1
46,19,392,1499,53,97,113,-1,-1
46,19,393,1502,53,92,107,-1,-1
46,19,394,1502,52,92,107,-1,-1
46,19,395,1502,51,92,107,-1,-1
46,19,396,1503,52,89,108,-1,-1
46,19,397,1506,50,89,106,-1,-1
46,19,398,1507,48,92,107,-1,-1
46,19,399,1507,48,88,109,-1,-1
46,19,400,1508,47,88,102,-1,-1
46,19,401,1508,47,88,102,-1,-1
46,19,402,1511,45,84,105,-1,-1
46,19,403,1512,45,88,102,-1,-1
46,19,404,1512,44,84,104,-1,-1
46,19,405,1512,42,88,102,-1,-1
46,19,406,1513,43,84,97,-1,-1
46,19,407,1515,42,84,97,-1,-1
46,19,408,1518,45,80,93,-1,-1
46,19,409,1519,47,80,93,-1,-1
46,19,410,1518,47,80,93,-1,-1
46,19,411,1520,44,80,93,-1,-1
46,19,412,1520,43,80,93,-1,-1
46,19,413,1522,41,80,93,-1,-1
46,19,414,1522,41,74,90,-1,-1
46,19,415,1524,43,76,88,-1,-1
46,19,416,1527,41,72,84,-1,-1
46,20,408,408,650,591,430,-1,-1
46,20,409,510,611,518,401,-1,-1
46,20,410,589,559,474,359,-1,-1
46,20,411,653,536,439,314,-1,-1
46,20,412,709,518,408,272,-1,-1
46,20,413,772,491,366,248,-1,-1
46,20,414,820,459,344,238,-1,-1
46,20,415,863,435,318,219,-1,-1
46,20,416,899,409,304,215,-1,-1
46,20,417,938,399,280,189,-1,-1
46,20,418,970,378,260,189,-1,-1
46,20,419,1003,359,248,180,-1,-1
46,20,420,1026,345,236,171,-1,-1
46,20,421,1048,338,225,163,-1,-1
46,20,422,1068,325,215,149,-1,-1
46,20,423,1090,310,205,142,-1,-1
46,20,424,1109,302,195,135,-1,-1
46,20,425,1126,292,186,129,-1,-1
46,20,426,1136,283,186,129,-1,-1
46,20,427,1148,273,186,129,-1,-1
46,20,428,1169,264,167,125,-1,-1
46,20,429,1179,261,167,125,-1,-1
46,20,430,1190,243,160,127,-1,-1
46,20,431,1203,240,153,121,-1,-1
46,20,432,1216,236,146,112,-1,-1
46,20,433,1225,235,146,112,-1,-1
46,20,434,1232,227,143,102,-1,-1
46,20,435,1243,219,136,103,-1,-1
46,20,436,1250,213,136,103,-1,-1
46,20,437,1256,210,136,103,-1,-1
46,20,438,1266,206,130,98,-1,-1
46,20,439,1276,200,122,93,-1,-1
46,20,440,1282,193,122,93,-1,-1
46,20,441,1288,189,118,94,-1,-1
46,20,442,1295,191,116,85,-1,-1
46,20,443,1304,186,111,86,-1,-1
46,20,444,1309,179,111,86,-1,-1
46,20,445,1312,177,111,86,-1,-1
46,20,446,1316,173,109,80,-1,-1
46,20,447,1324,171,106,82,-1,-1
46,20,448,1330,165,102,85,-1,-1
46,20,449,1337,166,98,77,-1,-1
46,20,450,1341,163,100,75,-1,-1
46,20,451,1345,160,95,77,-1,-1
46,20,452,1352,156,92,73,-1,-1
46,20,453,1356,154,92,69,-1,-1
46,20,454,1359,155,92,69,-1,-1
46,20,455,1360,150,92,69,-1,-1
46,20,456,1363,146,92,69,-1,-1
46,20,457,1368,143,90,68,-1,-1
46,20,458,1372,142,90,68,-1,-1
46,20,459,1373,139,90,68,-1,-1
46,20,460,1375,134,90,68,-1,-1
46,20,461,1379,132,86,66,-1,-1
46,20,462,1385,132,83,64,-1,-1
46,20,463,1391,129,79,65,-1,-1
46,20,464,1394,131,78,60,-1,-1
46,20,465,1395,128,78,60,-1,-1
46,20,466,1398,126,77,61,-1,-1
46,20,467,1403,123,72,59,-1,-1
46,20,468,1407,121,72,59,-1,-1
46,20,469,1409,121,72,59,-1,-1
46,20,470,1409,118,72,59,-1,-1
46,20,471,1411,117,72,59,-1,-1
46,20,472,1414,114,72,59,-1,-1
46,20,473,1418,112,72,59,-1,-1
46,20,474,1420,112,72,59,-1,-1
46,20,475,1419,110,72,59,-1,-1
46,20,476,1420,110,72,59,-1,-1
46,20,477,1423,110,72,59,-1,-1
46,20,478,1427,108,72,59,-1,-1
46,20,479,1427,107,72,59,-1,-1
46,20,480,1429,106,72,59,-1,-1
46,20,481,1433,105,69,56,-1,-1
46,20,482,1435,104,69,56,-1,-1
46,20,483,1438,103,65,54,-1,-1
46,20,484,1443,102,61,48,-1,-1
46,20,485,1443,101,61,48,-1,-1
46,20,486,1442,98,61,48,-1,-1
46,20,487,1449,97,61,48,-1,-1
46,20,488,1449,99,61,43,-1,-1
46,20,489,1452,100,58,46,-1,-1
46,20,490,1452,99,58,46,-1,-1
46,20,491,1452,98,58,46,-1,-1
46,20,492,1454,97,58,46,-1,-1
46,20,493,1457,96,58,46,-1,-1
46,20,494,1461,92,55,45,-1,-1
46,20,495,1459,91,55,45,-1,-1
46,20,496,1462,91,55,45,-1,-1
46,20,497,1463,91,55,45,-1,-1
46,20,498,1466,91,55,45,-1,-1
46,20,499,1468,91,52,38,-1,-1
46,20,500,1469,89,52,38,-1,-1
46,20,501,1469,91,52,38,-1,-1
46,20,502,1471,91,52,38,-1,-1
46,20,503,1473,88,55,40,-1,-1
46,20,504,1474,87,55,40,-1,-1
46,20,505,1473,87,55,40,-1,-1
46,20,506,1474,86,55,40,-1,-1
46,20,507,1475,84,55,40,-1,-1
46,20,508,1479,81,52,37,-1,-1
46,20,509,1479,82,52,37,-1,-1
46,20,510,1477,82,55,39,-1,-1
46,20,511,1479,82,52,37,-1,-1
46,20,512,1482,81,52,37,-1,-1
46,20,513,1482,80,52,37,-1,-1
46,20,514,1483,80,52,37,-1,-1
46,20,515,1484,80,52,37,-1,-1
46,20,516,1483,79,52,37,-1,-1
46,20,517,1485,79,50,35,-1,-1
46,20,518,1487,79,50,35,-1,-1
46,20,519,1489,79,50,35,-1,-1
46,20,520,1490,79,47,34,-1,-1
46,20,521,1490,77,47,34,-1,-1
46,20,522,1493,78,45,32,-1,-1
46,20,523,1496,76,45,32,-1,-1
46,20,524,1497,75,45,32,-1,-1
46,20,525,1498,72,45,32,-1,-1
46,20,526,1497,74,45,32,-1,-1
46,20,527,1499,73,45,32,-1,-1
46,20,528,1501,73,45,32,-1,-1
46,20,529,1502,73,45,32,-1,-1
46,20,530,1502,73,45,32,-1,-1
46,20,531,1504,68,41,33,-1,-1
46,20,532,1506,68,41,33,-1,-1
46,20,533,1508,67,41,33,-1,-1
46,20,534,1509,66,41,33,-1,-1
46,20,535,1509,65,41,33,-1,-1
46,20,536,1509,66,41,33,-1,-1
46,20,537,1510,67,39,31,-1,-1
46,20,538,1513,70,37,30,-1,-1
46,20,539,1514,68,39,31,-1,-1
46,20,540,1513,69,39,31,-1,-1
46,20,541,1513,67,39,31,-1,-1
46,20,542,1514,66,39,31,-1,-1
46,20,543,1516,66,39,31,-1,-1
46,20,544,1517,66,39,31,-1,-1
46,20,545,1518,66,39,31,-1,-1
46,20,546,1518,64,39,31,-1,-1
46,20,547,1519,65,39,31,-1,-1
46,20,548,1520,62,39,31,-1,-1
46,20,549,1521,63,39,31,-1,-1
46,20,550,1520,59,39,31,-1,-1
46,20,551,1521,59,34,28,-1,-1
46,21,462,362,651,608,429,-1,-1
46,21,463,455,597,579,409,-1,-1
46,21,464,539,545,517,412,-1,-1
46,21,465,625,514,453,367,-1,-1
46,21,466,688,505,420,323,-1,-1
46,21,467,741,473,392,298,-1,-1
46,21,468,800,446,357,278,-1,-1
46,21,469,841,419,335,265,-1,-1
46,21,470,880,400,309,250,-1,-1
46,21,471,922,390,284,225,-1,-1
46,21,472,949,366,278,218,-1,-1
46,21,473,982,354,258,200,-1,-1
46,21,474,1008,336,248,194,-1,-1
46,21,475,1031,331,236,181,-1,-1
46,21,476,1054,315,224,175,-1,-1
46,21,477,1076,306,206,164,-1,-1
46,21,478,1091,287,206,164,-1,-1
46,21,479,1111,278,198,165,-1,-1
46,21,480,1124,276,191,150,-1,-1
46,21,481,1140,262,183,142,-1,-1
46,21,482,1158,255,174,142,-1,-1
46,21,483,1175,251,165,138,-1,-1
46,21,484,1188,245,160,130,-1,-1
46,21,485,1196,238,157,123,-1,-1
46,21,486,1206,234,152,122,-1,-1
46,21,487,1218,229,147,110,-1,-1
46,21,488,1227,224,146,114,-1,-1
46,21,489,1242,219,138,110,-1,-1
46,21,490,1248,212,133,103,-1,-1
46,21,491,1253,206,134,105,-1,-1
46,21,492,1262,202,129,104,-1,-1
46,21,493,1271,196,129,104,-1,-1
46,21,494,1282,190,120,101,-1,-1
46,21,495,1287,187,120,100,-1,-1
46,21,496,1295,184,116,96,-1,-1
46,21,497,1300,182,114,91,-1,-1
46,21,498,1309,179,111,90,-1,-1
46,21,499,1314,176,110,82,-1,-1
46,21,500,1321,170,105,87,-1,-1
46,21,501,1323,166,105,87,-1,-1
46,21,502,1329,162,105,87,-1,-1
46,21,503,1334,162,105,87,-1,-1
46,21,504,1341,161,97,80,-1,-1
46,21,505,1345,158,96,78,-1,-1
46,21,506,1349,154,94,75,-1,-1
46,21,507,1353,152,91,74,-1,-1
46,21,508,1359,148,91,74,-1,-1
46,21,509,1364,145,91,74,-1,-1
46,21,510,1367,142,87,72,-1,-1
46,21,511,1368,142,87,72,-1,-1
46,21,512,1374,139,83,64,-1,-1
46,21,513,1377,137,83,64,-1,-1
46,21,514,1379,134,83,64,-1,-1
46,21,515,1386,132,83,64,-1,-1
46,21,516,1389,131,83,64,-1,-1
46,21,517,1388,131,83,64,-1,-1
46,21,518,1393,127,83,64,-1,-1
46,21,519,1397,126,77,65,-1,-1
46,21,520,1400,122,77,65,-1,-1
46,21,521,1403,121,72,64,-1,-1
46,21,522,1407,121,73,61,-1,-1
46,21,523,1410,121,73,61,-1,-1
46,21,524,1410,119,73,61,-1,-1
46,21,525,1412,116,73,61,-1,-1
46,21,526,1414,113,73,61,-1,-1
46,21,527,1419,113,68,57,-1,-1
46,21,528,1422,112,68,57,-1,-1
46,21,529,1425,111,68,57,-1,-1
46,21,530,1429,110,68,57,-1,-1
46,21,531,1427,108,68,57,-1,-1
46,21,532,1429,107,68,57,-1,-1
46,21,533,1431,104,68,57,-1,-1
46,21,534,1435,104,65,53,-1,-1
46,21,535,1436,104,65,53,-1,-1
46,21,536,1439,102,62,52,-1,-1
46,21,537,1442,98,62,52,-1,-1
46,21,538,1443,97,62,52,-1,-1
46,21,539,1446,95,62,52,-1,-1
46,21,540,1446,94,62,52,-1,-1
46,21,541,1445,95,62,52,-1,-1
46,21,542,1449,93,60,51,-1,-1
46,21,543,1453,94,57,46,-1,-1
46,21,544,1454,95,57,46,-1,-1
46,21,545,1455,93,57,46,-1,-1
46,21,546,1456,93,57,46,-1,-1
46,21,547,1457,91,57,46,-1,-1
46,21,548,1460,90,57,46,-1,-1
46,21,549,1460,90,57,46,-1,-1
46,21,550,1461,89,57,46,-1,-1
46,21,551,1461,88,57,46,-1,-1
46,21,552,1464,87,54,44,-1,-1
46,21,553,1467,86,54,44,-1,-1
46,21,554,1469,85,54,44,-1,-1
46,21,555,1469,83,54,44,-1,-1
46,21,556,1469,83,54,44,-1,-1
46,21,557,1470,81,54,44,-1,-1
46,21,558,1474,80,54,44,-1,-1
46,21,559,1475,80,52,42,-1,-1
46,21,560,1478,81,49,40,-1,-1
46,21,561,1478,81,49,40,-1,-1
46,21,562,1478,80,49,40,-1,-1
46,21,563,1481,79,49,40,-1,-1
46,21,564,1482,78,49,40,-1,-1
46,21,565,1482,78,49,40,-1,-1
46,21,566,1482,76,49,40,-1,-1
46,21,567,1484,75,49,40,-1,-1
46,21,568,1487,74,49,40,-1,-1
46,21,569,1488,74,49,40,-1,-1
46,21,570,1489,74,49,40,-1,-1
46,21,571,1488,72,49,40,-1,-1
46,21,572,1489,72,49,40,-1,-1
46,21,573,1491,71,49,40,-1,-1
46,21,574,1492,72,47,38,-1,-1
46,21,575,1493,72,47,38,-1,-1
46,21,576,1493,71,45,36,-1,-1
46,21,577,1496,70,45,36,-1,-1
46,21,578,1496,71,45,36,-1,-1
46,21,579,1499,71,43,34,-1,-1
46,21,580,1498,70,43,34,-1,-1
46,21,581,1498,69,43,34,-1,-1
46,21,582,1499,69,43,34,-1,-1
46,21,583,1501,68,43,34,-1,-1
46,21,584,1504,67,43,34,-1,-1
46,21,585,1503,68,43,34,-1,-1
46,21,586,1502,66,43,34,-1,-1
46,21,587,1503,67,43,34,-1,-1
46,21,588,1505,67,43,34,-1,-1
46,21,589,1508,66,43,34,-1,-1
46,21,590,1509,65,41,33,-1,-1
46,21,591,1510,64,41,33,-1,-1
46,21,592,1510,64,41,33,-1,-1
46,21,593,1512,63,41,33,-1,-1
46,21,594,1512,63,41,33,-1,-1
46,21,595,1514,63,41,33,-1,-1
46,21,596,1515,62,39,31,-1,-1
46,21,597,1515,63,39,31,-1,-1
46,21,598,1515,64,39,31,-1,-1
46,21,599,1518,61,39,31,-1,-1
46,21,600,1520,61,39,31,-1,-1
46,21,601,1520,61,39,31,-1,-1
46,21,602,1521,60,39,31,-1,-1
46,21,603,1523,59,39,31,-1,-1
46,21,604,1525,58,37,30,-1,-1
