46,1,202,1164,579,279,385,-1,-1
46,1,203,1175,505,284,391,-1,-1
46,1,204,1162,521,304,394,-1,-1
46,1,207,1114,302,304,398,-1,-1
46,1,208,1136,269,298,398,-1,-1
46,1,209,1153,244,312,395,-1,-1
46,1,210,1178,213,325,398,-1,-1
46,1,211,1220,186,313,397,-1,-1
46,1,212,1223,170,313,393,-1,-1
46,1,214,1240,164,292,351,-1,-1
46,1,215,1256,162,276,332,-1,-1
46,1,216,1268,164,270,306,-1,-1
46,1,217,1278,156,261,312,-1,-1
46,1,218,1288,147,254,304,-1,-1
46,1,219,1299,148,243,282,-1,-1
46,1,220,1312,146,230,269,-1,-1
46,1,221,1320,142,222,259,-1,-1
46,1,222,1326,137,217,250,-1,-1
46,1,223,1335,134,210,243,-1,-1
46,1,224,1341,130,205,239,-1,-1
46,1,225,1349,128,199,231,-1,-1
46,1,226,1355,125,194,224,-1,-1
46,1,227,1363,121,188,221,-1,-1
46,1,228,1369,119,186,214,-1,-1
46,1,229,1373,117,181,206,-1,-1
46,1,230,1377,116,176,204,-1,-1
46,1,231,1382,112,174,204,-1,-1
46,1,232,1387,106,170,203,-1,-1
46,1,233,1391,104,167,197,-1,-1
46,1,234,1395,105,164,191,-1,-1
46,1,235,1401,100,159,188,-1,-1
46,1,236,1406,99,154,181,-1,-1
46,1,237,1411,99,149,178,-1,-1
46,1,238,1412,97,147,174,-1,-1
46,1,239,1417,97,143,168,-1,-1
46,1,240,1421,95,139,165,-1,-1
46,1,241,1425,96,136,160,-1,-1
46,1,242,1429,96,135,158,-1,-1
46,1,243,1432,95,132,155,-1,-1
46,1,246,1441,88,83,151,-1,-1
46,1,247,1444,83,120,157,-1,-1
46,1,248,1447,81,122,150,-1,-1
46,1,249,1449,79,122,148,-1,-1
46,1,250,1453,79,116,143,-1,-1
46,1,251,1455,81,115,136,-1,-1
46,1,252,1457,79,114,138,-1,-1
46,1,253,1460,79,112,136,-1,-1
46,1,254,1460,78,111,134,-1,-1
46,1,255,1462,77,110,133,-1,-1
46,1,256,1465,77,108,130,-1,-1
46,1,257,1468,78,109,125,-1,-1
46,1,265,1480,68,97,115,-1,-1
46,1,266,1483,69,91,112,-1,-1
46,1,267,1484,68,90,111,-1,-1
46,1,268,1485,68,91,109,-1,-1
46,1,269,1485,67,92,107,-1,-1
46,1,270,1487,65,89,106,-1,-1
46,1,271,1489,64,89,107,-1,-1
46,1,272,1490,63,89,106,-1,-1
46,1,279,1497,60,84,98,-1,-1
46,1,280,1499,60,83,95,-1,-1
46,1,281,1500,60,80,93,-1,-1
46,1,282,1502,60,79,93,-1,-1
46,1,283,1503,59,78,93,-1,-1
46,1,284,1503,59,77,92,-1,-1
46,1,285,1504,58,77,92,-1,-1
46,1,286,1504,57,77,92,-1,-1
46,1,287,1505,57,76,90,-1,-1
46,1,290,1508,55,77,88,-1,-1
46,1,291,1508,55,77,86,-1,-1
46,1,292,1509,55,76,86,-1,-1
46,1,293,1511,54,74,86,-1,-1
46,1,294,1512,54,73,85,-1,-1
46,1,295,1513,53,72,83,-1,-1
46,1,296,1514,53,71,82,-1,-1
46,1,297,1516,53,70,81,-1,-1
46,1,298,1517,53,69,81,-1,-1
46,1,299,1517,52,69,81,-1,-1
46,1,300,1518,51,68,82,-1,-1
46,1,301,1519,50,70,79,-1,-1
46,1,302,1520,49,70,78,-1,-1
46,1,303,1520,49,70,77,-1,-1
46,1,304,1521,48,70,76,-1,-1
46,1,305,1522,48,68,74,-1,-1
46,1,306,1523,48,67,73,-1,-1
46,1,307,1525,48,65,73,-1,-1
46,1,308,1526,47,64,74,-1,-1
46,1,309,1526,47,64,74,-1,-1
46,1,310,1527,47,63,73,-1,-1
46,1,311,1527,47,64,72,-1,-1
46,1,312,1528,47,64,72,-1,-1
46,1,313,1529,46,65,72,-1,-1
46,1,314,1530,46,64,71,-1,-1
46,1,315,1531,46,63,70,-1,-1
46,1,316,1533,46,62,69,-1,-1
46,1,317,1535,45,61,69,-1,-1
46,1,318,1536,44,60,69,-1,-1
46,1,319,1535,43,59,69,-1,-1
46,1,320,1535,43,59,68,-1,-1
46,1,321,1535,43,59,67,-1,-1
46,1,322,1536,42,58,67,-1,-1
46,1,323,1537,42,58,67,-1,-1
46,1,324,1538,42,57,65,-1,-1
46,1,325,1538,42,57,65,-1,-1
46,1,326,1538,42,57,64,-1,-1
46,1,327,1539,42,56,64,-1,-1
46,1,328,1540,41,55,64,-1,-1
46,1,329,1540,41,56,64,-1,-1
46,1,330,1540,41,56,63,-1,-1
46,1,331,1541,41,56,62,-1,-1
46,1,332,1543,40,55,62,-1,-1
46,1,333,1544,40,54,61,-1,-1
46,1,334,1544,40,53,60,-1,-1
46,1,335,1545,40,53,60,-1,-1
46,1,336,1545,40,53,60,-1,-1
46,1,337,1547,39,52,60,-1,-1
46,1,338,1548,39,51,60,-1,-1
46,1,339,1548,39,51,59,-1,-1
46,1,340,1548,39,51,59,-1,-1
46,1,341,1548,38,51,59,-1,-1
46,1,342,1549,38,51,58,-1,-1
46,1,343,1550,38,50,57,-1,-1
46,1,344,1550,39,50,56,-1,-1
46,1,345,1551,39,50,55,-1,-1
46,1,346,1551,39,50,55,-1,-1
46,1,347,1552,38,50,55,-1,-1
46,1,348,1553,38,49,55,-1,-1
46,1,349,1554,38,48,54,-1,-1
46,1,350,1554,38,47,53,-1,-1
46,1,351,1554,38,47,54,-1,-1
46,1,352,1555,37,47,54,-1,-1
46,1,353,1556,37,46,54,-1,-1
46,1,354,1556,37,46,53,-1,-1
46,1,355,1556,37,46,53,-1,-1
46,1,356,1556,37,46,53,-1,-1
46,1,357,1557,37,46,52,-1,-1
46,1,358,1558,37,45,52,-1,-1
46,1,359,1559,36,45,52,-1,-1
46,1,360,1559,35,45,52,-1,-1
46,1,361,1559,35,45,51,-1,-1
46,1,362,1559,35,45,51,-1,-1
46,1,363,1560,35,45,50,-1,-1
46,1,364,1561,35,45,50,-1,-1
46,1,365,1562,35,44,49,-1,-1
46,1,366,1562,35,44,50,-1,-1
46,1,367,1563,34,43,50,-1,-1
46,1,368,1564,34,42,49,-1,-1
46,1,369,1565,34,42,49,-1,-1
46,1,370,1565,33,42,49,-1,-1
46,1,371,1565,33,42,49,-1,-1
46,1,373,1566,33,42,48,-1,-1
46,1,374,1566,32,42,49,-1,-1
46,2,1193,874,417,281,194,-1,-1
46,2,1194,907,409,265,185,-1,-1
46,2,1198,1021,349,215,162,-1,-1
46,2,1201,1076,314,196,142,-1,-1
46,2,1202,1088,305,194,134,-1,-1
46,2,1203,1101,297,192,130,-1,-1
46,2,1204,1117,287,183,125,-1,-1
46,2,1205,1131,278,180,122,-1,-1
46,2,1206,1144,270,174,120,-1,-1
46,2,1207,1158,263,166,117,-1,-1
46,2,1208,1170,257,162,114,-1,-1
46,2,1209,1182,253,157,109,-1,-1
46,2,1210,1195,247,146,105,-1,-1
46,2,1211,1205,241,144,101,-1,-1
46,2,1212,1216,237,139,97,-1,-1
46,2,1213,1222,230,141,96,-1,-1
46,2,1214,1234,223,133,97,-1,-1
46,2,1215,1242,219,129,94,-1,-1
46,2,1216,1252,214,125,91,-1,-1
46,2,1217,1258,209,122,92,-1,-1
46,2,1218,1268,205,117,90,-1,-1
46,2,1219,1276,202,112,86,-1,-1
46,2,1220,1281,199,112,83,-1,-1
46,2,1221,1289,195,107,81,-1,-1
46,2,1222,1294,190,107,80,-1,-1
46,2,1223,1301,185,104,79,-1,-1
46,2,1224,1307,183,102,78,-1,-1
46,2,1225,1309,179,103,78,-1,-1
46,2,1226,1315,177,101,77,-1,-1
46,2,1227,1321,173,98,77,-1,-1
46,2,1228,1327,170,96,76,-1,-1
46,2,1229,1331,167,94,74,-1,-1
46,2,1230,1335,165,92,72,-1,-1
46,2,1231,1340,161,90,72,-1,-1
46,2,1232,1343,159,90,70,-1,-1
46,2,1233,1348,156,88,70,-1,-1
46,2,1234,1353,153,85,69,-1,-1
46,2,1235,1355,151,85,68,-1,-1
46,2,1236,1358,149,84,66,-1,-1
46,2,1237,1362,147,82,65,-1,-1
46,2,1238,1367,147,80,64,-1,-1
46,2,1239,1371,144,78,65,-1,-1
46,2,1240,1372,141,78,65,-1,-1
46,2,1241,1376,139,77,64,-1,-1
46,2,1242,1379,137,75,64,-1,-1
46,2,1243,1382,135,74,62,-1,-1
46,2,1244,1385,133,74,61,-1,-1
46,2,1245,1387,131,73,60,-1,-1
46,2,1246,1390,130,72,59,-1,-1
46,2,1247,1393,129,71,58,-1,-1
46,2,1248,1396,128,70,57,-1,-1
46,2,1249,1400,126,68,56,-1,-1
46,2,1250,1401,125,69,55,-1,-1
46,2,1251,1404,123,68,55,-1,-1
46,2,1252,1406,121,66,55,-1,-1
46,2,1253,1408,120,66,54,-1,-1
46,2,1254,1411,119,65,54,-1,-1
46,2,1255,1414,118,63,53,-1,-1
46,2,1256,1416,116,63,53,-1,-1
46,2,1257,1418,115,63,52,-1,-1
46,2,1258,1420,113,62,52,-1,-1
46,2,1259,1422,112,61,52,-1,-1
46,2,1260,1424,111,61,51,-1,-1
46,2,1261,1426,110,61,50,-1,-1
46,2,1262,1428,108,61,50,-1,-1
46,2,1263,1430,107,60,49,-1,-1
46,2,1264,1432,107,59,48,-1,-1
46,2,1265,1433,106,59,47,-1,-1
46,2,1266,1435,105,57,47,-1,-1
46,2,1267,1437,104,56,47,-1,-1
46,2,1268,1439,102,56,47,-1,-1
46,2,1269,1441,101,56,47,-1,-1
46,2,1270,1443,100,56,47,-1,-1
46,2,1271,1445,100,55,45,-1,-1
46,2,1272,1447,99,53,45,-1,-1
46,2,1273,1448,98,54,44,-1,-1
46,2,1274,1449,97,54,43,-1,-1
46,2,1275,1451,96,53,43,-1,-1
46,2,1276,1452,95,53,43,-1,-1
46,2,1277,1453,95,52,42,-1,-1
46,2,1278,1455,95,51,41,-1,-1
46,2,1279,1457,94,50,41,-1,-1
46,2,1280,1459,93,49,41,-1,-1
46,2,1281,1460,92,49,41,-1,-1
46,2,1282,1461,91,49,41,-1,-1
46,3,719,845,434,297,228,-1,-1
46,3,720,879,416,278,217,-1,-1
46,3,721,915,401,267,203,-1,-1
46,3,722,947,382,251,194,-1,-1
46,3,723,976,364,238,184,-1,-1
46,3,724,1005,349,225,175,-1,-1
46,3,725,1025,338,220,163,-1,-1
46,3,726,1045,324,210,159,-1,-1
46,3,727,1063,316,205,148,-1,-1
46,3,728,1086,305,194,142,-1,-1
46,3,729,1104,295,186,135,-1,-1
46,3,730,1119,286,180,129,-1,-1
46,3,731,1135,277,174,126,-1,-1
46,3,732,1150,272,166,119,-1,-1
46,3,733,1163,262,160,116,-1,-1
46,3,734,1176,255,152,111,-1,-1
46,3,735,1189,250,147,106,-1,-1
46,3,736,1204,246,139,99,-1,-1
46,3,737,1212,240,138,96,-1,-1
46,3,738,1221,233,135,95,-1,-1
46,3,739,1229,227,134,92,-1,-1
46,3,740,1242,223,125,88,-1,-1
46,3,741,1249,217,123,87,-1,-1
46,3,742,1257,213,121,85,-1,-1
46,3,743,1267,211,117,82,-1,-1
46,3,744,1274,205,112,82,-1,-1
46,3,745,1281,199,110,80,-1,-1
46,3,746,1288,197,107,78,-1,-1
46,3,747,1296,193,103,75,-1,-1
46,3,748,1301,189,102,74,-1,-1
46,3,749,1306,185,101,74,-1,-1
46,3,750,1312,182,97,71,-1,-1
46,3,751,1318,178,95,70,-1,-1
46,3,752,1324,175,94,68,-1,-1
46,3,753,1330,172,92,66,-1,-1
46,3,754,1333,169,91,66,-1,-1
46,3,755,1339,167,89,65,-1,-1
46,3,756,1343,164,88,64,-1,-1
46,3,757,1349,161,86,65,-1,-1
46,3,758,1353,158,83,64,-1,-1
46,3,759,1356,155,82,63,-1,-1
46,3,760,1359,153,81,62,-1,-1
46,3,761,1364,151,80,61,-1,-1
46,3,762,1369,149,78,60,-1,-1
46,3,763,1373,147,77,58,-1,-1
46,3,764,1376,144,76,57,-1,-1
46,3,765,1379,142,74,56,-1,-1
46,3,766,1383,140,73,56,-1,-1
46,3,767,1387,138,72,56,-1,-1
46,3,768,1390,136,71,56,-1,-1
46,3,769,1392,134,71,56,-1,-1
46,3,770,1395,132,70,56,-1,-1
46,3,771,1398,131,68,54,-1,-1
46,3,772,1402,130,67,53,-1,-1
46,3,773,1404,128,68,52,-1,-1
46,3,774,1406,127,68,50,-1,-1
46,3,775,1409,126,65,49,-1,-1
46,3,776,1412,124,63,49,-1,-1
46,3,777,1415,122,63,49,-1,-1
46,3,778,1418,121,62,48,-1,-1
46,3,779,1420,119,61,48,-1,-1
46,3,780,1422,118,60,47,-1,-1
46,3,781,1424,116,60,47,-1,-1
46,3,782,1427,115,60,47,-1,-1
46,3,783,1430,114,60,46,-1,-1
46,3,784,1432,112,59,47,-1,-1
46,3,785,1433,110,58,46,-1,-1
46,3,786,1435,109,57,45,-1,-1
46,3,787,1438,108,56,44,-1,-1
46,3,788,1441,107,55,44,-1,-1
46,3,789,1443,106,55,43,-1,-1
46,3,790,1443,105,54,42,-1,-1
46,3,791,1445,104,54,42,-1,-1
46,3,792,1448,102,53,42,-1,-1
46,3,793,1450,101,54,42,-1,-1
46,3,794,1451,101,54,42,-1,-1
46,3,795,1453,100,52,40,-1,-1
46,3,796,1454,99,51,39,-1,-1
46,5,1799,1396,144,75,58,-1,-1
46,5,1800,1400,142,73,56,-1,-1
46,5,1801,1403,139,72,55,-1,-1
46,5,1802,1407,138,71,53,-1,-1
46,5,1803,1411,136,70,52,-1,-1
46,5,1805,1417,131,67,53,-1,-1
46,5,1806,1419,129,67,53,-1,-1
46,5,1807,1422,127,66,52,-1,-1
46,5,1808,1426,125,64,51,-1,-1
46,5,1809,1428,124,63,51,-1,-1
46,5,1810,1431,122,62,50,-1,-1
46,5,1811,1433,120,61,50,-1,-1
46,5,1812,1435,118,62,50,-1,-1
46,5,1813,1438,116,61,50,-1,-1
46,5,1814,1440,114,59,50,-1,-1
46,5,1815,1442,114,58,49,-1,-1
46,5,1816,1444,112,57,48,-1,-1
46,5,1817,1446,110,57,48,-1,-1
46,5,1818,1449,109,57,47,-1,-1
46,5,1819,1451,108,57,46,-1,-1
46,5,1820,1452,108,56,45,-1,-1
46,5,1821,1454,107,54,44,-1,-1
46,5,1822,1457,105,52,44,-1,-1
46,5,1823,1460,103,50,44,-1,-1
46,5,1824,1462,101,49,44,-1,-1
46,5,1825,1463,101,49,44,-1,-1
46,5,1826,1464,100,49,43,-1,-1
46,5,1827,1466,99,49,42,-1,-1
46,7,343,1268,111,306,338,-1,-1
46,7,344,1280,116,291,323,-1,-1
46,7,345,1298,106,271,318,-1,-1
46,7,346,1314,109,255,294,-1,-1
46,7,347,1330,108,240,292,-1,-1
46,7,348,1340,105,230,283,-1,-1
46,7,349,1351,102,218,274,-1,-1
46,7,350,1357,98,214,257,-1,-1
46,7,351,1363,96,209,249,-1,-1
46,7,352,1370,94,203,243,-1,-1
46,7,353,1379,91,196,234,-1,-1
46,7,354,1387,92,189,223,-1,-1
46,7,355,1391,92,186,217,-1,-1
46,7,356,1395,90,182,212,-1,-1
46,7,357,1402,90,177,203,-1,-1
46,7,358,1408,89,173,197,-1,-1
46,7,359,1410,85,171,194,-1,-1
46,7,360,1416,83,166,194,-1,-1
46,7,361,1420,78,162,193,-1,-1
46,7,362,1427,78,155,185,-1,-1
46,7,363,1432,77,151,182,-1,-1
46,7,364,1437,76,146,176,-1,-1
46,7,365,1441,75,142,171,-1,-1
46,7,366,1444,80,138,164,-1,-1
46,7,367,1447,77,137,166,-1,-1
46,7,368,1451,75,133,162,-1,-1
46,7,369,1453,70,133,162,-1,-1
46,7,370,1457,68,128,160,-1,-1
46,7,371,1460,68,126,157,-1,-1
46,7,372,1463,67,123,155,-1,-1
46,7,373,1466,64,120,156,-1,-1
46,7,374,1468,62,119,154,-1,-1
46,7,375,1469,63,118,150,-1,-1
46,7,376,1472,62,115,147,-1,-1
46,7,377,1475,62,114,145,-1,-1
46,7,378,1477,63,113,141,-1,-1
46,7,379,1479,63,112,138,-1,-1
46,7,380,1480,63,110,135,-1,-1
46,7,381,1482,61,107,132,-1,-1
46,7,382,1485,60,105,130,-1,-1
46,7,383,1488,59,102,127,-1,-1
46,7,384,1491,58,99,126,-1,-1
46,7,385,1491,56,99,126,-1,-1
46,7,386,1493,54,97,123,-1,-1
46,7,387,1495,54,94,121,-1,-1
46,7,388,1498,55,92,119,-1,-1
46,7,389,1499,55,94,116,-1,-1
46,7,390,1500,55,93,116,-1,-1
46,7,391,1500,54,92,115,-1,-1
46,7,392,1501,54,91,113,-1,-1
46,7,393,1504,51,89,114,-1,-1
46,7,394,1506,50,87,112,-1,-1
46,7,395,1507,50,87,110,-1,-1
46,7,396,1508,49,86,109,-1,-1
46,7,397,1509,49,85,107,-1,-1
46,7,398,1510,48,84,107,-1,-1
46,7,399,1512,47,84,106,-1,-1
46,7,400,1512,47,84,105,-1,-1
46,7,401,1512,47,87,103,-1,-1
46,7,402,1514,48,82,101,-1,-1
46,7,403,1516,49,80,98,-1,-1
46,7,404,1518,48,78,98,-1,-1
46,7,405,1518,47,78,97,-1,-1
46,7,406,1518,46,78,97,-1,-1
46,7,407,1519,45,78,96,-1,-1
46,7,408,1520,45,77,94,-1,-1
46,7,409,1522,44,75,93,-1,-1
46,7,410,1523,43,75,92,-1,-1
46,7,411,1524,43,75,91,-1,-1
46,7,412,1525,42,73,90,-1,-1
46,7,413,1526,43,72,89,-1,-1
46,7,414,1528,43,71,88,-1,-1
46,7,415,1529,42,70,87,-1,-1
46,7,416,1530,41,70,86,-1,-1
46,7,417,1531,40,69,85,-1,-1
46,7,418,1532,41,69,84,-1,-1
46,7,419,1533,41,69,84,-1,-1
46,7,420,1534,41,67,83,-1,-1
46,7,421,1534,41,66,81,-1,-1
46,7,422,1534,40,66,80,-1,-1
46,7,423,1535,40,65,80,-1,-1
46,7,424,1537,39,64,79,-1,-1
46,7,425,1537,40,64,76,-1,-1
46,7,426,1537,40,63,74,-1,-1
46,7,427,1538,40,62,73,-1,-1
46,7,428,1539,39,62,73,-1,-1
46,7,429,1541,38,61,73,-1,-1
46,7,430,1541,38,62,72,-1,-1
46,7,431,1541,38,62,71,-1,-1
46,7,432,1542,37,61,71,-1,-1
46,7,433,1542,37,60,71,-1,-1
46,7,434,1543,37,60,70,-1,-1
46,7,435,1544,36,59,70,-1,-1
46,7,436,1545,36,58,70,-1,-1
46,7,437,1546,37,57,68,-1,-1
46,7,438,1548,37,56,67,-1,-1
46,7,439,1550,37,55,66,-1,-1
46,7,440,1549,36,56,67,-1,-1
46,7,441,1549,35,56,67,-1,-1
46,7,442,1549,34,56,66,-1,-1
46,7,443,1550,35,55,65,-1,-1
46,7,444,1551,35,55,64,-1,-1
46,7,445,1551,35,56,63,-1,-1
46,7,446,1551,35,55,63,-1,-1
46,7,447,1551,34,54,62,-1,-1
46,7,448,1554,35,53,61,-1,-1
46,7,449,1555,35,52,60,-1,-1
46,7,450,1556,35,52,60,-1,-1
46,7,451,1556,34,51,60,-1,-1
46,7,452,1556,32,52,61,-1,-1
46,7,453,1556,31,52,61,-1,-1
46,7,454,1557,31,52,61,-1,-1
46,7,455,1558,31,52,61,-1,-1
46,7,456,1557,31,52,60,-1,-1
46,7,457,1557,31,51,60,-1,-1
46,7,458,1558,31,51,59,-1,-1
46,7,459,1559,31,51,58,-1,-1
46,7,460,1560,31,51,58,-1,-1
46,7,461,1560,31,50,57,-1,-1
46,7,462,1560,31,50,56,-1,-1
46,7,463,1562,31,49,55,-1,-1
46,7,464,1563,31,48,56,-1,-1
46,7,465,1564,30,48,57,-1,-1
46,7,466,1564,29,48,57,-1,-1
46,7,467,1563,29,48,56,-1,-1
46,7,473,1567,30,47,51,-1,-1
46,8,153,985,374,233,198,-1,-1
46,8,156,1064,331,199,171,-1,-1
46,8,157,1083,319,193,154,-1,-1
46,8,158,1095,307,193,149,-1,-1
46,8,159,1117,296,180,141,-1,-1
46,8,160,1137,285,171,137,-1,-1
46,8,161,1151,275,166,131,-1,-1
46,8,162,1164,269,162,124,-1,-1
46,8,163,1180,260,155,122,-1,-1
46,8,164,1195,253,145,116,-1,-1
46,8,165,1209,245,140,112,-1,-1
46,8,166,1223,240,133,105,-1,-1
46,8,167,1232,233,129,102,-1,-1
46,8,168,1242,226,126,101,-1,-1
46,8,169,1252,221,121,97,-1,-1
46,8,170,1260,216,118,96,-1,-1
46,8,171,1270,211,113,91,-1,-1
46,8,172,1278,206,109,88,-1,-1
46,8,173,1285,202,108,85,-1,-1
46,8,174,1292,196,104,84,-1,-1
46,8,175,1300,191,102,82,-1,-1
46,8,176,1308,188,97,79,-1,-1
46,8,177,1313,184,97,78,-1,-1
46,8,178,1317,181,97,76,-1,-1
46,8,179,1324,178,94,74,-1,-1
46,8,180,1331,174,91,73,-1,-1
46,8,181,1337,169,89,75,-1,-1
46,8,182,1341,166,87,73,-1,-1
46,8,183,1346,163,86,71,-1,-1
46,8,184,1351,160,84,69,-1,-1
46,8,185,1355,156,83,69,-1,-1
46,8,186,1360,154,81,67,-1,-1
46,8,187,1364,152,79,65,-1,-1
46,8,188,1369,149,77,64,-1,-1
46,8,189,1372,147,77,63,-1,-1
46,8,190,1376,145,76,62,-1,-1
46,8,191,1381,143,74,61,-1,-1
46,8,192,1385,140,72,60,-1,-1
46,8,193,1387,136,72,62,-1,-1
46,8,194,1391,133,71,62,-1,-1
46,8,195,1394,133,70,60,-1,-1
46,8,196,1396,131,70,58,-1,-1
46,8,197,1400,130,68,56,-1,-1
46,8,198,1403,128,67,54,-1,-1
46,8,199,1405,126,67,55,-1,-1
46,8,200,1408,124,65,55,-1,-1
46,8,201,1412,122,63,53,-1,-1
46,8,202,1415,121,61,52,-1,-1
46,8,203,1418,119,61,52,-1,-1
46,8,204,1420,118,61,52,-1,-1
46,8,205,1423,117,60,51,-1,-1
46,8,206,1425,115,59,51,-1,-1
46,8,207,1428,113,59,51,-1,-1
46,8,208,1430,111,59,50,-1,-1
46,8,209,1432,110,59,49,-1,-1
46,8,210,1434,109,58,49,-1,-1
46,8,211,1436,108,57,48,-1,-1
46,8,212,1438,106,55,48,-1,-1
46,8,213,1440,106,55,46,-1,-1
46,8,214,1442,105,54,46,-1,-1
46,8,215,1444,103,53,46,-1,-1
46,8,216,1446,102,53,45,-1,-1
46,8,217,1448,101,53,45,-1,-1
46,8,218,1449,101,53,44,-1,-1
46,8,219,1451,100,52,43,-1,-1
46,8,220,1453,98,52,42,-1,-1
46,8,221,1455,97,51,41,-1,-1
46,8,222,1457,96,50,41,-1,-1
46,9,416,913,408,280,203,-1,-1
46,9,417,948,392,260,192,-1,-1
46,9,418,978,368,249,190,-1,-1
46,9,419,1002,351,243,181,-1,-1
46,9,420,1027,338,232,171,-1,-1
46,9,421,1056,329,214,157,-1,-1
46,9,422,1078,319,203,146,-1,-1
46,9,423,1094,306,198,142,-1,-1
46,9,424,1114,296,187,134,-1,-1
46,9,425,1125,287,184,127,-1,-1
46,9,426,1139,279,179,121,-1,-1
46,9,427,1157,270,169,117,-1,-1
46,9,428,1171,259,165,117,-1,-1
46,9,429,1186,255,156,109,-1,-1
46,9,430,1197,247,153,104,-1,-1
46,9,431,1206,240,148,101,-1,-1
46,9,432,1219,233,142,99,-1,-1
46,9,433,1231,227,135,96,-1,-1
46,9,434,1242,223,130,93,-1,-1
46,9,435,1250,217,128,90,-1,-1
46,9,436,1257,212,124,88,-1,-1
46,9,437,1266,208,121,85,-1,-1
46,9,438,1273,202,120,84,-1,-1
46,9,439,1282,199,115,81,-1,-1
46,9,440,1289,196,111,78,-1,-1
46,9,441,1294,191,109,78,-1,-1
46,9,442,1300,186,109,76,-1,-1
46,9,443,1307,183,106,75,-1,-1
46,9,444,1315,179,102,73,-1,-1
46,9,445,1320,175,99,72,-1,-1
46,9,446,1325,172,99,70,-1,-1
46,9,447,1329,169,97,69,-1,-1
46,9,448,1336,167,95,67,-1,-1
46,9,449,1340,164,95,68,-1,-1
46,9,450,1343,160,93,67,-1,-1
46,9,451,1348,157,91,66,-1,-1
46,9,452,1352,154,90,65,-1,-1
46,9,453,1356,152,89,64,-1,-1
46,9,454,1361,149,88,64,-1,-1
46,9,455,1367,147,86,63,-1,-1
46,9,456,1369,146,84,60,-1,-1
46,9,457,1372,143,83,60,-1,-1
46,9,458,1377,141,82,59,-1,-1
46,9,459,1382,139,80,58,-1,-1
46,9,460,1386,137,78,57,-1,-1
46,9,461,1387,135,77,57,-1,-1
46,9,462,1389,133,77,56,-1,-1
46,9,463,1392,131,76,55,-1,-1
46,9,464,1397,130,75,55,-1,-1
46,9,465,1400,128,73,54,-1,-1
46,9,466,1402,126,72,53,-1,-1
46,9,467,1404,125,71,52,-1,-1
46,9,468,1408,123,70,51,-1,-1
46,9,469,1412,122,68,52,-1,-1
46,9,470,1414,120,68,52,-1,-1
46,9,471,1416,119,67,51,-1,-1
46,9,472,1418,117,65,50,-1,-1
46,9,473,1421,116,66,50,-1,-1
46,9,474,1424,114,66,50,-1,-1
46,9,475,1427,113,65,49,-1,-1
46,9,476,1428,112,64,48,-1,-1
46,9,477,1430,110,62,48,-1,-1
46,9,478,1432,108,62,48,-1,-1
46,9,479,1434,108,62,47,-1,-1
46,9,480,1437,107,62,46,-1,-1
46,9,481,1439,106,60,45,-1,-1
46,9,482,1440,104,59,44,-1,-1
46,9,483,1442,103,58,45,-1,-1
46,9,484,1446,101,58,45,-1,-1
46,9,485,1447,101,58,43,-1,-1
46,9,486,1448,100,57,43,-1,-1
46,9,487,1449,98,56,43,-1,-1
46,9,488,1451,97,56,42,-1,-1
46,9,489,1454,97,55,42,-1,-1
46,9,490,1456,96,54,41,-1,-1
46,9,491,1457,96,54,40,-1,-1
46,9,492,1457,96,53,39,-1,-1
46,9,493,1459,95,53,39,-1,-1
46,9,494,1462,94,52,40,-1,-1
46,9,495,1464,92,51,40,-1,-1
46,9,496,1464,90,51,40,-1,-1
46,9,497,1465,89,51,40,-1,-1
46,10,202,923,545,299,392,-1,-1
46,10,213,1229,161,296,384,-1,-1
46,11,691,1199,461,285,225,-1,-1
46,11,692,1228,429,268,225,-1,-1
46,11,693,1261,401,240,215,-1,-1
46,11,694,1279,376,212,194,-1,-1
46,11,696,1319,341,195,175,-1,-1
46,11,697,1328,324,189,163,-1,-1
46,11,698,1337,310,184,155,-1,-1
46,11,699,1347,295,179,149,-1,-1
46,11,700,1360,283,167,142,-1,-1
46,11,701,1367,271,168,136,-1,-1
46,11,702,1377,260,161,130,-1,-1
46,11,703,1389,252,150,125,-1,-1
46,11,704,1396,244,144,118,-1,-1
46,11,705,1400,238,142,111,-1,-1
46,11,706,1410,231,135,105,-1,-1
46,11,707,1417,223,131,103,-1,-1
46,11,708,1419,216,128,100,-1,-1
46,11,709,1425,210,124,96,-1,-1
46,11,710,1432,204,119,92,-1,-1
46,11,711,1439,199,115,88,-1,-1
46,11,712,1446,194,111,87,-1,-1
46,11,713,1449,187,107,87,-1,-1
46,11,714,1453,183,103,84,-1,-1
46,11,715,1456,179,102,81,-1,-1
46,11,716,1461,174,99,79,-1,-1
46,11,717,1465,170,97,77,-1,-1
46,11,718,1468,167,94,75,-1,-1
46,11,719,1469,162,92,73,-1,-1
46,11,720,1471,157,91,73,-1,-1
46,11,721,1476,152,89,74,-1,-1
46,11,722,1481,150,86,71,-1,-1
46,11,723,1482,147,86,68,-1,-1
46,11,724,1484,146,84,65,-1,-1
46,11,725,1486,144,82,62,-1,-1
46,11,726,1489,141,81,61,-1,-1
46,11,727,1492,138,79,60,-1,-1
46,11,728,1493,135,77,60,-1,-1
46,11,729,1495,132,76,59,-1,-1
46,11,730,1496,129,75,58,-1,-1
46,11,731,1498,127,74,57,-1,-1
46,11,732,1501,125,72,57,-1,-1
46,11,733,1503,125,71,54,-1,-1
46,11,734,1504,123,69,52,-1,-1
46,11,735,1506,121,68,52,-1,-1
46,11,736,1509,118,67,51,-1,-1
46,11,737,1511,117,65,50,-1,-1
46,11,738,1514,115,64,51,-1,-1
46,11,739,1514,112,64,52,-1,-1
46,11,740,1515,111,63,51,-1,-1
46,11,741,1516,111,62,49,-1,-1
46,11,742,1518,110,61,48,-1,-1
46,11,743,1520,108,60,48,-1,-1
46,11,744,1520,106,60,48,-1,-1
46,11,745,1521,105,59,47,-1,-1
46,11,746,1522,104,58,46,-1,-1
46,11,747,1525,102,56,45,-1,-1
46,11,748,1527,100,55,45,-1,-1
46,11,749,1527,99,55,44,-1,-1
46,11,750,1528,98,55,43,-1,-1
46,11,751,1530,98,54,41,-1,-1
46,11,752,1532,97,53,41,-1,-1
46,11,753,1533,95,52,41,-1,-1
46,11,754,1533,93,52,42,-1,-1
46,11,755,1534,91,51,42,-1,-1
46,11,756,1536,90,50,41,-1,-1
46,11,757,1537,89,50,41,-1,-1
46,12,1354,1206,508,325,328,-1,-1
46,12,1355,1242,515,298,268,-1,-1
46,12,1356,1262,404,291,323,-1,-1
46,12,1357,1283,402,260,263,-1,-1
46,12,1358,1300,384,245,249,-1,-1
46,12,1359,1315,369,230,229,-1,-1
46,12,1360,1328,356,223,218,-1,-1
46,12,1361,1341,341,210,207,-1,-1
46,12,1362,1352,328,201,199,-1,-1
46,12,1363,1358,315,197,184,-1,-1
46,12,1364,1370,307,177,171,-1,-1
46,12,1365,1377,295,180,166,-1,-1
46,12,1366,1386,284,174,164,-1,-1
46,12,1367,1391,276,170,156,-1,-1
46,12,1368,1395,269,167,149,-1,-1
46,12,1369,1403,259,160,147,-1,-1
46,12,1370,1410,251,156,145,-1,-1
46,12,1371,1415,243,152,141,-1,-1
46,12,1372,1418,237,147,136,-1,-1
46,12,1373,1423,233,140,129,-1,-1
46,12,1374,1428,227,137,124,-1,-1
46,12,1375,1433,222,135,122,-1,-1
46,12,1376,1438,216,130,118,-1,-1
46,12,1377,1442,212,123,113,-1,-1
46,12,1378,1444,207,121,111,-1,-1
46,12,1379,1448,202,117,108,-1,-1
46,12,1380,1451,197,116,106,-1,-1
46,12,1381,1454,193,114,105,-1,-1
46,12,1382,1457,190,111,102,-1,-1
46,12,1383,1459,186,110,100,-1,-1
46,12,1384,1462,183,108,97,-1,-1
46,12,1385,1466,181,107,94,-1,-1
46,12,1386,1468,177,105,93,-1,-1
46,12,1387,1470,175,105,91,-1,-1
46,12,1388,1473,171,102,89,-1,-1
46,12,1389,1475,168,101,87,-1,-1
46,12,1390,1477,165,99,87,-1,-1
46,12,1391,1479,161,97,85,-1,-1
46,12,1392,1482,159,94,84,-1,-1
46,12,1393,1484,156,92,82,-1,-1
46,12,1394,1485,156,90,79,-1,-1
46,12,1395,1488,154,88,78,-1,-1
46,12,1396,1490,150,87,79,-1,-1
46,12,1397,1491,146,87,79,-1,-1
46,12,1398,1491,144,86,77,-1,-1
46,12,1399,1493,141,85,78,-1,-1
46,12,1400,1495,143,84,74,-1,-1
46,12,1401,1497,140,82,72,-1,-1
46,12,1402,1498,137,81,72,-1,-1
46,12,1403,1499,137,80,69,-1,-1
46,12,1404,1500,135,78,67,-1,-1
46,12,1405,1503,132,76,69,-1,-1
46,12,1406,1504,130,76,68,-1,-1
46,12,1407,1504,128,76,66,-1,-1
46,12,1408,1504,128,75,64,-1,-1
46,12,1409,1505,125,74,65,-1,-1
46,12,1410,1506,123,73,65,-1,-1
46,12,1411,1508,123,72,64,-1,-1
46,12,1412,1509,122,71,62,-1,-1
46,12,1413,1510,119,70,61,-1,-1
46,12,1414,1511,117,68,61,-1,-1
46,12,1415,1513,117,67,60,-1,-1
46,12,1416,1515,116,66,61,-1,-1
46,12,1417,1516,114,66,59,-1,-1
46,12,1418,1517,113,64,58,-1,-1
46,12,1419,1518,111,63,58,-1,-1
46,12,1420,1519,111,63,58,-1,-1
46,12,1421,1520,111,63,57,-1,-1
46,12,1422,1521,110,62,56,-1,-1
46,12,1423,1519,108,62,55,-1,-1
46,12,1424,1519,107,62,54,-1,-1
46,12,1425,1520,105,63,55,-1,-1
46,12,1426,1522,104,63,55,-1,-1
46,12,1427,1523,104,62,53,-1,-1
46,12,1428,1523,103,61,53,-1,-1
46,12,1429,1523,101,61,53,-1,-1
46,12,1430,1526,99,59,52,-1,-1
46,12,1431,1528,99,58,52,-1,-1
46,12,1432,1529,98,58,51,-1,-1
46,12,1433,1529,99,57,48,-1,-1
46,12,1434,1529,98,56,48,-1,-1
46,12,1435,1530,96,55,48,-1,-1
46,12,1436,1531,94,55,48,-1,-1
46,12,1437,1532,93,55,48,-1,-1
46,12,1438,1533,92,54,48,-1,-1
46,12,1439,1533,91,53,47,-1,-1
46,12,1440,1534,90,53,47,-1,-1
46,12,1441,1536,90,52,47,-1,-1
46,12,1442,1537,90,51,46,-1,-1
46,12,1443,1537,89,51,46,-1,-1
46,12,1444,1537,88,51,45,-1,-1
46,12,1445,1537,87,51,46,-1,-1
46,12,1446,1539,87,50,45,-1,-1
46,12,1447,1541,87,48,44,-1,-1
46,12,1448,1541,86,48,44,-1,-1
46,13,471,918,372,283,221,-1,-1
46,13,472,950,359,269,208,-1,-1
46,13,473,983,336,251,205,-1,-1
46,13,474,1009,331,244,186,-1,-1
46,13,475,1032,319,235,178,-1,-1
46,13,476,1068,309,210,167,-1,-1
46,13,477,1081,297,205,161,-1,-1
46,13,478,1096,288,201,154,-1,-1
46,13,479,1118,278,188,151,-1,-1
46,13,480,1132,271,184,144,-1,-1
46,13,481,1145,264,178,136,-1,-1
46,13,482,1159,255,168,131,-1,-1
46,13,483,1171,249,166,127,-1,-1
46,13,484,1187,242,159,121,-1,-1
46,13,485,1200,238,152,115,-1,-1
46,13,486,1209,230,146,111,-1,-1
46,13,487,1221,223,142,108,-1,-1
46,13,488,1233,217,137,104,-1,-1
46,13,489,1243,213,133,102,-1,-1
46,13,490,1252,208,128,98,-1,-1
46,13,491,1260,203,125,97,-1,-1
46,13,492,1267,197,120,96,-1,-1
46,13,493,1275,193,119,93,-1,-1
46,13,494,1284,190,116,90,-1,-1
46,13,495,1292,186,111,87,-1,-1
46,13,496,1297,182,108,86,-1,-1
46,13,497,1302,179,108,83,-1,-1
46,13,498,1309,176,105,82,-1,-1
46,13,499,1316,172,103,81,-1,-1
46,13,500,1323,169,100,79,-1,-1
46,13,501,1328,167,98,77,-1,-1
46,13,502,1334,164,94,74,-1,-1
46,13,503,1338,161,93,74,-1,-1
46,13,504,1343,159,93,72,-1,-1
46,13,505,1348,156,91,71,-1,-1
46,13,506,1351,153,88,72,-1,-1
46,13,507,1356,149,86,71,-1,-1
46,13,508,1361,147,84,69,-1,-1
46,13,509,1366,145,83,68,-1,-1
46,13,510,1370,143,82,67,-1,-1
46,13,511,1372,141,81,66,-1,-1
46,13,512,1376,138,79,65,-1,-1
46,13,513,1380,137,77,64,-1,-1
46,13,514,1385,135,76,63,-1,-1
46,13,515,1388,134,76,61,-1,-1
46,13,516,1391,131,75,61,-1,-1
46,13,517,1394,129,74,60,-1,-1
46,13,518,1397,127,73,59,-1,-1
46,13,519,1401,125,72,58,-1,-1
46,13,520,1405,123,70,59,-1,-1
46,13,521,1406,122,70,58,-1,-1
46,13,522,1407,121,69,55,-1,-1
46,13,523,1412,121,68,53,-1,-1
46,13,524,1416,120,67,53,-1,-1
46,13,525,1419,118,66,53,-1,-1
46,13,526,1421,116,64,52,-1,-1
46,13,527,1423,114,62,51,-1,-1
46,13,528,1425,113,63,51,-1,-1
46,13,529,1428,112,63,51,-1,-1
46,13,530,1431,110,62,51,-1,-1
46,13,531,1432,108,61,50,-1,-1
46,13,532,1433,107,61,49,-1,-1
46,13,533,1435,106,60,48,-1,-1
46,13,534,1439,105,59,48,-1,-1
46,13,535,1442,104,58,47,-1,-1
46,13,536,1443,103,57,46,-1,-1
46,13,537,1444,102,56,46,-1,-1
46,13,538,1446,100,56,46,-1,-1
46,13,539,1449,99,56,45,-1,-1
46,13,540,1451,98,55,45,-1,-1
46,13,541,1453,97,54,44,-1,-1
46,13,542,1454,96,53,44,-1,-1
46,13,543,1456,95,53,44,-1,-1
46,13,544,1458,94,52,44,-1,-1
46,13,545,1461,93,51,43,-1,-1
46,13,546,1462,91,51,43,-1,-1
46,13,547,1462,90,51,43,-1,-1
46,13,548,1463,90,51,42,-1,-1
46,13,549,1466,89,50,41,-1,-1
46,14,1147,1095,462,308,401,-1,-1
46,14,1150,1226,315,322,396,-1,-1
46,14,1152,1245,253,304,389,-1,-1
46,14,1154,1221,203,325,388,-1,-1
46,14,1155,1235,170,326,395,-1,-1
46,14,1157,1262,140,309,381,-1,-1
46,14,1158,1267,107,308,367,-1,-1
46,14,1159,1281,98,289,371,-1,-1
46,14,1160,1292,100,275,350,-1,-1
46,14,1161,1300,99,270,346,-1,-1
46,14,1162,1312,95,256,334,-1,-1
46,14,1163,1319,98,250,309,-1,-1
46,14,1164,1331,94,237,313,-1,-1
46,14,1165,1338,91,229,300,-1,-1
46,14,1166,1342,90,230,298,-1,-1
46,14,1167,1351,87,221,293,-1,-1
46,14,1168,1358,80,215,288,-1,-1
46,14,1169,1366,81,209,272,-1,-1
46,14,1170,1372,84,203,264,-1,-1
46,14,1171,1376,81,200,256,-1,-1
46,14,1172,1382,76,196,254,-1,-1
46,14,1173,1390,75,189,248,-1,-1
46,14,1174,1394,71,185,244,-1,-1
46,14,1175,1396,68,183,239,-1,-1
46,14,1176,1400,68,179,233,-1,-1
46,14,1177,1403,68,177,226,-1,-1
46,14,1178,1407,65,174,224,-1,-1
46,14,1179,1411,64,170,218,-1,-1
46,14,1181,1417,64,165,210,-1,-1
46,14,1183,1426,67,160,193,-1,-1
46,14,1184,1429,66,157,191,-1,-1
46,14,1185,1431,65,154,189,-1,-1
46,14,1186,1435,65,151,186,-1,-1
46,14,1187,1439,62,147,184,-1,-1
46,14,1188,1441,61,145,181,-1,-1
46,14,1189,1444,60,143,179,-1,-1
46,14,1190,1445,57,142,178,-1,-1
46,14,1191,1448,55,138,175,-1,-1
46,14,1192,1452,55,134,171,-1,-1
46,14,1193,1454,56,133,167,-1,-1
46,14,1194,1457,55,131,167,-1,-1
46,14,1195,1458,54,129,164,-1,-1
46,14,1196,1460,54,127,161,-1,-1
46,14,1197,1464,52,124,161,-1,-1
46,14,1198,1467,52,122,160,-1,-1
46,14,1199,1468,51,120,157,-1,-1
46,14,1200,1470,50,118,155,-1,-1
46,14,1201,1473,51,115,151,-1,-1
46,14,1202,1475,51,113,150,-1,-1
46,14,1203,1477,50,112,149,-1,-1
46,14,1204,1478,49,112,147,-1,-1
46,14,1205,1479,48,111,145,-1,-1
46,14,1206,1480,48,110,143,-1,-1
46,14,1207,1482,47,108,141,-1,-1
46,14,1208,1483,47,108,138,-1,-1
46,14,1209,1484,47,107,136,-1,-1
46,14,1210,1486,46,105,134,-1,-1
46,14,1211,1487,46,104,133,-1,-1
46,14,1212,1489,46,103,132,-1,-1
46,14,1213,1491,46,103,131,-1,-1
46,14,1214,1492,45,102,132,-1,-1
46,14,1215,1493,44,101,131,-1,-1
46,14,1216,1493,44,101,129,-1,-1
46,14,1217,1497,44,97,126,-1,-1
46,14,1218,1499,44,95,123,-1,-1
46,14,1219,1500,44,93,121,-1,-1
46,14,1220,1500,43,93,120,-1,-1
46,14,1221,1500,42,94,119,-1,-1
46,14,1222,1501,41,94,118,-1,-1
46,14,1223,1504,41,92,118,-1,-1
46,14,1224,1506,41,90,117,-1,-1
46,14,1225,1506,41,89,116,-1,-1
46,14,1226,1507,41,88,115,-1,-1
46,14,1227,1508,40,87,113,-1,-1
46,14,1228,1509,40,88,112,-1,-1
46,14,1229,1510,39,88,112,-1,-1
46,14,1230,1511,40,86,111,-1,-1
46,14,1231,1512,40,85,110,-1,-1
46,14,1232,1514,39,84,108,-1,-1
46,14,1233,1515,39,83,106,-1,-1
46,14,1234,1516,39,82,104,-1,-1
46,14,1235,1516,39,81,103,-1,-1
46,14,1236,1516,39,81,102,-1,-1
46,14,1237,1516,38,81,101,-1,-1
46,14,1238,1518,38,81,102,-1,-1
46,14,1239,1520,37,80,101,-1,-1
46,14,1240,1521,37,78,99,-1,-1
46,14,1241,1521,36,77,99,-1,-1
46,14,1242,1522,36,77,99,-1,-1
46,14,1243,1524,37,76,98,-1,-1
46,14,1244,1525,37,75,97,-1,-1
46,14,1245,1525,37,75,97,-1,-1
46,14,1246,1525,37,75,96,-1,-1
46,14,1247,1525,36,75,96,-1,-1
46,14,1248,1527,36,74,94,-1,-1
46,14,1249,1528,36,73,93,-1,-1
46,14,1250,1529,35,72,93,-1,-1
46,14,1251,1529,35,72,93,-1,-1
46,14,1252,1530,34,71,93,-1,-1
46,14,1253,1531,33,71,92,-1,-1
46,14,1254,1531,33,71,91,-1,-1
46,14,1255,1532,33,70,90,-1,-1
46,14,1256,1532,33,70,89,-1,-1
46,14,1257,1533,32,69,89,-1,-1
46,14,1258,1535,32,67,89,-1,-1
46,14,1259,1536,32,66,87,-1,-1
46,14,1260,1537,32,66,86,-1,-1
46,14,1261,1538,32,65,85,-1,-1
46,14,1262,1538,31,65,85,-1,-1
46,14,1263,1539,31,64,85,-1,-1
46,14,1264,1540,31,63,83,-1,-1
46,14,1265,1540,31,63,82,-1,-1
46,14,1266,1540,31,64,81,-1,-1
46,14,1267,1540,31,64,81,-1,-1
46,14,1268,1541,30,63,81,-1,-1
46,14,1269,1541,30,63,81,-1,-1
46,14,1270,1542,30,62,81,-1,-1
46,14,1271,1543,30,61,81,-1,-1
46,14,1272,1543,29,61,81,-1,-1
46,14,1273,1545,29,60,79,-1,-1
46,14,1274,1546,29,59,78,-1,-1
46,14,1275,1547,29,58,78,-1,-1
46,14,1276,1547,29,58,77,-1,-1
46,14,1277,1547,29,58,76,-1,-1
46,14,1278,1547,28,58,76,-1,-1
46,14,1279,1548,28,58,75,-1,-1
46,14,1280,1549,28,57,74,-1,-1
46,14,1281,1549,28,57,74,-1,-1
46,14,1282,1549,27,58,74,-1,-1
46,14,1283,1549,27,58,74,-1,-1
46,14,1284,1550,27,57,73,-1,-1
46,14,1285,1551,27,57,73,-1,-1
46,14,1286,1551,27,57,72,-1,-1
46,14,1287,1551,28,56,71,-1,-1
46,14,1288,1551,28,56,70,-1,-1
46,14,1289,1552,27,56,70,-1,-1
46,14,1290,1553,27,56,70,-1,-1
46,14,1291,1554,27,55,70,-1,-1
46,14,1292,1554,26,54,70,-1,-1
46,14,1293,1555,26,54,70,-1,-1
46,14,1294,1556,26,53,69,-1,-1
46,14,1295,1556,26,54,69,-1,-1
46,14,1296,1556,26,54,68,-1,-1
46,14,1297,1556,26,53,67,-1,-1
46,14,1298,1556,26,53,67,-1,-1
46,14,1299,1558,25,53,68,-1,-1
46,14,1300,1559,24,52,68,-1,-1
46,14,1301,1559,24,52,68,-1,-1
46,14,1302,1559,24,51,67,-1,-1
46,14,1303,1559,25,51,67,-1,-1
46,14,1304,1561,25,50,66,-1,-1
46,14,1305,1562,25,49,65,-1,-1
46,14,1306,1562,25,49,65,-1,-1
46,14,1307,1562,24,49,64,-1,-1
46,14,1308,1562,24,49,64,-1,-1
46,14,1309,1562,24,49,64,-1,-1
46,14,1310,1563,24,50,64,-1,-1
46,14,1311,1563,24,50,63,-1,-1
46,14,1312,1563,23,49,63,-1,-1
46,14,1313,1563,23,50,62,-1,-1
46,14,1314,1564,23,50,61,-1,-1
46,14,1315,1565,23,49,61,-1,-1
46,14,1316,1566,23,48,61,-1,-1
46,14,1317,1566,23,48,61,-1,-1
46,14,1318,1566,23,48,60,-1,-1
46,14,1319,1566,23,48,60,-1,-1
46,14,1320,1567,23,47,60,-1,-1
46,14,1321,1568,23,47,60,-1,-1
46,14,1322,1568,23,47,59,-1,-1
46,14,1323,1569,23,46,59,-1,-1
46,14,1324,1570,23,45,58,-1,-1
46,14,1325,1570,23,46,57,-1,-1
46,14,1326,1570,23,46,57,-1,-1
46,14,1327,1570,23,46,56,-1,-1
46,14,1328,1570,23,46,57,-1,-1
46,14,1329,1571,22,46,57,-1,-1
46,14,1330,1571,22,46,56,-1,-1
46,14,1331,1572,22,45,56,-1,-1
46,14,1332,1573,22,44,55,-1,-1
46,14,1333,1573,22,44,55,-1,-1
46,14,1334,1574,22,43,54,-1,-1
46,14,1335,1575,22,44,55,-1,-1
46,14,1336,1575,22,44,54,-1,-1
46,14,1337,1576,22,43,54,-1,-1
46,14,1338,1576,22,42,53,-1,-1
46,14,1339,1576,22,42,53,-1,-1
46,14,1340,1577,21,42,53,-1,-1
46,14,1341,1577,21,42,53,-1,-1
46,14,1342,1577,21,42,53,-1,-1
46,14,1343,1577,21,42,53,-1,-1
46,14,1344,1577,21,42,52,-1,-1
46,14,1345,1578,21,42,52,-1,-1
46,14,1346,1579,21,42,52,-1,-1
46,14,1347,1578,21,42,52,-1,-1
46,14,1348,1578,20,42,52,-1,-1
46,14,1349,1579,20,41,52,-1,-1
46,14,1350,1580,21,42,51,-1,-1
46,14,1351,1580,21,42,50,-1,-1
46,14,1352,1580,21,42,50,-1,-1
46,14,1353,1580,20,42,50,-1,-1
46,14,1354,1580,20,42,50,-1,-1
46,14,1355,1580,20,42,49,-1,-1
46,14,1356,1581,20,41,49,-1,-1
46,15,1976,956,407,218,161,-1,-1
46,16,1195,954,391,233,176,-1,-1
46,16,1196,974,375,230,173,-1,-1
46,16,1197,1004,362,215,165,-1,-1
46,18,1414,905,356,280,218,-1,-1
46,18,1415,935,341,265,207,-1,-1
46,18,1416,964,331,250,197,-1,-1
46,18,1417,991,316,237,189,-1,-1
46,18,1418,1012,302,227,185,-1,-1
46,18,1419,1039,296,209,171,-1,-1
46,18,1420,1053,287,208,163,-1,-1
46,18,1421,1070,278,201,156,-1,-1
46,18,1422,1088,269,191,151,-1,-1
46,18,1423,1104,264,185,144,-1,-1
46,18,1424,1119,256,178,141,-1,-1
46,18,1425,1134,249,171,135,-1,-1
46,18,1426,1147,245,166,128,-1,-1
46,18,1427,1161,238,159,123,-1,-1
46,18,1428,1171,231,153,120,-1,-1
46,18,1429,1184,224,146,118,-1,-1
46,18,1430,1194,219,143,113,-1,-1
46,18,1431,1205,212,140,112,-1,-1
46,18,1432,1216,209,134,107,-1,-1
46,18,1433,1225,207,126,102,-1,-1
46,18,1434,1233,201,124,102,-1,-1
46,18,1435,1240,196,123,98,-1,-1
46,18,1436,1250,196,119,94,-1,-1
46,18,1437,1258,191,115,92,-1,-1
46,18,1438,1264,186,112,91,-1,-1
46,18,1439,1269,184,110,88,-1,-1
46,18,1440,1276,180,106,89,-1,-1
46,18,1441,1284,178,104,85,-1,-1
46,18,1442,1290,174,102,84,-1,-1
46,18,1443,1293,171,102,83,-1,-1
46,18,1444,1299,168,99,84,-1,-1
46,18,1445,1306,166,95,81,-1,-1
46,18,1446,1312,163,95,80,-1,-1
46,18,1447,1317,160,93,79,-1,-1
46,18,1448,1320,157,92,78,-1,-1
46,18,1449,1324,154,89,77,-1,-1
46,18,1450,1330,151,86,77,-1,-1
46,18,1451,1333,148,88,77,-1,-1
46,18,1452,1338,146,84,76,-1,-1
46,18,1453,1341,143,83,76,-1,-1
46,18,1454,1345,141,82,76,-1,-1
46,18,1455,1350,139,79,73,-1,-1
46,18,1456,1354,137,78,73,-1,-1
46,18,1457,1357,135,78,73,-1,-1
46,18,1458,1360,134,76,71,-1,-1
46,18,1459,1364,132,74,69,-1,-1
46,18,1460,1368,131,73,68,-1,-1
46,18,1461,1371,129,73,68,-1,-1
46,18,1462,1374,127,72,68,-1,-1
46,18,1463,1376,125,71,68,-1,-1
46,18,1464,1379,122,70,69,-1,-1
46,18,1465,1383,120,69,68,-1,-1
46,18,1466,1387,120,67,65,-1,-1
46,18,1467,1389,118,67,65,-1,-1
46,18,1468,1391,115,66,65,-1,-1
46,18,1469,1394,113,65,65,-1,-1
46,18,1470,1397,113,65,65,-1,-1
46,18,1471,1400,112,63,63,-1,-1
46,18,1472,1402,111,61,62,-1,-1
46,18,1473,1404,112,60,62,-1,-1
46,18,1474,1405,111,61,60,-1,-1
46,18,1475,1407,111,62,59,-1,-1
46,18,1476,1410,109,61,60,-1,-1
46,18,1477,1412,107,60,60,-1,-1
46,18,1478,1414,106,60,58,-1,-1
46,18,1479,1416,105,60,57,-1,-1
46,18,1481,1420,102,58,58,-1,-1
46,18,1482,1423,100,56,58,-1,-1
46,18,1483,1425,99,53,57,-1,-1
46,18,1484,1426,98,54,56,-1,-1
46,18,1485,1428,97,54,56,-1,-1
46,18,1486,1430,97,55,55,-1,-1
46,18,1487,1432,96,55,54,-1,-1
46,18,1488,1434,98,54,52,-1,-1
46,18,1489,1435,97,54,51,-1,-1
46,18,1490,1436,97,53,50,-1,-1
46,18,1491,1438,95,53,51,-1,-1
46,18,1492,1440,92,53,52,-1,-1
46,18,1493,1441,91,52,52,-1,-1
46,18,1494,1443,90,51,51,-1,-1
46,18,1495,1445,89,49,51,-1,-1
46,18,1496,1448,90,48,50,-1,-1
46,18,1497,1449,90,49,49,-1,-1
46,18,1498,1450,89,50,48,-1,-1
46,18,1499,1451,88,49,48,-1,-1
46,18,1500,1452,87,47,48,-1,-1
46,18,1501,1455,86,46,48,-1,-1
46,18,1502,1457,85,45,48,-1,-1
46,18,1503,1458,84,46,48,-1,-1
46,18,1504,1459,83,46,48,-1,-1
46,18,1505,1460,83,46,47,-1,-1
46,18,1506,1462,82,45,46,-1,-1
46,19,1326,891,477,295,220,-1,-1
46,19,1327,930,450,272,208,-1,-1
46,19,1328,953,431,262,192,-1,-1
46,19,1329,979,414,252,176,-1,-1
46,19,1330,1017,397,234,167,-1,-1
46,19,1331,1052,380,211,162,-1,-1
46,19,1332,1075,367,198,157,-1,-1
46,19,1333,1084,353,207,150,-1,-1
46,19,1334,1100,338,199,149,-1,-1
46,19,1335,1122,327,187,138,-1,-1
46,19,1336,1138,315,181,136,-1,-1
46,19,1337,1150,306,175,129,-1,-1
46,19,1338,1166,299,167,125,-1,-1
46,19,1339,1185,287,155,130,-1,-1
46,19,1340,1193,277,158,124,-1,-1
46,19,1341,1207,271,150,119,-1,-1
46,19,1342,1216,266,146,112,-1,-1
46,19,1343,1222,257,147,115,-1,-1
46,19,1344,1235,253,141,104,-1,-1
46,19,1345,1247,245,134,107,-1,-1
46,19,1346,1254,240,132,101,-1,-1
46,19,1347,1263,232,126,101,-1,-1
46,19,1348,1268,228,126,102,-1,-1
46,19,1349,1276,224,122,100,-1,-1
46,19,1350,1285,219,117,98,-1,-1
46,19,1351,1293,217,112,92,-1,-1
46,19,1352,1299,211,111,89,-1,-1
46,19,1353,1307,208,107,87,-1,-1
46,19,1354,1315,203,100,86,-1,-1
46,19,1355,1321,199,97,83,-1,-1
46,19,1356,1324,195,97,83,-1,-1
46,19,1357,1328,191,98,81,-1,-1
46,19,1358,1333,186,95,81,-1,-1
46,19,1359,1339,183,91,81,-1,-1
46,19,1360,1344,181,91,78,-1,-1
46,19,1361,1349,177,89,76,-1,-1
46,19,1362,1353,173,86,74,-1,-1
46,19,1363,1356,170,85,73,-1,-1
46,19,1364,1360,168,84,71,-1,-1
46,19,1365,1367,167,77,66,-1,-1
46,19,1366,1371,165,76,65,-1,-1
46,19,1367,1373,161,79,64,-1,-1
46,19,1368,1375,159,78,63,-1,-1
46,19,1369,1379,156,78,65,-1,-1
46,19,1370,1383,154,77,64,-1,-1
46,19,1371,1387,152,73,62,-1,-1
46,19,1372,1389,150,71,60,-1,-1
46,19,1373,1392,147,72,60,-1,-1
46,19,1374,1395,145,72,59,-1,-1
46,19,1375,1399,144,70,57,-1,-1
46,19,1376,1402,143,68,55,-1,-1
46,19,1377,1403,141,67,55,-1,-1
46,19,1378,1405,138,67,54,-1,-1
46,19,1379,1407,137,68,53,-1,-1
46,19,1380,1410,135,68,53,-1,-1
46,19,1381,1414,133,65,52,-1,-1
46,19,1382,1416,132,63,50,-1,-1
46,19,1383,1417,131,61,49,-1,-1
46,19,1384,1419,130,60,49,-1,-1
46,19,1385,1422,128,58,49,-1,-1
46,19,1386,1424,125,58,50,-1,-1
46,19,1387,1426,123,57,50,-1,-1
46,19,1388,1426,122,58,49,-1,-1
46,19,1389,1429,120,58,49,-1,-1
46,19,1390,1432,119,58,48,-1,-1
46,19,1391,1434,118,57,47,-1,-1
46,19,1392,1435,117,56,46,-1,-1
46,19,1393,1436,115,56,46,-1,-1
46,19,1394,1437,114,56,45,-1,-1
46,19,1395,1439,113,56,44,-1,-1
46,19,1396,1441,113,55,43,-1,-1
46,19,1397,1443,112,54,42,-1,-1
46,19,1398,1444,110,53,42,-1,-1
46,19,1399,1446,109,52,42,-1,-1
46,19,1400,1448,108,51,42,-1,-1
46,19,1401,1450,108,51,41,-1,-1
46,19,1402,1451,107,51,40,-1,-1
46,19,1403,1452,105,51,40,-1,-1
46,22,1356,901,364,285,201,-1,-1
46,22,1357,927,352,270,192,-1,-1
46,22,1358,955,338,258,185,-1,-1
46,22,1359,980,322,245,178,-1,-1
46,22,1360,1016,319,224,165,-1,-1
46,22,1361,1038,311,215,157,-1,-1
46,22,1362,1058,302,205,149,-1,-1
46,22,1363,1068,293,202,143,-1,-1
46,22,1364,1086,284,193,138,-1,-1
46,22,1365,1100,275,191,135,-1,-1
46,22,1366,1115,267,183,129,-1,-1
46,22,1367,1127,259,180,128,-1,-1
46,22,1368,1138,253,175,123,-1,-1
46,22,1369,1154,247,168,118,-1,-1
46,22,1370,1166,240,164,116,-1,-1
46,22,1371,1178,234,158,113,-1,-1
46,22,1372,1188,228,151,110,-1,-1
46,22,1373,1199,224,146,106,-1,-1
46,22,1374,1209,219,140,103,-1,-1
46,22,1375,1220,215,135,99,-1,-1
46,22,1376,1228,209,134,97,-1,-1
46,22,1377,1236,207,130,95,-1,-1
46,22,1378,1244,202,125,94,-1,-1
46,22,1379,1252,197,124,91,-1,-1
46,22,1380,1261,193,118,90,-1,-1
46,22,1381,1268,188,117,89,-1,-1
46,22,1382,1273,184,113,87,-1,-1
46,22,1383,1279,183,110,85,-1,-1
46,22,1384,1285,179,107,83,-1,-1
46,22,1385,1292,175,104,83,-1,-1
46,22,1386,1298,172,103,82,-1,-1
46,22,1387,1302,169,102,81,-1,-1
46,22,1388,1307,167,100,78,-1,-1
46,22,1389,1313,165,98,76,-1,-1
46,22,1390,1317,162,96,77,-1,-1
46,22,1391,1322,159,95,75,-1,-1
46,22,1392,1325,157,95,73,-1,-1
46,22,1393,1330,154,90,72,-1,-1
46,22,1394,1334,152,90,72,-1,-1
46,22,1395,1339,150,88,71,-1,-1
46,22,1396,1344,149,84,68,-1,-1
46,22,1397,1347,147,81,68,-1,-1
46,22,1398,1350,144,81,67,-1,-1
46,22,1399,1354,143,79,66,-1,-1
46,22,1400,1359,141,79,66,-1,-1
46,22,1401,1363,139,78,64,-1,-1
46,22,1402,1365,137,77,62,-1,-1
46,22,1403,1367,136,76,61,-1,-1
46,22,1404,1370,134,75,61,-1,-1
46,22,1405,1374,131,74,62,-1,-1
46,22,1406,1378,130,73,62,-1,-1
46,22,1407,1380,129,72,59,-1,-1
46,22,1408,1382,128,73,59,-1,-1
46,22,1409,1384,126,73,59,-1,-1
46,22,1410,1387,125,72,58,-1,-1
46,22,1411,1390,124,71,56,-1,-1
46,22,1412,1393,122,70,55,-1,-1
46,22,1413,1395,121,68,55,-1,-1
46,22,1414,1397,120,67,54,-1,-1
46,22,1415,1400,118,66,53,-1,-1
46,22,1416,1403,117,65,53,-1,-1
46,22,1417,1406,115,65,53,-1,-1
46,22,1418,1407,114,65,52,-1,-1
46,22,1419,1409,113,65,52,-1,-1
46,22,1420,1412,112,64,51,-1,-1
46,22,1421,1415,110,62,51,-1,-1
46,22,1422,1417,109,61,50,-1,-1
46,22,1423,1418,108,60,49,-1,-1
46,22,1424,1420,107,61,48,-1,-1
46,22,1425,1422,106,60,48,-1,-1
46,22,1426,1425,105,59,48,-1,-1
46,22,1427,1428,103,58,47,-1,-1
46,22,1428,1430,102,56,47,-1,-1
46,22,1429,1431,101,57,46,-1,-1
46,22,1430,1433,100,57,46,-1,-1
46,22,1431,1435,99,55,46,-1,-1
46,22,1432,1437,98,54,45,-1,-1
46,22,1433,1438,97,53,45,-1,-1
46,22,1434,1439,96,52,44,-1,-1
46,22,1435,1442,96,50,43,-1,-1
46,22,1436,1445,95,48,43,-1,-1
46,22,1437,1446,95,51,43,-1,-1
46,22,1438,1447,93,51,42,-1,-1
46,22,1439,1448,92,50,42,-1,-1
46,23,1180,1415,70,166,208,-1,-1
46,23,1182,1420,64,164,210,-1,-1
46,24,1377,846,442,295,234,-1,-1
46,24,1378,873,423,285,213,-1,-1
46,24,1379,903,411,272,197,-1,-1
46,24,1380,939,397,252,186,-1,-1
46,24,1381,966,380,237,181,-1,-1
46,24,1382,1004,371,213,166,-1,-1
46,24,1383,1024,359,208,157,-1,-1
46,24,1384,1042,344,204,152,-1,-1
46,24,1385,1058,335,204,144,-1,-1
46,24,1386,1075,326,193,137,-1,-1
46,24,1387,1089,315,187,131,-1,-1
46,24,1388,1104,306,179,125,-1,-1
46,24,1389,1119,299,171,120,-1,-1
46,24,1390,1134,289,168,119,-1,-1
46,24,1391,1148,282,161,114,-1,-1
46,24,1392,1162,274,154,110,-1,-1
46,24,1393,1172,269,147,105,-1,-1
46,24,1394,1183,261,144,103,-1,-1
46,24,1395,1195,256,138,98,-1,-1
46,24,1396,1205,251,134,95,-1,-1
46,24,1397,1213,245,130,93,-1,-1
46,24,1398,1222,239,127,91,-1,-1
46,24,1399,1230,235,125,88,-1,-1
46,24,1400,1239,230,123,86,-1,-1
46,24,1401,1249,224,117,83,-1,-1
46,24,1402,1255,221,114,81,-1,-1
46,24,1403,1261,216,112,79,-1,-1
46,24,1404,1270,212,108,78,-1,-1
46,24,1405,1276,209,106,76,-1,-1
46,24,1406,1283,204,103,75,-1,-1
46,24,1407,1289,200,100,74,-1,-1
46,24,1408,1293,197,98,72,-1,-1
46,24,1409,1299,193,96,69,-1,-1
46,24,1410,1304,190,95,69,-1,-1
46,24,1411,1309,187,94,67,-1,-1
46,24,1412,1314,184,92,66,-1,-1
46,24,1413,1317,182,91,63,-1,-1
46,24,1414,1322,179,90,63,-1,-1
46,24,1415,1327,175,88,62,-1,-1
46,24,1416,1333,172,86,61,-1,-1
46,24,1417,1337,171,84,60,-1,-1
46,24,1418,1340,168,82,60,-1,-1
46,24,1419,1343,165,83,59,-1,-1
46,24,1420,1347,163,81,58,-1,-1
46,24,1421,1352,160,78,57,-1,-1
46,24,1422,1356,157,76,57,-1,-1
46,24,1423,1357,156,77,56,-1,-1
46,24,1424,1360,154,76,55,-1,-1
46,24,1425,1364,152,74,54,-1,-1
46,24,1426,1368,151,74,53,-1,-1
46,24,1427,1372,149,72,52,-1,-1
46,24,1428,1374,147,71,50,-1,-1
46,24,1429,1377,145,70,50,-1,-1
46,24,1430,1380,143,71,50,-1,-1
46,24,1431,1383,141,70,50,-1,-1
46,24,1432,1387,138,69,50,-1,-1
46,24,1433,1389,137,69,50,-1,-1
46,24,1434,1391,135,68,48,-1,-1
46,24,1435,1394,134,66,47,-1,-1
46,24,1436,1397,133,65,47,-1,-1
46,24,1437,1398,131,65,47,-1,-1
46,24,1438,1400,130,65,46,-1,-1
46,24,1439,1402,127,64,46,-1,-1
46,24,1440,1405,125,63,46,-1,-1
46,24,1441,1408,124,62,46,-1,-1
46,24,1442,1411,124,60,45,-1,-1
46,24,1443,1413,123,59,44,-1,-1
46,24,1444,1415,121,59,44,-1,-1
46,24,1445,1416,119,59,44,-1,-1
46,24,1446,1419,119,58,42,-1,-1
46,24,1447,1422,118,57,42,-1,-1
46,24,1448,1422,116,57,41,-1,-1
46,24,1449,1424,115,56,40,-1,-1
46,24,1450,1426,114,56,40,-1,-1
46,24,1451,1428,112,56,40,-1,-1
46,24,1452,1430,111,55,40,-1,-1
46,24,1453,1431,110,55,39,-1,-1
46,24,1454,1433,109,53,39,-1,-1
46,24,1456,1437,107,52,39,-1,-1
46,24,1458,1440,105,52,39,-1,-1
46,25,2538,818,478,294,216,-1,-1
46,25,2539,869,455,268,199,-1,-1
46,25,2540,898,431,257,185,-1,-1
46,25,2541,922,413,252,170,-1,-1
46,25,2542,973,397,217,159,-1,-1
46,25,2543,996,380,208,154,-1,-1
46,25,2544,1020,365,200,143,-1,-1
46,25,2545,1041,346,195,143,-1,-1
46,25,2546,1064,334,185,135,-1,-1
46,25,2547,1083,325,178,123,-1,-1
46,25,2548,1100,313,172,118,-1,-1
46,25,2549,1116,303,166,116,-1,-1
46,25,2550,1133,292,160,112,-1,-1
46,25,2551,1149,286,152,105,-1,-1
46,25,2552,1164,274,144,105,-1,-1
46,25,2553,1180,269,137,99,-1,-1
46,25,2554,1188,263,136,94,-1,-1
46,25,2555,1203,257,130,91,-1,-1
46,25,2556,1212,248,127,90,-1,-1
46,25,2557,1222,242,123,88,-1,-1
46,25,2558,1230,237,121,85,-1,-1
46,25,2559,1243,230,116,82,-1,-1
46,25,2560,1252,224,112,80,-1,-1
46,25,2561,1259,219,110,79,-1,-1
46,25,2562,1266,215,107,76,-1,-1
46,25,2563,1273,212,105,73,-1,-1
46,25,2564,1282,207,102,70,-1,-1
46,25,2565,1290,203,99,69,-1,-1
46,25,2566,1298,198,96,68,-1,-1
46,25,2567,1302,194,93,66,-1,-1
46,25,2568,1309,190,91,65,-1,-1
46,25,2569,1316,186,88,66,-1,-1
46,25,2570,1322,183,87,64,-1,-1
46,25,2571,1327,180,85,62,-1,-1
46,25,2572,1331,176,84,61,-1,-1
46,25,2573,1337,172,82,61,-1,-1
46,25,2574,1341,170,82,59,-1,-1
46,25,2575,1347,168,80,57,-1,-1
46,25,2576,1353,165,77,56,-1,-1
46,25,2577,1356,162,75,55,-1,-1
46,25,2578,1359,159,75,54,-1,-1
46,25,2579,1364,157,72,53,-1,-1
46,25,2580,1370,154,71,53,-1,-1
46,25,2581,1372,151,71,54,-1,-1
46,25,2582,1375,149,70,52,-1,-1
46,25,2583,1378,147,68,51,-1,-1
46,25,2584,1382,145,67,51,-1,-1
46,25,2585,1387,143,66,50,-1,-1
46,25,2586,1391,141,65,49,-1,-1
46,25,2587,1393,139,64,49,-1,-1
46,25,2588,1395,137,64,48,-1,-1
46,25,2589,1398,135,63,47,-1,-1
46,25,2590,1403,133,61,47,-1,-1
46,25,2591,1405,131,62,47,-1,-1
46,25,2592,1407,130,61,46,-1,-1
46,25,2593,1409,128,60,45,-1,-1
46,25,2594,1412,126,60,46,-1,-1
46,25,2595,1416,124,58,46,-1,-1
46,25,2596,1419,123,57,45,-1,-1
46,25,2597,1421,122,57,44,-1,-1
46,25,2598,1423,120,56,44,-1,-1
46,25,2599,1425,119,56,43,-1,-1
46,25,2600,1428,117,55,42,-1,-1
46,25,2601,1430,115,55,42,-1,-1
46,25,2602,1432,114,54,41,-1,-1
46,25,2603,1433,113,54,41,-1,-1
46,25,2604,1435,111,53,41,-1,-1
46,25,2605,1438,110,52,41,-1,-1
46,25,2606,1441,109,51,40,-1,-1
46,28,1974,865,450,269,180,-1,-1
46,28,1975,902,428,253,169,-1,-1
46,28,1978,1007,368,205,149,-1,-1
46,28,1979,1028,352,201,139,-1,-1
46,28,1980,1054,338,191,135,-1,-1
46,28,1981,1080,325,179,126,-1,-1
46,28,1982,1101,313,171,120,-1,-1
46,28,1983,1119,303,165,116,-1,-1
46,28,1984,1137,293,161,112,-1,-1
46,28,1985,1155,282,153,107,-1,-1
46,28,1986,1169,273,146,104,-1,-1
46,28,1987,1184,264,140,100,-1,-1
46,28,1988,1195,256,138,95,-1,-1
46,28,1989,1209,249,133,91,-1,-1
46,28,1990,1222,242,127,88,-1,-1
46,28,1991,1234,236,121,84,-1,-1
46,28,1992,1246,228,116,82,-1,-1
46,28,1993,1254,222,113,80,-1,-1
46,28,1994,1262,217,112,78,-1,-1
46,28,1995,1273,213,107,75,-1,-1
46,28,1996,1281,208,104,72,-1,-1
46,28,1997,1289,202,101,71,-1,-1
46,28,1998,1296,197,99,70,-1,-1
46,28,1999,1306,194,94,67,-1,-1
46,28,2000,1312,190,93,64,-1,-1
46,28,2001,1319,185,90,62,-1,-1
46,28,2002,1325,181,87,61,-1,-1
46,28,2003,1331,178,85,59,-1,-1
46,28,2004,1337,173,85,60,-1,-1
46,28,2005,1342,169,84,60,-1,-1
46,28,2006,1348,167,82,58,-1,-1
46,28,2007,1353,163,79,58,-1,-1
46,28,2008,1358,161,77,56,-1,-1
46,28,2009,1363,158,75,54,-1,-1
46,28,2010,1368,155,74,53,-1,-1
46,28,2011,1373,152,72,54,-1,-1
46,28,2012,1376,149,71,53,-1,-1
46,28,2013,1379,147,71,51,-1,-1
46,28,2014,1384,145,69,51,-1,-1
46,28,2015,1389,142,69,50,-1,-1
46,28,2016,1393,139,67,51,-1,-1
46,28,2017,1395,137,66,51,-1,-1
46,28,2018,1399,136,65,49,-1,-1
46,28,2019,1403,134,64,48,-1,-1
46,28,2020,1406,132,64,47,-1,-1
46,28,2021,1409,130,63,46,-1,-1
46,28,2022,1412,128,61,45,-1,-1
46,28,2023,1415,126,60,45,-1,-1
46,28,2024,1418,124,59,46,-1,-1
46,28,2025,1422,122,58,46,-1,-1
46,28,2026,1425,121,57,44,-1,-1
46,28,2027,1426,120,56,43,-1,-1
46,28,2028,1429,118,56,43,-1,-1
46,28,2029,1432,115,56,43,-1,-1
46,28,2030,1435,115,56,42,-1,-1
46,28,2031,1436,114,55,41,-1,-1
46,28,2032,1438,112,54,40,-1,-1
46,28,2033,1440,110,53,41,-1,-1
46,28,2034,1443,108,53,41,-1,-1
46,28,2035,1446,108,52,40,-1,-1
46,29,2635,1270,395,220,200,-1,-1
46,29,2636,1286,376,211,190,-1,-1
46,29,2637,1301,358,198,173,-1,-1
46,29,2638,1320,340,181,162,-1,-1
46,29,2639,1332,329,175,148,-1,-1
46,29,2640,1346,321,166,134,-1,-1
46,29,2641,1357,308,156,124,-1,-1
46,29,2642,1366,300,152,113,-1,-1
46,29,2643,1376,289,145,109,-1,-1
46,29,2644,1384,278,139,104,-1,-1
46,29,2645,1393,269,135,99,-1,-1
46,29,2646,1400,259,129,97,-1,-1
46,29,2647,1406,250,124,94,-1,-1
46,29,2648,1411,244,122,90,-1,-1
46,29,2649,1417,237,118,85,-1,-1
46,29,2650,1424,231,114,81,-1,-1
46,29,2651,1431,224,110,79,-1,-1
46,29,2652,1435,217,107,77,-1,-1
46,29,2653,1439,211,103,75,-1,-1
46,29,2654,1443,205,101,74,-1,-1
46,29,2655,1449,200,97,73,-1,-1
46,29,2656,1453,196,96,71,-1,-1
46,29,2657,1455,190,94,71,-1,-1
46,29,2658,1458,186,91,69,-1,-1
46,29,2659,1461,183,90,66,-1,-1
46,29,2660,1466,181,87,64,-1,-1
46,29,2661,1471,176,86,62,-1,-1
46,29,2662,1473,172,84,61,-1,-1
46,29,2663,1475,169,82,59,-1,-1
46,29,2664,1478,165,80,58,-1,-1
46,29,2665,1481,162,79,57,-1,-1
46,29,2666,1484,159,78,55,-1,-1
46,29,2667,1486,155,77,56,-1,-1
46,29,2668,1487,152,76,55,-1,-1
46,29,2669,1490,150,74,54,-1,-1
46,29,2670,1492,147,72,53,-1,-1
46,29,2671,1494,145,71,52,-1,-1
46,29,2672,1497,143,70,50,-1,-1
46,29,2673,1498,140,69,50,-1,-1
46,29,2674,1499,137,67,50,-1,-1
46,29,2675,1501,135,66,50,-1,-1
46,29,2676,1504,133,66,48,-1,-1
46,29,2677,1506,131,65,47,-1,-1
46,29,2678,1506,129,64,47,-1,-1
46,29,2679,1507,127,64,47,-1,-1
46,29,2680,1508,124,63,47,-1,-1
46,29,2681,1511,123,62,46,-1,-1
46,29,2682,1513,121,60,45,-1,-1
46,29,2683,1514,120,59,44,-1,-1
46,29,2684,1515,118,58,43,-1,-1
46,29,2685,1516,117,58,43,-1,-1
46,29,2686,1519,115,57,42,-1,-1
46,29,2687,1521,114,56,41,-1,-1
46,29,2688,1520,112,57,41,-1,-1
46,29,2689,1521,111,57,40,-1,-1
46,29,2690,1522,110,56,40,-1,-1
46,29,2691,1524,108,55,40,-1,-1
46,29,2692,1526,107,54,39,-1,-1
46,29,2693,1525,105,54,38,-1,-1
46,30,2460,917,404,274,223,-1,-1
46,30,2461,951,386,257,218,-1,-1
46,30,2462,975,369,246,204,-1,-1
46,30,2463,1009,353,232,190,-1,-1
46,30,2464,1037,342,217,180,-1,-1
46,30,2465,1048,331,218,175,-1,-1
46,30,2466,1073,320,204,167,-1,-1
46,30,2467,1087,310,196,156,-1,-1
46,30,2468,1108,301,187,149,-1,-1
46,30,2469,1124,292,180,141,-1,-1
46,30,2470,1136,282,175,136,-1,-1
46,30,2471,1152,273,169,134,-1,-1
46,30,2472,1166,267,161,129,-1,-1
46,30,2473,1180,258,154,124,-1,-1
46,30,2474,1193,253,147,115,-1,-1
46,30,2475,1204,246,142,113,-1,-1
46,30,2476,1213,240,139,111,-1,-1
46,30,2477,1219,234,139,106,-1,-1
46,30,2478,1230,227,135,105,-1,-1
46,30,2479,1239,223,131,100,-1,-1
46,30,2480,1250,216,125,100,-1,-1
46,30,2481,1257,215,123,96,-1,-1
46,30,2482,1264,211,119,95,-1,-1
46,30,2483,1274,206,114,92,-1,-1
46,30,2484,1279,202,115,89,-1,-1
46,30,2485,1288,197,109,88,-1,-1
46,30,2486,1293,193,107,86,-1,-1
46,30,2500,1361,151,83,70,-1,-1
46,30,2501,1364,148,82,68,-1,-1
46,30,2502,1367,145,81,69,-1,-1
46,30,2503,1371,145,80,68,-1,-1
46,30,2504,1374,143,78,66,-1,-1
46,30,2505,1378,140,77,67,-1,-1
46,30,2506,1381,137,75,67,-1,-1
46,30,2507,1384,135,74,66,-1,-1
46,30,2508,1387,134,73,65,-1,-1
46,30,2509,1391,132,72,66,-1,-1
46,30,2510,1394,130,71,63,-1,-1
46,30,2511,1396,129,71,62,-1,-1
46,30,2512,1398,128,70,59,-1,-1
46,30,2513,1402,126,68,59,-1,-1
46,30,2514,1406,125,67,57,-1,-1
46,30,2515,1409,124,66,57,-1,-1
46,30,2516,1409,121,66,58,-1,-1
46,30,2517,1411,119,65,57,-1,-1
46,30,2518,1413,119,64,56,-1,-1
46,30,2519,1416,118,64,55,-1,-1
46,30,2520,1419,116,63,55,-1,-1
46,30,2521,1422,114,61,55,-1,-1
46,30,2522,1423,112,61,56,-1,-1
46,30,2523,1425,112,62,55,-1,-1
46,30,2524,1428,111,62,54,-1,-1
46,30,2525,1431,110,60,53,-1,-1
46,30,2526,1433,108,59,53,-1,-1
46,30,2527,1434,107,58,52,-1,-1
46,30,2528,1435,106,58,51,-1,-1
46,30,2529,1437,105,58,50,-1,-1
46,30,2530,1439,104,58,49,-1,-1
46,30,2531,1441,103,57,50,-1,-1
46,30,2532,1441,101,56,50,-1,-1
46,30,2533,1443,100,56,49,-1,-1
46,30,2534,1447,99,55,49,-1,-1
46,30,2535,1449,100,55,47,-1,-1
46,30,2536,1450,99,55,46,-1,-1
46,30,2537,1450,97,54,47,-1,-1
46,30,2538,1452,96,53,46,-1,-1
46,30,2539,1455,95,52,45,-1,-1
46,30,2540,1458,95,51,44,-1,-1
46,30,2541,1457,94,52,44,-1,-1
46,30,2542,1458,93,52,44,-1,-1
46,30,2543,1460,93,52,43,-1,-1
46,30,2544,1463,92,50,43,-1,-1
46,30,2545,1465,91,50,43,-1,-1
46,30,2546,1466,90,50,43,-1,-1
46,30,2547,1466,89,49,43,-1,-1
46,30,2548,1467,88,49,42,-1,-1
46,34,2661,923,428,269,184,-1,-1
46,34,2662,963,404,246,174,-1,-1
46,34,2663,993,386,233,164,-1,-1
46,34,2665,1049,351,212,146,-1,-1
46,34,2666,1078,339,197,138,-1,-1
46,34,2667,1096,324,188,131,-1,-1
46,34,2668,1113,312,182,125,-1,-1
46,34,2669,1132,303,175,116,-1,-1
46,34,2670,1148,293,170,111,-1,-1
46,34,2671,1165,283,161,107,-1,-1
46,34,2672,1180,272,155,104,-1,-1
46,34,2673,1195,265,147,101,-1,-1
46,34,2674,1206,257,144,97,-1,-1
46,34,2675,1219,250,138,93,-1,-1
46,34,2676,1233,243,132,91,-1,-1
46,34,2677,1244,237,128,88,-1,-1
46,34,2678,1252,229,123,87,-1,-1
46,34,2679,1261,224,119,84,-1,-1
46,34,2680,1272,218,115,84,-1,-1
46,34,2681,1281,214,113,81,-1,-1
46,34,2682,1290,208,109,80,-1,-1
46,34,2683,1296,204,105,78,-1,-1
46,34,2684,1302,199,103,76,-1,-1
46,34,2685,1310,196,101,74,-1,-1
46,34,2686,1317,190,99,73,-1,-1
46,34,2687,1324,186,96,74,-1,-1
46,34,2688,1328,183,94,72,-1,-1
46,34,2689,1334,180,92,69,-1,-1
46,34,2690,1340,175,90,69,-1,-1
46,34,2691,1347,171,88,68,-1,-1
46,34,2692,1351,168,87,67,-1,-1
46,34,2693,1355,165,85,66,-1,-1
46,34,2694,1359,162,84,65,-1,-1
